  0.108800E-04  0.262706E+06  0.262706E+06  0.350273E+06  0.350272E+06  0.000000E+00  0.262706E+06
  0.112487E-04  0.262706E+06  0.262706E+06  0.350272E+06  0.350272E+06  0.000000E+00  0.262706E+06
  0.116300E-04  0.262706E+06  0.262706E+06  0.350272E+06  0.350272E+06  0.000000E+00  0.262706E+06
  0.120242E-04  0.262706E+06  0.262706E+06  0.350272E+06  0.350272E+06  0.000000E+00  0.262706E+06
  0.124318E-04  0.262706E+06  0.262706E+06  0.350272E+06  0.350272E+06  0.000000E+00  0.262706E+06
  0.128531E-04  0.262706E+06  0.262706E+06  0.350272E+06  0.350272E+06  0.000000E+00  0.262706E+06
  0.132888E-04  0.262706E+06  0.262706E+06  0.350272E+06  0.350271E+06  0.000000E+00  0.262706E+06
  0.137392E-04  0.262706E+06  0.262706E+06  0.350271E+06  0.350271E+06  0.000000E+00  0.262706E+06
  0.142049E-04  0.262706E+06  0.262706E+06  0.350271E+06  0.350271E+06  0.000000E+00  0.262706E+06
  0.146864E-04  0.262706E+06  0.262706E+06  0.350271E+06  0.350271E+06  0.000000E+00  0.262706E+06
  0.151842E-04  0.262706E+06  0.262706E+06  0.350271E+06  0.350270E+06  0.000000E+00  0.262706E+06
  0.156989E-04  0.262706E+06  0.262706E+06  0.350270E+06  0.350270E+06  0.000000E+00  0.262706E+06
  0.162310E-04  0.262706E+06  0.262706E+06  0.350270E+06  0.350270E+06  0.000000E+00  0.262706E+06
  0.167811E-04  0.262706E+06  0.262706E+06  0.350270E+06  0.350270E+06  0.000000E+00  0.262706E+06
  0.173499E-04  0.262706E+06  0.262706E+06  0.350270E+06  0.350269E+06  0.000000E+00  0.262706E+06
  0.179380E-04  0.262706E+06  0.262706E+06  0.350269E+06  0.350269E+06  0.000000E+00  0.262706E+06
  0.185460E-04  0.262706E+06  0.262706E+06  0.350269E+06  0.350268E+06  0.000000E+00  0.262706E+06
  0.191746E-04  0.262706E+06  0.262706E+06  0.350269E+06  0.350268E+06  0.000000E+00  0.262706E+06
  0.198246E-04  0.262706E+06  0.262706E+06  0.350268E+06  0.350268E+06  0.000000E+00  0.262706E+06
  0.204965E-04  0.262706E+06  0.262706E+06  0.350268E+06  0.350267E+06  0.000000E+00  0.262706E+06
  0.211913E-04  0.262706E+06  0.262705E+06  0.350267E+06  0.350267E+06  0.000000E+00  0.262706E+06
  0.219095E-04  0.262706E+06  0.262705E+06  0.350267E+06  0.350266E+06  0.000000E+00  0.262706E+06
  0.226522E-04  0.262705E+06  0.262705E+06  0.350266E+06  0.350265E+06  0.000000E+00  0.262705E+06
  0.234200E-04  0.262705E+06  0.262705E+06  0.350266E+06  0.350265E+06  0.000000E+00  0.262705E+06
  0.242138E-04  0.262705E+06  0.262705E+06  0.350265E+06  0.350264E+06  0.000000E+00  0.262705E+06
  0.250345E-04  0.262705E+06  0.262705E+06  0.350264E+06  0.350263E+06  0.000000E+00  0.262705E+06
  0.258831E-04  0.262705E+06  0.262705E+06  0.350264E+06  0.350263E+06  0.000000E+00  0.262705E+06
  0.267604E-04  0.262705E+06  0.262705E+06  0.350263E+06  0.350262E+06  0.000000E+00  0.262705E+06
  0.276674E-04  0.262705E+06  0.262705E+06  0.350262E+06  0.350261E+06  0.000000E+00  0.262705E+06
  0.286052E-04  0.262705E+06  0.262705E+06  0.350261E+06  0.350260E+06  0.000000E+00  0.262705E+06
  0.295748E-04  0.262705E+06  0.262705E+06  0.350261E+06  0.350259E+06  0.000000E+00  0.262705E+06
  0.305772E-04  0.262705E+06  0.262705E+06  0.350260E+06  0.350258E+06  0.000000E+00  0.262705E+06
  0.316136E-04  0.262705E+06  0.262705E+06  0.350259E+06  0.350257E+06  0.000000E+00  0.262705E+06
  0.326852E-04  0.262705E+06  0.262705E+06  0.350257E+06  0.350256E+06  0.000000E+00  0.262705E+06
  0.337931E-04  0.262705E+06  0.262705E+06  0.350256E+06  0.350254E+06  0.000000E+00  0.262705E+06
  0.349385E-04  0.262705E+06  0.262705E+06  0.350255E+06  0.350253E+06  0.000000E+00  0.262705E+06
  0.361227E-04  0.262705E+06  0.262705E+06  0.350254E+06  0.350252E+06  0.000000E+00  0.262705E+06
  0.373471E-04  0.262705E+06  0.262705E+06  0.350252E+06  0.350250E+06  0.000000E+00  0.262705E+06
  0.386130E-04  0.262705E+06  0.262705E+06  0.350251E+06  0.350248E+06  0.000000E+00  0.262705E+06
  0.399218E-04  0.262705E+06  0.262705E+06  0.350249E+06  0.350247E+06  0.000000E+00  0.262705E+06
  0.412749E-04  0.262705E+06  0.262705E+06  0.350247E+06  0.350245E+06  0.000000E+00  0.262705E+06
  0.426740E-04  0.262705E+06  0.262704E+06  0.350246E+06  0.350243E+06  0.000000E+00  0.262705E+06
  0.441204E-04  0.262705E+06  0.262704E+06  0.350244E+06  0.350240E+06  0.000000E+00  0.262705E+06
  0.456159E-04  0.262704E+06  0.262704E+06  0.350241E+06  0.350238E+06  0.000000E+00  0.262704E+06
  0.471620E-04  0.262704E+06  0.262704E+06  0.350239E+06  0.350236E+06  0.000000E+00  0.262704E+06
  0.487606E-04  0.262704E+06  0.262704E+06  0.350237E+06  0.350233E+06  0.000000E+00  0.262704E+06
  0.504133E-04  0.262704E+06  0.262704E+06  0.350234E+06  0.350230E+06  0.000000E+00  0.262704E+06
  0.521221E-04  0.262704E+06  0.262704E+06  0.350231E+06  0.350227E+06  0.000000E+00  0.262704E+06
  0.538888E-04  0.262704E+06  0.262704E+06  0.350228E+06  0.350224E+06  0.000000E+00  0.262704E+06
  0.557153E-04  0.262704E+06  0.262704E+06  0.350225E+06  0.350220E+06  0.000000E+00  0.262704E+06
  0.576038E-04  0.262704E+06  0.262703E+06  0.350222E+06  0.350216E+06  0.000000E+00  0.262704E+06
  0.595563E-04  0.262704E+06  0.262703E+06  0.350218E+06  0.350212E+06  0.000000E+00  0.262703E+06
  0.615750E-04  0.262703E+06  0.262703E+06  0.350214E+06  0.350208E+06  0.000000E+00  0.262703E+06
  0.636621E-04  0.262703E+06  0.262703E+06  0.350210E+06  0.350204E+06  0.000000E+00  0.262703E+06
  0.658199E-04  0.262703E+06  0.262703E+06  0.350206E+06  0.350199E+06  0.000000E+00  0.262703E+06
  0.680509E-04  0.262703E+06  0.262702E+06  0.350201E+06  0.350193E+06  0.000000E+00  0.262703E+06
  0.703575E-04  0.262703E+06  0.262702E+06  0.350196E+06  0.350188E+06  0.000000E+00  0.262703E+06
  0.727422E-04  0.262702E+06  0.262702E+06  0.350190E+06  0.350182E+06  0.000000E+00  0.262702E+06
  0.752079E-04  0.262702E+06  0.262702E+06  0.350185E+06  0.350176E+06  0.000000E+00  0.262702E+06
  0.777570E-04  0.262702E+06  0.262701E+06  0.350178E+06  0.350169E+06  0.000000E+00  0.262702E+06
  0.803926E-04  0.262702E+06  0.262701E+06  0.350172E+06  0.350161E+06  0.000000E+00  0.262702E+06
  0.831175E-04  0.262701E+06  0.262701E+06  0.350165E+06  0.350154E+06  0.000000E+00  0.262701E+06
  0.859348E-04  0.262701E+06  0.262700E+06  0.350157E+06  0.350145E+06  0.000000E+00  0.262701E+06
  0.888476E-04  0.262701E+06  0.262700E+06  0.350149E+06  0.350136E+06  0.000000E+00  0.262701E+06
  0.918591E-04  0.262700E+06  0.262700E+06  0.350140E+06  0.350127E+06  0.000000E+00  0.262700E+06
  0.949726E-04  0.262700E+06  0.262699E+06  0.350131E+06  0.350117E+06  0.000000E+00  0.262700E+06
  0.981917E-04  0.262700E+06  0.262699E+06  0.350121E+06  0.350106E+06  0.000000E+00  0.262699E+06
  0.101520E-03  0.262699E+06  0.262698E+06  0.350111E+06  0.350094E+06  0.000000E+00  0.262699E+06
  0.104961E-03  0.262699E+06  0.262698E+06  0.350100E+06  0.350082E+06  0.000000E+00  0.262699E+06
  0.108519E-03  0.262698E+06  0.262697E+06  0.350087E+06  0.350069E+06  0.000000E+00  0.262698E+06
  0.112197E-03  0.262698E+06  0.262697E+06  0.350075E+06  0.350054E+06  0.000000E+00  0.262697E+06
  0.116000E-03  0.262697E+06  0.262696E+06  0.350061E+06  0.350039E+06  0.000000E+00  0.262697E+06
  0.119932E-03  0.262696E+06  0.262695E+06  0.350046E+06  0.350023E+06  0.000000E+00  0.262696E+06
  0.123997E-03  0.262696E+06  0.262695E+06  0.350030E+06  0.350006E+06  0.000000E+00  0.262696E+06
  0.128200E-03  0.262695E+06  0.262694E+06  0.350014E+06  0.349987E+06  0.000000E+00  0.262695E+06
  0.132545E-03  0.262694E+06  0.262693E+06  0.349996E+06  0.349967E+06  0.000000E+00  0.262694E+06
  0.137038E-03  0.262694E+06  0.262692E+06  0.349976E+06  0.349946E+06  0.000000E+00  0.262693E+06
  0.141683E-03  0.262693E+06  0.262691E+06  0.349956E+06  0.349924E+06  0.000000E+00  0.262693E+06
  0.146485E-03  0.262692E+06  0.262690E+06  0.349934E+06  0.349900E+06  0.000000E+00  0.262692E+06
  0.151450E-03  0.262691E+06  0.262689E+06  0.349910E+06  0.349874E+06  0.000000E+00  0.262691E+06
  0.156583E-03  0.262690E+06  0.262688E+06  0.349885E+06  0.349846E+06  0.000000E+00  0.262690E+06
  0.161891E-03  0.262689E+06  0.262687E+06  0.349858E+06  0.349817E+06  0.000000E+00  0.262688E+06
  0.167378E-03  0.262688E+06  0.262685E+06  0.349830E+06  0.349785E+06  0.000000E+00  0.262687E+06
  0.173051E-03  0.262686E+06  0.262684E+06  0.349799E+06  0.349751E+06  0.000000E+00  0.262686E+06
  0.178917E-03  0.262685E+06  0.262683E+06  0.349766E+06  0.349715E+06  0.000000E+00  0.262685E+06
  0.184981E-03  0.262684E+06  0.262681E+06  0.349731E+06  0.349677E+06  0.000000E+00  0.262683E+06
  0.191251E-03  0.262682E+06  0.262679E+06  0.349694E+06  0.349636E+06  0.000000E+00  0.262682E+06
  0.197734E-03  0.262680E+06  0.262677E+06  0.349654E+06  0.349592E+06  0.000000E+00  0.262680E+06
  0.204436E-03  0.262679E+06  0.262675E+06  0.349611E+06  0.349544E+06  0.000000E+00  0.262678E+06
  0.211366E-03  0.262677E+06  0.262673E+06  0.349566E+06  0.349494E+06  0.000000E+00  0.262676E+06
  0.218530E-03  0.262675E+06  0.262671E+06  0.349517E+06  0.349440E+06  0.000000E+00  0.262674E+06
  0.225937E-03  0.262673E+06  0.262669E+06  0.349465E+06  0.349383E+06  0.000000E+00  0.262672E+06
  0.233595E-03  0.262670E+06  0.262666E+06  0.349409E+06  0.349322E+06  0.000000E+00  0.262670E+06
  0.241513E-03  0.262668E+06  0.262663E+06  0.349349E+06  0.349256E+06  0.000000E+00  0.262667E+06
  0.249699E-03  0.262665E+06  0.262660E+06  0.349285E+06  0.349186E+06  0.000000E+00  0.262665E+06
  0.258162E-03  0.262663E+06  0.262657E+06  0.349217E+06  0.349111E+06  0.000000E+00  0.262662E+06
  0.266913E-03  0.262660E+06  0.262654E+06  0.349145E+06  0.349031E+06  0.000000E+00  0.262659E+06
  0.275960E-03  0.262656E+06  0.262650E+06  0.349067E+06  0.348945E+06  0.000000E+00  0.262655E+06
  0.285314E-03  0.262653E+06  0.262647E+06  0.348984E+06  0.348854E+06  0.000000E+00  0.262652E+06
  0.294984E-03  0.262649E+06  0.262643E+06  0.348895E+06  0.348756E+06  0.000000E+00  0.262648E+06
  0.304983E-03  0.262645E+06  0.262638E+06  0.348800E+06  0.348652E+06  0.000000E+00  0.262644E+06
  0.315320E-03  0.262641E+06  0.262634E+06  0.348699E+06  0.348540E+06  0.000000E+00  0.262640E+06
  0.326008E-03  0.262637E+06  0.262629E+06  0.348590E+06  0.348421E+06  0.000000E+00  0.262636E+06
  0.337058E-03  0.262632E+06  0.262623E+06  0.348474E+06  0.348294E+06  0.000000E+00  0.262631E+06
  0.348483E-03  0.262627E+06  0.262618E+06  0.348350E+06  0.348157E+06  0.000000E+00  0.262626E+06
  0.360295E-03  0.262622E+06  0.262611E+06  0.348218E+06  0.348012E+06  0.000000E+00  0.262620E+06
  0.372507E-03  0.262616E+06  0.262605E+06  0.348077E+06  0.347856E+06  0.000000E+00  0.262614E+06
  0.385133E-03  0.262610E+06  0.262598E+06  0.347926E+06  0.347690E+06  0.000000E+00  0.262608E+06
  0.398187E-03  0.262603E+06  0.262591E+06  0.347764E+06  0.347513E+06  0.000000E+00  0.262601E+06
  0.411684E-03  0.262596E+06  0.262583E+06  0.347592E+06  0.347323E+06  0.000000E+00  0.262594E+06
  0.425638E-03  0.262588E+06  0.262574E+06  0.347408E+06  0.347120E+06  0.000000E+00  0.262586E+06
  0.440065E-03  0.262580E+06  0.262565E+06  0.347211E+06  0.346904E+06  0.000000E+00  0.262578E+06
  0.454981E-03  0.262571E+06  0.262555E+06  0.347000E+06  0.346673E+06  0.000000E+00  0.262569E+06
  0.470403E-03  0.262562E+06  0.262545E+06  0.346776E+06  0.346426E+06  0.000000E+00  0.262560E+06
  0.486347E-03  0.262552E+06  0.262534E+06  0.346536E+06  0.346162E+06  0.000000E+00  0.262550E+06
  0.502832E-03  0.262542E+06  0.262522E+06  0.346279E+06  0.345880E+06  0.000000E+00  0.262539E+06
  0.519875E-03  0.262530E+06  0.262509E+06  0.346005E+06  0.345579E+06  0.000000E+00  0.262527E+06
  0.537497E-03  0.262518E+06  0.262496E+06  0.345712E+06  0.345257E+06  0.000000E+00  0.262515E+06
  0.555715E-03  0.262506E+06  0.262481E+06  0.345400E+06  0.344913E+06  0.000000E+00  0.262502E+06
  0.574551E-03  0.262492E+06  0.262466E+06  0.345066E+06  0.344547E+06  0.000000E+00  0.262488E+06
  0.594026E-03  0.262477E+06  0.262450E+06  0.344710E+06  0.344155E+06  0.000000E+00  0.262473E+06
  0.614160E-03  0.262461E+06  0.262432E+06  0.344329E+06  0.343737E+06  0.000000E+00  0.262457E+06
  0.634977E-03  0.262444E+06  0.262413E+06  0.343922E+06  0.343290E+06  0.000000E+00  0.262440E+06
  0.656500E-03  0.262426E+06  0.262393E+06  0.343488E+06  0.342813E+06  0.000000E+00  0.262421E+06
  0.678752E-03  0.262407E+06  0.262371E+06  0.343024E+06  0.342304E+06  0.000000E+00  0.262402E+06
  0.701758E-03  0.262387E+06  0.262348E+06  0.342529E+06  0.341761E+06  0.000000E+00  0.262381E+06
  0.725544E-03  0.262365E+06  0.262324E+06  0.342001E+06  0.341181E+06  0.000000E+00  0.262358E+06
  0.750137E-03  0.262341E+06  0.262298E+06  0.341437E+06  0.340562E+06  0.000000E+00  0.262335E+06
  0.775563E-03  0.262316E+06  0.262270E+06  0.340835E+06  0.339901E+06  0.000000E+00  0.262309E+06
  0.801851E-03  0.262290E+06  0.262240E+06  0.340192E+06  0.339197E+06  0.000000E+00  0.262282E+06
  0.829029E-03  0.262261E+06  0.262208E+06  0.339507E+06  0.338445E+06  0.000000E+00  0.262253E+06
  0.857129E-03  0.262230E+06  0.262173E+06  0.338775E+06  0.337643E+06  0.000000E+00  0.262222E+06
  0.886182E-03  0.262198E+06  0.262137E+06  0.337994E+06  0.336787E+06  0.000000E+00  0.262188E+06
  0.916219E-03  0.262163E+06  0.262098E+06  0.337162E+06  0.335875E+06  0.000000E+00  0.262153E+06
  0.947274E-03  0.262126E+06  0.262056E+06  0.336274E+06  0.334902E+06  0.000000E+00  0.262115E+06
  0.979383E-03  0.262086E+06  0.262011E+06  0.335327E+06  0.333865E+06  0.000000E+00  0.262074E+06
  0.101258E-02  0.262043E+06  0.261964E+06  0.334317E+06  0.332760E+06  0.000000E+00  0.262031E+06
  0.104690E-02  0.261998E+06  0.261913E+06  0.333241E+06  0.331583E+06  0.000000E+00  0.261985E+06
  0.108239E-02  0.261950E+06  0.261859E+06  0.332094E+06  0.330328E+06  0.000000E+00  0.261936E+06
  0.111907E-02  0.261898E+06  0.261800E+06  0.330871E+06  0.328991E+06  0.000000E+00  0.261883E+06
  0.115700E-02  0.261842E+06  0.261738E+06  0.329569E+06  0.327568E+06  0.000000E+00  0.261826E+06
  0.119622E-02  0.261783E+06  0.261672E+06  0.328181E+06  0.326053E+06  0.000000E+00  0.261766E+06
  0.123677E-02  0.261720E+06  0.261602E+06  0.326704E+06  0.324441E+06  0.000000E+00  0.261702E+06
  0.127869E-02  0.261653E+06  0.261526E+06  0.325131E+06  0.322725E+06  0.000000E+00  0.261634E+06
  0.132203E-02  0.261581E+06  0.261446E+06  0.323457E+06  0.320900E+06  0.000000E+00  0.261560E+06
  0.136684E-02  0.261504E+06  0.261359E+06  0.321676E+06  0.318960E+06  0.000000E+00  0.261482E+06
  0.141317E-02  0.261423E+06  0.261268E+06  0.319782E+06  0.316898E+06  0.000000E+00  0.261399E+06
  0.146107E-02  0.261335E+06  0.261170E+06  0.317768E+06  0.314707E+06  0.000000E+00  0.261310E+06
  0.151059E-02  0.261242E+06  0.261065E+06  0.315627E+06  0.312380E+06  0.000000E+00  0.261215E+06
  0.156179E-02  0.261142E+06  0.260953E+06  0.313352E+06  0.309910E+06  0.000000E+00  0.261113E+06
  0.161473E-02  0.261036E+06  0.260834E+06  0.310937E+06  0.307289E+06  0.000000E+00  0.261005E+06
  0.166946E-02  0.260923E+06  0.260707E+06  0.308373E+06  0.304510E+06  0.000000E+00  0.260889E+06
  0.172605E-02  0.260802E+06  0.260571E+06  0.305652E+06  0.301565E+06  0.000000E+00  0.260766E+06
  0.178455E-02  0.260673E+06  0.260426E+06  0.302768E+06  0.298445E+06  0.000000E+00  0.260635E+06
  0.184504E-02  0.260535E+06  0.260272E+06  0.299710E+06  0.295143E+06  0.000000E+00  0.260495E+06
  0.190758E-02  0.260389E+06  0.260107E+06  0.296472E+06  0.291650E+06  0.000000E+00  0.260345E+06
  0.197223E-02  0.260232E+06  0.259931E+06  0.293044E+06  0.287958E+06  0.000000E+00  0.260186E+06
  0.203908E-02  0.260066E+06  0.259744E+06  0.289418E+06  0.284058E+06  0.000000E+00  0.260016E+06
  0.210820E-02  0.259888E+06  0.259544E+06  0.285585E+06  0.279943E+06  0.000000E+00  0.259835E+06
  0.217966E-02  0.259699E+06  0.259331E+06  0.281537E+06  0.275604E+06  0.000000E+00  0.259642E+06
  0.225354E-02  0.259497E+06  0.259105E+06  0.277265E+06  0.271034E+06  0.000000E+00  0.259437E+06
  0.232992E-02  0.259283E+06  0.258863E+06  0.272762E+06  0.266226E+06  0.000000E+00  0.259218E+06
  0.240889E-02  0.259054E+06  0.258606E+06  0.268019E+06  0.261172E+06  0.000000E+00  0.258985E+06
  0.249054E-02  0.258811E+06  0.258332E+06  0.263028E+06  0.255867E+06  0.000000E+00  0.258737E+06
  0.257496E-02  0.258552E+06  0.258040E+06  0.257784E+06  0.250306E+06  0.000000E+00  0.258473E+06
  0.266224E-02  0.258277E+06  0.257730E+06  0.252279E+06  0.244484E+06  0.000000E+00  0.258192E+06
  0.275248E-02  0.257984E+06  0.257399E+06  0.246508E+06  0.238399E+06  0.000000E+00  0.257894E+06
  0.284577E-02  0.257672E+06  0.257048E+06  0.240468E+06  0.232048E+06  0.000000E+00  0.257576E+06
  0.294223E-02  0.257341E+06  0.256675E+06  0.234154E+06  0.225432E+06  0.000000E+00  0.257238E+06
  0.304196E-02  0.256990E+06  0.256278E+06  0.227567E+06  0.218553E+06  0.000000E+00  0.256880E+06
  0.314506E-02  0.256616E+06  0.255856E+06  0.220705E+06  0.211414E+06  0.000000E+00  0.256499E+06
  0.325166E-02  0.256220E+06  0.255407E+06  0.213571E+06  0.204022E+06  0.000000E+00  0.256095E+06
  0.336188E-02  0.255800E+06  0.254932E+06  0.206169E+06  0.196386E+06  0.000000E+00  0.255666E+06
  0.347583E-02  0.255354E+06  0.254427E+06  0.198508E+06  0.188518E+06  0.000000E+00  0.255211E+06
  0.359365E-02  0.254881E+06  0.253891E+06  0.190595E+06  0.180434E+06  0.000000E+00  0.254728E+06
  0.371545E-02  0.254380E+06  0.253323E+06  0.182446E+06  0.172152E+06  0.000000E+00  0.254217E+06
  0.384139E-02  0.253850E+06  0.252721E+06  0.174076E+06  0.163695E+06  0.000000E+00  0.253676E+06
  0.397159E-02  0.253289E+06  0.252084E+06  0.165505E+06  0.155089E+06  0.000000E+00  0.253103E+06
  0.410621E-02  0.252695E+06  0.251409E+06  0.156758E+06  0.146366E+06  0.000000E+00  0.252497E+06
  0.424539E-02  0.252068E+06  0.250695E+06  0.147864E+06  0.137559E+06  0.000000E+00  0.251856E+06
  0.438929E-02  0.251406E+06  0.249940E+06  0.138855E+06  0.128709E+06  0.000000E+00  0.251180E+06
  0.453806E-02  0.250707E+06  0.249142E+06  0.129771E+06  0.119860E+06  0.000000E+00  0.250466E+06
  0.469188E-02  0.249970E+06  0.248300E+06  0.120652E+06  0.111057E+06  0.000000E+00  0.249713E+06
  0.485091E-02  0.249194E+06  0.247412E+06  0.111546E+06  0.102354E+06  0.000000E+00  0.248919E+06
  0.501534E-02  0.248377E+06  0.246475E+06  0.102505E+06  0.938036E+05  0.000000E+00  0.248083E+06
  0.518533E-02  0.247517E+06  0.245488E+06  0.935838E+05  0.854640E+05  0.000000E+00  0.247204E+06
  0.536109E-02  0.246613E+06  0.244449E+06  0.848424E+05  0.773938E+05  0.000000E+00  0.246279E+06
  0.554280E-02  0.245665E+06  0.243357E+06  0.763427E+05  0.696522E+05  0.000000E+00  0.245309E+06
  0.573068E-02  0.244670E+06  0.242208E+06  0.681489E+05  0.622980E+05  0.000000E+00  0.244290E+06
  0.592492E-02  0.243628E+06  0.241003E+06  0.603259E+05  0.553874E+05  0.000000E+00  0.243223E+06
  0.612574E-02  0.242537E+06  0.239739E+06  0.529380E+05  0.489727E+05  0.000000E+00  0.242105E+06
  0.633338E-02  0.241397E+06  0.238414E+06  0.460471E+05  0.431002E+05  0.000000E+00  0.240937E+06
  0.654805E-02  0.240206E+06  0.237026E+06  0.397111E+05  0.378082E+05  0.000000E+00  0.239716E+06
  0.677000E-02  0.238964E+06  0.235576E+06  0.339812E+05  0.331249E+05  0.000000E+00  0.238441E+06
  0.699947E-02  0.237670E+06  0.234060E+06  0.288997E+05  0.290661E+05  0.000000E+00  0.237113E+06
  0.723671E-02  0.236323E+06  0.232478E+06  0.244982E+05  0.256337E+05  0.000000E+00  0.235730E+06
  0.748200E-02  0.234923E+06  0.230828E+06  0.207943E+05  0.228141E+05  0.000000E+00  0.234291E+06
  0.773561E-02  0.233470E+06  0.229110E+06  0.177902E+05  0.205770E+05  0.000000E+00  0.232797E+06
  0.799781E-02  0.231962E+06  0.227321E+06  0.154699E+05  0.188752E+05  0.000000E+00  0.231246E+06
  0.826889E-02  0.230401E+06  0.225462E+06  0.137988E+05  0.176453E+05  0.000000E+00  0.229639E+06
  0.854917E-02  0.228786E+06  0.223531E+06  0.127221E+05  0.168091E+05  0.000000E+00  0.227975E+06
  0.883894E-02  0.227116E+06  0.221527E+06  0.121658E+05  0.162764E+05  0.000000E+00  0.226253E+06
  0.913854E-02  0.225392E+06  0.219450E+06  0.120378E+05  0.159493E+05  0.000000E+00  0.224475E+06
  0.944829E-02  0.223614E+06  0.217298E+06  0.122310E+05  0.157270E+05  0.000000E+00  0.222640E+06
  0.976854E-02  0.221782E+06  0.215071E+06  0.126272E+05  0.155122E+05  0.000000E+00  0.220747E+06
  0.100996E-01  0.219896E+06  0.212767E+06  0.131033E+05  0.152180E+05  0.000000E+00  0.218796E+06
  0.104420E-01  0.217956E+06  0.210387E+06  0.135386E+05  0.147743E+05  0.000000E+00  0.216788E+06
  0.107959E-01  0.215962E+06  0.207928E+06  0.138223E+05  0.141347E+05  0.000000E+00  0.214722E+06
  0.111618E-01  0.213914E+06  0.205389E+06  0.138629E+05  0.132807E+05  0.000000E+00  0.212598E+06
  0.115402E-01  0.211811E+06  0.202771E+06  0.135961E+05  0.122249E+05  0.000000E+00  0.210416E+06
  0.119313E-01  0.209653E+06  0.200071E+06  0.129924E+05  0.110100E+05  0.000000E+00  0.208174E+06
  0.123357E-01  0.207440E+06  0.197289E+06  0.120617E+05  0.970467E+04  0.000000E+00  0.205874E+06
  0.127539E-01  0.205173E+06  0.194423E+06  0.108550E+05  0.839534E+04  0.000000E+00  0.203514E+06
  0.131862E-01  0.202849E+06  0.191473E+06  0.946116E+04  0.717479E+04  0.000000E+00  0.201093E+06
  0.136331E-01  0.200469E+06  0.188437E+06  0.799932E+04  0.612805E+04  0.000000E+00  0.198612E+06
  0.140952E-01  0.198033E+06  0.185315E+06  0.660552E+04  0.531818E+04  0.000000E+00  0.196070E+06
  0.145730E-01  0.195540E+06  0.182106E+06  0.541540E+04  0.477397E+04  0.000000E+00  0.193467E+06
  0.150669E-01  0.192991E+06  0.178810E+06  0.454421E+04  0.448259E+04  0.000000E+00  0.190803E+06
  0.155776E-01  0.190385E+06  0.175428E+06  0.406701E+04  0.438956E+04  0.000000E+00  0.188077E+06
  0.161056E-01  0.187722E+06  0.171959E+06  0.000000E+00  0.000000E+00  0.000000E+00  0.185289E+06
  0.166515E-01  0.185002E+06  0.168404E+06  0.000000E+00  0.000000E+00  0.000000E+00  0.182441E+06
  0.172159E-01  0.182227E+06  0.164765E+06  0.000000E+00  0.000000E+00  0.000000E+00  0.179532E+06
  0.177994E-01  0.179396E+06  0.161044E+06  0.000000E+00  0.000000E+00  0.000000E+00  0.176564E+06
  0.184028E-01  0.176511E+06  0.157243E+06  0.000000E+00  0.000000E+00  0.000000E+00  0.173537E+06
  0.190265E-01  0.173571E+06  0.153366E+06  0.000000E+00  0.000000E+00  0.000000E+00  0.170453E+06
  0.196714E-01  0.170579E+06  0.149415E+06  0.000000E+00  0.000000E+00  0.000000E+00  0.167313E+06
  0.203382E-01  0.167536E+06  0.145395E+06  0.000000E+00  0.000000E+00  0.000000E+00  0.164119E+06
  0.210276E-01  0.164443E+06  0.141311E+06  0.000000E+00  0.000000E+00  0.000000E+00  0.160873E+06
  0.217403E-01  0.161301E+06  0.137171E+06  0.000000E+00  0.000000E+00  0.000000E+00  0.157577E+06
  0.224772E-01  0.158113E+06  0.132980E+06  0.000000E+00  0.000000E+00  0.000000E+00  0.154235E+06
  0.232390E-01  0.154882E+06  0.128748E+06  0.000000E+00  0.000000E+00  0.000000E+00  0.150849E+06
  0.240267E-01  0.151611E+06  0.124483E+06  0.000000E+00  0.000000E+00  0.000000E+00  0.147424E+06
  0.248411E-01  0.148302E+06  0.120197E+06  0.000000E+00  0.000000E+00  0.000000E+00  0.143964E+06
  0.256831E-01  0.144959E+06  0.115901E+06  0.000000E+00  0.000000E+00  0.000000E+00  0.140475E+06
  0.265537E-01  0.141588E+06  0.111610E+06  0.000000E+00  0.000000E+00  0.000000E+00  0.136961E+06
  0.274537E-01  0.138192E+06  0.107337E+06  0.000000E+00  0.000000E+00  0.000000E+00  0.133430E+06
  0.283842E-01  0.134777E+06  0.103099E+06  0.000000E+00  0.000000E+00  0.000000E+00  0.129888E+06
  0.293463E-01  0.131350E+06  0.989134E+05  0.000000E+00  0.000000E+00  0.000000E+00  0.126344E+06
  0.303410E-01  0.127915E+06  0.947987E+05  0.000000E+00  0.000000E+00  0.000000E+00  0.122805E+06
  0.313694E-01  0.124482E+06  0.907747E+05  0.000000E+00  0.000000E+00  0.000000E+00  0.119280E+06
  0.324327E-01  0.121057E+06  0.868621E+05  0.000000E+00  0.000000E+00  0.000000E+00  0.115780E+06
  0.335320E-01  0.117649E+06  0.830822E+05  0.000000E+00  0.000000E+00  0.000000E+00  0.112314E+06
  0.346686E-01  0.114267E+06  0.794568E+05  0.000000E+00  0.000000E+00  0.000000E+00  0.108894E+06
  0.358437E-01  0.110919E+06  0.760072E+05  0.000000E+00  0.000000E+00  0.000000E+00  0.105531E+06
  0.370586E-01  0.107615E+06  0.727546E+05  0.000000E+00  0.000000E+00  0.000000E+00  0.102235E+06
  0.383147E-01  0.104349E+06  0.697027E+05  0.000000E+00  0.000000E+00  0.000000E+00  0.990018E+05
  0.396134E-01  0.101136E+06  0.668751E+05  0.000000E+00  0.000000E+00  0.000000E+00  0.958484E+05
  0.409561E-01  0.979944E+05  0.642966E+05  0.000000E+00  0.000000E+00  0.000000E+00  0.927938E+05
  0.423443E-01  0.949355E+05  0.619817E+05  0.000000E+00  0.000000E+00  0.000000E+00  0.898498E+05
  0.437796E-01  0.919683E+05  0.599391E+05  0.000000E+00  0.000000E+00  0.000000E+00  0.870252E+05
  0.452635E-01  0.890998E+05  0.581714E+05  0.000000E+00  0.000000E+00  0.000000E+00  0.843266E+05
  0.467977E-01  0.863336E+05  0.566733E+05  0.000000E+00  0.000000E+00  0.000000E+00  0.817561E+05
  0.483839E-01  0.836710E+05  0.554315E+05  0.000000E+00  0.000000E+00  0.000000E+00  0.793128E+05
  0.500239E-01  0.811099E+05  0.544244E+05  0.000000E+00  0.000000E+00  0.000000E+00  0.769915E+05
  0.517194E-01  0.786465E+05  0.536223E+05  0.000000E+00  0.000000E+00  0.000000E+00  0.747845E+05
  0.534725E-01  0.762747E+05  0.529887E+05  0.000000E+00  0.000000E+00  0.000000E+00  0.726810E+05
  0.552850E-01  0.739889E+05  0.524809E+05  0.000000E+00  0.000000E+00  0.000000E+00  0.706695E+05
  0.571588E-01  0.717844E+05  0.520539E+05  0.000000E+00  0.000000E+00  0.000000E+00  0.687394E+05
  0.590963E-01  0.696640E+05  0.516662E+05  0.000000E+00  0.000000E+00  0.000000E+00  0.668863E+05
  0.610993E-01  0.676639E+05  0.513105E+05  0.000000E+00  0.000000E+00  0.000000E+00  0.651400E+05
  0.631703E-01  0.656689E+05  0.508217E+05  0.000000E+00  0.000000E+00  0.000000E+00  0.633775E+05
  0.653114E-01  0.637097E+05  0.501886E+05  0.000000E+00  0.000000E+00  0.000000E+00  0.616230E+05
  0.675252E-01  0.617713E+05  0.493583E+05  0.000000E+00  0.000000E+00  0.000000E+00  0.598556E+05
  0.698139E-01  0.598392E+05  0.482864E+05  0.000000E+00  0.000000E+00  0.000000E+00  0.580562E+05
  0.721803E-01  0.579004E+05  0.469413E+05  0.000000E+00  0.000000E+00  0.000000E+00  0.562091E+05
  0.746268E-01  0.559461E+05  0.453094E+05  0.000000E+00  0.000000E+00  0.000000E+00  0.543046E+05
  0.771564E-01  0.539724E+05  0.433989E+05  0.000000E+00  0.000000E+00  0.000000E+00  0.523406E+05
  0.797716E-01  0.519812E+05  0.412415E+05  0.000000E+00  0.000000E+00  0.000000E+00  0.503238E+05
  0.824755E-01  0.499801E+05  0.388920E+05  0.000000E+00  0.000000E+00  0.000000E+00  0.482689E+05
  0.852709E-01  0.479809E+05  0.364260E+05  0.000000E+00  0.000000E+00  0.000000E+00  0.461977E+05
  0.881612E-01  0.459987E+05  0.339348E+05  0.000000E+00  0.000000E+00  0.000000E+00  0.441369E+05
  0.911495E-01  0.440512E+05  0.315196E+05  0.000000E+00  0.000000E+00  0.000000E+00  0.421172E+05
  0.942390E-01  0.421588E+05  0.292839E+05  0.000000E+00  0.000000E+00  0.000000E+00  0.401718E+05
  0.974333E-01  0.403437E+05  0.273243E+05  0.000000E+00  0.000000E+00  0.000000E+00  0.383344E+05
  0.100736E+00  0.386285E+05  0.257198E+05  0.000000E+00  0.000000E+00  0.000000E+00  0.366363E+05
  0.104150E+00  0.370309E+05  0.245175E+05  0.000000E+00  0.000000E+00  0.000000E+00  0.350997E+05
  0.107680E+00  0.355598E+05  0.237221E+05  0.000000E+00  0.000000E+00  0.000000E+00  0.337329E+05
  0.111330E+00  0.342117E+05  0.232891E+05  0.000000E+00  0.000000E+00  0.000000E+00  0.325260E+05
  0.115104E+00  0.329729E+05  0.231287E+05  0.000000E+00  0.000000E+00  0.000000E+00  0.314536E+05
  0.119005E+00  0.318219E+05  0.231155E+05  0.000000E+00  0.000000E+00  0.000000E+00  0.304782E+05
  0.123039E+00  0.307312E+05  0.231042E+05  0.000000E+00  0.000000E+00  0.000000E+00  0.295541E+05
  0.127209E+00  0.296672E+05  0.229471E+05  0.000000E+00  0.000000E+00  0.000000E+00  0.286301E+05
  0.131521E+00  0.285934E+05  0.225178E+05  0.000000E+00  0.000000E+00  0.000000E+00  0.276558E+05
  0.135979E+00  0.274810E+05  0.217411E+05  0.000000E+00  0.000000E+00  0.000000E+00  0.265952E+05
  0.140588E+00  0.263222E+05  0.206187E+05  0.000000E+00  0.000000E+00  0.000000E+00  0.254420E+05
  0.145353E+00  0.251332E+05  0.192349E+05  0.000000E+00  0.000000E+00  0.000000E+00  0.242229E+05
  0.150280E+00  0.239432E+05  0.177350E+05  0.000000E+00  0.000000E+00  0.000000E+00  0.229851E+05
  0.155374E+00  0.227826E+05  0.162891E+05  0.000000E+00  0.000000E+00  0.000000E+00  0.217804E+05
  0.160640E+00  0.216814E+05  0.150586E+05  0.000000E+00  0.000000E+00  0.000000E+00  0.206593E+05
  0.166085E+00  0.206719E+05  0.141638E+05  0.000000E+00  0.000000E+00  0.000000E+00  0.196675E+05
  0.171715E+00  0.197749E+05  0.136437E+05  0.000000E+00  0.000000E+00  0.000000E+00  0.188287E+05
  0.177535E+00  0.189816E+05  0.134293E+05  0.000000E+00  0.000000E+00  0.000000E+00  0.181247E+05
  0.183553E+00  0.182568E+05  0.133623E+05  0.000000E+00  0.000000E+00  0.000000E+00  0.175014E+05
  0.189774E+00  0.175598E+05  0.132549E+05  0.000000E+00  0.000000E+00  0.000000E+00  0.168954E+05
  0.196206E+00  0.168565E+05  0.129517E+05  0.000000E+00  0.000000E+00  0.000000E+00  0.162539E+05
  0.202857E+00  0.161237E+05  0.123793E+05  0.000000E+00  0.000000E+00  0.000000E+00  0.155458E+05
  0.209733E+00  0.153606E+05  0.115779E+05  0.000000E+00  0.000000E+00  0.000000E+00  0.147768E+05
  0.216842E+00  0.145931E+05  0.106900E+05  0.000000E+00  0.000000E+00  0.000000E+00  0.139907E+05
  0.224192E+00  0.138590E+05  0.989340E+04  0.000000E+00  0.000000E+00  0.000000E+00  0.132470E+05
  0.231791E+00  0.131907E+05  0.932061E+04  0.000000E+00  0.000000E+00  0.000000E+00  0.125935E+05
  0.239647E+00  0.126009E+05  0.899645E+04  0.000000E+00  0.000000E+00  0.000000E+00  0.120446E+05
  0.247770E+00  0.120718E+05  0.882400E+04  0.000000E+00  0.000000E+00  0.000000E+00  0.115705E+05
  0.256168E+00  0.115669E+05  0.864299E+04  0.000000E+00  0.000000E+00  0.000000E+00  0.111156E+05
  0.264851E+00  0.110559E+05  0.832809E+04  0.000000E+00  0.000000E+00  0.000000E+00  0.106349E+05
  0.273828E+00  0.105291E+05  0.785896E+04  0.000000E+00  0.000000E+00  0.000000E+00  0.101170E+05
  0.283110E+00  0.100004E+05  0.732466E+04  0.000000E+00  0.000000E+00  0.000000E+00  0.958748E+04
  0.292706E+00  0.949990E+04  0.685839E+04  0.000000E+00  0.000000E+00  0.000000E+00  0.909224E+04
  0.302627E+00  0.904695E+04  0.653529E+04  0.000000E+00  0.000000E+00  0.000000E+00  0.865932E+04
  0.312884E+00  0.863636E+04  0.632141E+04  0.000000E+00  0.000000E+00  0.000000E+00  0.827909E+04
  0.323490E+00  0.824803E+04  0.611599E+04  0.000000E+00  0.000000E+00  0.000000E+00  0.791899E+04
  0.334454E+00  0.785978E+04  0.583807E+04  0.000000E+00  0.000000E+00  0.000000E+00  0.754777E+04
  0.345791E+00  0.747049E+04  0.549844E+04  0.000000E+00  0.000000E+00  0.000000E+00  0.716614E+04
  0.357512E+00  0.709579E+04  0.517397E+04  0.000000E+00  0.000000E+00  0.000000E+00  0.679919E+04
  0.369629E+00  0.674992E+04  0.492212E+04  0.000000E+00  0.000000E+00  0.000000E+00  0.646784E+04
  0.382158E+00  0.643045E+04  0.472484E+04  0.000000E+00  0.000000E+00  0.000000E+00  0.616722E+04
  0.395111E+00  0.612402E+04  0.452234E+04  0.000000E+00  0.000000E+00  0.000000E+00  0.587683E+04
  0.408504E+00  0.582214E+04  0.428754E+04  0.000000E+00  0.000000E+00  0.000000E+00  0.558531E+04
  0.422350E+00  0.553006E+04  0.405106E+04  0.000000E+00  0.000000E+00  0.000000E+00  0.530181E+04
  0.436666E+00  0.525587E+04  0.384902E+04  0.000000E+00  0.000000E+00  0.000000E+00  0.503875E+04
  0.451466E+00  0.499929E+04  0.367506E+04  0.000000E+00  0.000000E+00  0.000000E+00  0.479492E+04
  0.466769E+00  0.475290E+04  0.349893E+04  0.000000E+00  0.000000E+00  0.000000E+00  0.455937E+04
  0.482590E+00  0.451426E+04  0.331565E+04  0.000000E+00  0.000000E+00  0.000000E+00  0.432927E+04
  0.498948E+00  0.428722E+04  0.314485E+04  0.000000E+00  0.000000E+00  0.000000E+00  0.411091E+04
  0.515859E+00  0.407319E+04  0.299229E+04  0.000000E+00  0.000000E+00  0.000000E+00  0.390637E+04
  0.533344E+00  0.386907E+04  0.284482E+04  0.000000E+00  0.000000E+00  0.000000E+00  0.371100E+04
  0.551422E+00  0.367315E+04  0.269811E+04  0.000000E+00  0.000000E+00  0.000000E+00  0.352267E+04
  0.570113E+00  0.348687E+04  0.256041E+04  0.000000E+00  0.000000E+00  0.000000E+00  0.334389E+04
  0.589437E+00  0.331026E+04  0.243248E+04  0.000000E+00  0.000000E+00  0.000000E+00  0.317479E+04
  0.609416E+00  0.314173E+04  0.230864E+04  0.000000E+00  0.000000E+00  0.000000E+00  0.301316E+04
  0.630072E+00  0.298101E+04  0.218972E+04  0.000000E+00  0.000000E+00  0.000000E+00  0.285889E+04
  0.651428E+00  0.282842E+04  0.207808E+04  0.000000E+00  0.000000E+00  0.000000E+00  0.271262E+04
  0.673509E+00  0.268323E+04  0.197164E+04  0.000000E+00  0.000000E+00  0.000000E+00  0.257341E+04
  0.696337E+00  0.254499E+04  0.186980E+04  0.000000E+00  0.000000E+00  0.000000E+00  0.244078E+04
  0.719940E+00  0.241361E+04  0.177342E+04  0.000000E+00  0.000000E+00  0.000000E+00  0.231481E+04
  0.744342E+00  0.228870E+04  0.168171E+04  0.000000E+00  0.000000E+00  0.000000E+00  0.219503E+04
  0.769572E+00  0.216992E+04  0.159441E+04  0.000000E+00  0.000000E+00  0.000000E+00  0.208110E+04
  0.795656E+00  0.205704E+04  0.151152E+04  0.000000E+00  0.000000E+00  0.000000E+00  0.197285E+04
  0.822625E+00  0.194974E+04  0.143269E+04  0.000000E+00  0.000000E+00  0.000000E+00  0.186995E+04
  0.850508E+00  0.184780E+04  0.135780E+04  0.000000E+00  0.000000E+00  0.000000E+00  0.177218E+04
  0.879336E+00  0.175095E+04  0.128665E+04  0.000000E+00  0.000000E+00  0.000000E+00  0.167929E+04
  0.909141E+00  0.165896E+04  0.121906E+04  0.000000E+00  0.000000E+00  0.000000E+00  0.159107E+04
  0.939957E+00  0.157162E+04  0.115490E+04  0.000000E+00  0.000000E+00  0.000000E+00  0.150731E+04
  0.971817E+00  0.148870E+04  0.109398E+04  0.000000E+00  0.000000E+00  0.000000E+00  0.142778E+04
  0.100476E+01  0.140997E+04  0.103613E+04  0.000000E+00  0.000000E+00  0.000000E+00  0.135227E+04
  0.103881E+01  0.133525E+04  0.981235E+03  0.000000E+00  0.000000E+00  0.000000E+00  0.128061E+04
  0.107402E+01  0.126432E+04  0.929120E+03  0.000000E+00  0.000000E+00  0.000000E+00  0.121259E+04
  0.111043E+01  0.119702E+04  0.879673E+03  0.000000E+00  0.000000E+00  0.000000E+00  0.114804E+04
  0.114807E+01  0.113317E+04  0.832754E+03  0.000000E+00  0.000000E+00  0.000000E+00  0.108680E+04
  0.118698E+01  0.107261E+04  0.788259E+03  0.000000E+00  0.000000E+00  0.000000E+00  0.102872E+04
  0.122721E+01  0.101518E+04  0.746060E+03  0.000000E+00  0.000000E+00  0.000000E+00  0.973643E+03
  0.126881E+01  0.960710E+03  0.706038E+03  0.000000E+00  0.000000E+00  0.000000E+00  0.921406E+03
  0.131182E+01  0.909068E+03  0.668092E+03  0.000000E+00  0.000000E+00  0.000000E+00  0.871878E+03
  0.135628E+01  0.860105E+03  0.632115E+03  0.000000E+00  0.000000E+00  0.000000E+00  0.824919E+03
  0.140225E+01  0.813694E+03  0.598011E+03  0.000000E+00  0.000000E+00  0.000000E+00  0.780408E+03
  0.144978E+01  0.769707E+03  0.565687E+03  0.000000E+00  0.000000E+00  0.000000E+00  0.738221E+03
  0.149892E+01  0.728025E+03  0.535056E+03  0.000000E+00  0.000000E+00  0.000000E+00  0.698244E+03
  0.154973E+01  0.688531E+03  0.506034E+03  0.000000E+00  0.000000E+00  0.000000E+00  0.660366E+03
  0.160226E+01  0.651114E+03  0.478538E+03  0.000000E+00  0.000000E+00  0.000000E+00  0.624480E+03
  0.165656E+01  0.615673E+03  0.452495E+03  0.000000E+00  0.000000E+00  0.000000E+00  0.590490E+03
  0.171271E+01  0.582103E+03  0.427826E+03  0.000000E+00  0.000000E+00  0.000000E+00  0.558294E+03
  0.177077E+01  0.550311E+03  0.404462E+03  0.000000E+00  0.000000E+00  0.000000E+00  0.527802E+03
  0.183079E+01  0.520205E+03  0.382337E+03  0.000000E+00  0.000000E+00  0.000000E+00  0.498928E+03
  0.189284E+01  0.491702E+03  0.361390E+03  0.000000E+00  0.000000E+00  0.000000E+00  0.471591E+03
  0.195700E+01  0.464719E+03  0.341560E+03  0.000000E+00  0.000000E+00  0.000000E+00  0.445712E+03
  0.202333E+01  0.439180E+03  0.322791E+03  0.000000E+00  0.000000E+00  0.000000E+00  0.421217E+03
  0.209191E+01  0.415005E+03  0.305025E+03  0.000000E+00  0.000000E+00  0.000000E+00  0.398031E+03
  0.216282E+01  0.392126E+03  0.288211E+03  0.000000E+00  0.000000E+00  0.000000E+00  0.376089E+03
  0.223613E+01  0.370477E+03  0.272300E+03  0.000000E+00  0.000000E+00  0.000000E+00  0.355325E+03
  0.231192E+01  0.349995E+03  0.257247E+03  0.000000E+00  0.000000E+00  0.000000E+00  0.335681E+03
  0.239028E+01  0.330617E+03  0.243006E+03  0.000000E+00  0.000000E+00  0.000000E+00  0.317096E+03
  0.247130E+01  0.312287E+03  0.229534E+03  0.000000E+00  0.000000E+00  0.000000E+00  0.299516E+03
  0.255507E+01  0.294948E+03  0.216790E+03  0.000000E+00  0.000000E+00  0.000000E+00  0.282886E+03
  0.264167E+01  0.278550E+03  0.204739E+03  0.000000E+00  0.000000E+00  0.000000E+00  0.267159E+03
  0.273121E+01  0.263044E+03  0.193343E+03  0.000000E+00  0.000000E+00  0.000000E+00  0.252287E+03
  0.282379E+01  0.248382E+03  0.182566E+03  0.000000E+00  0.000000E+00  0.000000E+00  0.238225E+03
  0.291950E+01  0.234519E+03  0.172377E+03  0.000000E+00  0.000000E+00  0.000000E+00  0.224928E+03
  0.301846E+01  0.221412E+03  0.162744E+03  0.000000E+00  0.000000E+00  0.000000E+00  0.212358E+03
  0.312077E+01  0.209023E+03  0.153638E+03  0.000000E+00  0.000000E+00  0.000000E+00  0.200475E+03
  0.322655E+01  0.197313E+03  0.145031E+03  0.000000E+00  0.000000E+00  0.000000E+00  0.189244E+03
  0.333591E+01  0.186245E+03  0.136897E+03  0.000000E+00  0.000000E+00  0.000000E+00  0.178629E+03
  0.344898E+01  0.175786E+03  0.129209E+03  0.000000E+00  0.000000E+00  0.000000E+00  0.168597E+03
  0.356588E+01  0.165902E+03  0.121944E+03  0.000000E+00  0.000000E+00  0.000000E+00  0.159118E+03
  0.368675E+01  0.156563E+03  0.115080E+03  0.000000E+00  0.000000E+00  0.000000E+00  0.150161E+03
  0.381172E+01  0.147740E+03  0.108595E+03  0.000000E+00  0.000000E+00  0.000000E+00  0.141699E+03
  0.394091E+01  0.139405E+03  0.102469E+03  0.000000E+00  0.000000E+00  0.000000E+00  0.133704E+03
  0.407449E+01  0.131530E+03  0.966807E+02  0.000000E+00  0.000000E+00  0.000000E+00  0.126152E+03
  0.421259E+01  0.124093E+03  0.912144E+02  0.000000E+00  0.000000E+00  0.000000E+00  0.119019E+03
  0.435538E+01  0.117069E+03  0.860515E+02  0.000000E+00  0.000000E+00  0.000000E+00  0.112282E+03
  0.450301E+01  0.110436E+03  0.811755E+02  0.000000E+00  0.000000E+00  0.000000E+00  0.105920E+03
  0.465564E+01  0.104171E+03  0.765708E+02  0.000000E+00  0.000000E+00  0.000000E+00  0.999114E+02
  0.481344E+01  0.982559E+02  0.722230E+02  0.000000E+00  0.000000E+00  0.000000E+00  0.942382E+02
  0.497659E+01  0.926711E+02  0.681179E+02  0.000000E+00  0.000000E+00  0.000000E+00  0.888818E+02
  0.514527E+01  0.873983E+02  0.642421E+02  0.000000E+00  0.000000E+00  0.000000E+00  0.838246E+02
  0.531968E+01  0.824205E+02  0.605832E+02  0.000000E+00  0.000000E+00  0.000000E+00  0.790503E+02
  0.549998E+01  0.777219E+02  0.571295E+02  0.000000E+00  0.000000E+00  0.000000E+00  0.745438E+02
  0.568641E+01  0.732867E+02  0.538694E+02  0.000000E+00  0.000000E+00  0.000000E+00  0.702900E+02
  0.587915E+01  0.691006E+02  0.507923E+02  0.000000E+00  0.000000E+00  0.000000E+00  0.662751E+02
  0.607843E+01  0.651499E+02  0.478883E+02  0.000000E+00  0.000000E+00  0.000000E+00  0.624859E+02
  0.628446E+01  0.614218E+02  0.451479E+02  0.000000E+00  0.000000E+00  0.000000E+00  0.589102E+02
  0.649747E+01  0.579037E+02  0.425619E+02  0.000000E+00  0.000000E+00  0.000000E+00  0.555360E+02
  0.671770E+01  0.545841E+02  0.401217E+02  0.000000E+00  0.000000E+00  0.000000E+00  0.523521E+02
  0.694539E+01  0.514523E+02  0.378195E+02  0.000000E+00  0.000000E+00  0.000000E+00  0.493483E+02
  0.718081E+01  0.484973E+02  0.356474E+02  0.000000E+00  0.000000E+00  0.000000E+00  0.465142E+02
  0.742420E+01  0.457098E+02  0.335983E+02  0.000000E+00  0.000000E+00  0.000000E+00  0.438406E+02
  0.767585E+01  0.430802E+02  0.316654E+02  0.000000E+00  0.000000E+00  0.000000E+00  0.413185E+02
  0.793602E+01  0.405998E+02  0.298421E+02  0.000000E+00  0.000000E+00  0.000000E+00  0.389396E+02
  0.820502E+01  0.382603E+02  0.281223E+02  0.000000E+00  0.000000E+00  0.000000E+00  0.366957E+02
  0.848312E+01  0.360539E+02  0.265003E+02  0.000000E+00  0.000000E+00  0.000000E+00  0.345794E+02
  0.877066E+01  0.339729E+02  0.249706E+02  0.000000E+00  0.000000E+00  0.000000E+00  0.325835E+02
  0.906794E+01  0.320105E+02  0.235281E+02  0.000000E+00  0.000000E+00  0.000000E+00  0.307014E+02
  0.937530E+01  0.301600E+02  0.221678E+02  0.000000E+00  0.000000E+00  0.000000E+00  0.289266E+02
  0.969308E+01  0.284152E+02  0.208851E+02  0.000000E+00  0.000000E+00  0.000000E+00  0.272531E+02
  0.100216E+02  0.267700E+02  0.196757E+02  0.000000E+00  0.000000E+00  0.000000E+00  0.256751E+02
  0.103613E+02  0.252189E+02  0.185354E+02  0.000000E+00  0.000000E+00  0.000000E+00  0.241874E+02
  0.107125E+02  0.237566E+02  0.174605E+02  0.000000E+00  0.000000E+00  0.000000E+00  0.227849E+02
  0.110756E+02  0.223781E+02  0.164471E+02  0.000000E+00  0.000000E+00  0.000000E+00  0.214627E+02
  0.114510E+02  0.210786E+02  0.154918E+02  0.000000E+00  0.000000E+00  0.000000E+00  0.202164E+02
  0.118392E+02  0.198537E+02  0.145913E+02  0.000000E+00  0.000000E+00  0.000000E+00  0.190415E+02
  0.122404E+02  0.186992E+02  0.137426E+02  0.000000E+00  0.000000E+00  0.000000E+00  0.179342E+02
  0.126553E+02  0.176110E+02  0.129427E+02  0.000000E+00  0.000000E+00  0.000000E+00  0.168905E+02
  0.130843E+02  0.165855E+02  0.121888E+02  0.000000E+00  0.000000E+00  0.000000E+00  0.159069E+02
  0.135278E+02  0.156190E+02  0.114782E+02  0.000000E+00  0.000000E+00  0.000000E+00  0.149799E+02
  0.139863E+02  0.147082E+02  0.108087E+02  0.000000E+00  0.000000E+00  0.000000E+00  0.141064E+02
  0.144604E+02  0.138499E+02  0.101777E+02  0.000000E+00  0.000000E+00  0.000000E+00  0.132832E+02
  0.149505E+02  0.130413E+02  0.958323E+01  0.000000E+00  0.000000E+00  0.000000E+00  0.125076E+02
  0.154573E+02  0.122793E+02  0.902305E+01  0.000000E+00  0.000000E+00  0.000000E+00  0.117767E+02
  0.159812E+02  0.115614E+02  0.849526E+01  0.000000E+00  0.000000E+00  0.000000E+00  0.110882E+02
  0.165229E+02  0.108850E+02  0.799802E+01  0.000000E+00  0.000000E+00  0.000000E+00  0.104395E+02
  0.170829E+02  0.102478E+02  0.752957E+01  0.000000E+00  0.000000E+00  0.000000E+00  0.982829E+01
  0.176619E+02  0.964754E+01  0.708827E+01  0.000000E+00  0.000000E+00  0.000000E+00  0.925256E+01
  0.182606E+02  0.908208E+01  0.667255E+01  0.000000E+00  0.000000E+00  0.000000E+00  0.871021E+01
  0.188795E+02  0.854945E+01  0.628097E+01  0.000000E+00  0.000000E+00  0.000000E+00  0.819935E+01
  0.195195E+02  0.804775E+01  0.591212E+01  0.000000E+00  0.000000E+00  0.000000E+00  0.771815E+01
  0.201811E+02  0.757522E+01  0.556472E+01  0.000000E+00  0.000000E+00  0.000000E+00  0.726494E+01
  0.208651E+02  0.713016E+01  0.523752E+01  0.000000E+00  0.000000E+00  0.000000E+00  0.683807E+01
  0.215723E+02  0.671102E+01  0.492936E+01  0.000000E+00  0.000000E+00  0.000000E+00  0.643605E+01
  0.223035E+02  0.631628E+01  0.463914E+01  0.000000E+00  0.000000E+00  0.000000E+00  0.605745E+01
  0.230595E+02  0.594456E+01  0.436585E+01  0.000000E+00  0.000000E+00  0.000000E+00  0.570092E+01
  0.238411E+02  0.559451E+01  0.410848E+01  0.000000E+00  0.000000E+00  0.000000E+00  0.536517E+01
  0.246492E+02  0.526490E+01  0.386615E+01  0.000000E+00  0.000000E+00  0.000000E+00  0.504903E+01
  0.254847E+02  0.495454E+01  0.363795E+01  0.000000E+00  0.000000E+00  0.000000E+00  0.475135E+01
  0.263485E+02  0.466231E+01  0.342309E+01  0.000000E+00  0.000000E+00  0.000000E+00  0.447106E+01
  0.272416E+02  0.438718E+01  0.322080E+01  0.000000E+00  0.000000E+00  0.000000E+00  0.420717E+01
  0.281650E+02  0.412813E+01  0.303034E+01  0.000000E+00  0.000000E+00  0.000000E+00  0.395871E+01
  0.291196E+02  0.388427E+01  0.285103E+01  0.000000E+00  0.000000E+00  0.000000E+00  0.372481E+01
  0.301066E+02  0.365468E+01  0.268223E+01  0.000000E+00  0.000000E+00  0.000000E+00  0.350460E+01
  0.311271E+02  0.343856E+01  0.252332E+01  0.000000E+00  0.000000E+00  0.000000E+00  0.329731E+01
  0.321822E+02  0.323511E+01  0.237372E+01  0.000000E+00  0.000000E+00  0.000000E+00  0.310217E+01
  0.332730E+02  0.304361E+01  0.223291E+01  0.000000E+00  0.000000E+00  0.000000E+00  0.291850E+01
  0.344008E+02  0.286335E+01  0.210037E+01  0.000000E+00  0.000000E+00  0.000000E+00  0.274560E+01
  0.355668E+02  0.269369E+01  0.197561E+01  0.000000E+00  0.000000E+00  0.000000E+00  0.258287E+01
  0.367723E+02  0.253400E+01  0.185818E+01  0.000000E+00  0.000000E+00  0.000000E+00  0.242970E+01
  0.380187E+02  0.238370E+01  0.174767E+01  0.000000E+00  0.000000E+00  0.000000E+00  0.228554E+01
  0.393074E+02  0.224225E+01  0.164365E+01  0.000000E+00  0.000000E+00  0.000000E+00  0.214987E+01
  0.406397E+02  0.210914E+01  0.154576E+01  0.000000E+00  0.000000E+00  0.000000E+00  0.202219E+01
  0.420172E+02  0.198386E+01  0.145363E+01  0.000000E+00  0.000000E+00  0.000000E+00  0.190203E+01
  0.434414E+02  0.186597E+01  0.136694E+01  0.000000E+00  0.000000E+00  0.000000E+00  0.178896E+01
  0.449138E+02  0.175504E+01  0.128536E+01  0.000000E+00  0.000000E+00  0.000000E+00  0.168255E+01
  0.464362E+02  0.165065E+01  0.120859E+01  0.000000E+00  0.000000E+00  0.000000E+00  0.158243E+01
  0.480101E+02  0.155243E+01  0.113636E+01  0.000000E+00  0.000000E+00  0.000000E+00  0.148822E+01
  0.496375E+02  0.146001E+01  0.106839E+01  0.000000E+00  0.000000E+00  0.000000E+00  0.139957E+01
  0.513199E+02  0.137306E+01  0.100443E+01  0.000000E+00  0.000000E+00  0.000000E+00  0.131617E+01
  0.530594E+02  0.129125E+01  0.944262E+00  0.000000E+00  0.000000E+00  0.000000E+00  0.123770E+01
  0.548579E+02  0.121428E+01  0.887650E+00  0.000000E+00  0.000000E+00  0.000000E+00  0.116387E+01
  0.567173E+02  0.114186E+01  0.834386E+00  0.000000E+00  0.000000E+00  0.000000E+00  0.109441E+01
  0.586397E+02  0.107374E+01  0.784277E+00  0.000000E+00  0.000000E+00  0.000000E+00  0.102907E+01
  0.606273E+02  0.100965E+01  0.737136E+00  0.000000E+00  0.000000E+00  0.000000E+00  0.967594E+00
  0.626823E+02  0.949365E+00  0.692788E+00  0.000000E+00  0.000000E+00  0.000000E+00  0.909768E+00
  0.648069E+02  0.892653E+00  0.651069E+00  0.000000E+00  0.000000E+00  0.000000E+00  0.855369E+00
  0.670036E+02  0.839306E+00  0.611825E+00  0.000000E+00  0.000000E+00  0.000000E+00  0.804199E+00
  0.692747E+02  0.789129E+00  0.574910E+00  0.000000E+00  0.000000E+00  0.000000E+00  0.756068E+00
  0.716227E+02  0.741930E+00  0.540185E+00  0.000000E+00  0.000000E+00  0.000000E+00  0.710794E+00
  0.740504E+02  0.697537E+00  0.507523E+00  0.000000E+00  0.000000E+00  0.000000E+00  0.668212E+00
  0.765604E+02  0.655783E+00  0.476802E+00  0.000000E+00  0.000000E+00  0.000000E+00  0.628161E+00
  0.791553E+02  0.616513E+00  0.447907E+00  0.000000E+00  0.000000E+00  0.000000E+00  0.590492E+00
  0.818384E+02  0.579579E+00  0.420729E+00  0.000000E+00  0.000000E+00  0.000000E+00  0.555064E+00
  0.846122E+02  0.544845E+00  0.395169E+00  0.000000E+00  0.000000E+00  0.000000E+00  0.521746E+00
  0.874802E+02  0.512179E+00  0.371129E+00  0.000000E+00  0.000000E+00  0.000000E+00  0.490410E+00
  0.904453E+02  0.481460E+00  0.348521E+00  0.000000E+00  0.000000E+00  0.000000E+00  0.460943E+00
  0.935109E+02  0.452572E+00  0.327259E+00  0.000000E+00  0.000000E+00  0.000000E+00  0.433232E+00
  0.966806E+02  0.425405E+00  0.307263E+00  0.000000E+00  0.000000E+00  0.000000E+00  0.407172E+00
  0.999576E+02  0.399860E+00  0.288460E+00  0.000000E+00  0.000000E+00  0.000000E+00  0.382668E+00
  0.103346E+03  0.375840E+00  0.270778E+00  0.000000E+00  0.000000E+00  0.000000E+00  0.359626E+00
  0.106849E+03  0.353253E+00  0.254150E+00  0.000000E+00  0.000000E+00  0.000000E+00  0.337958E+00
  0.110470E+03  0.332016E+00  0.238515E+00  0.000000E+00  0.000000E+00  0.000000E+00  0.317586E+00
  0.114215E+03  0.312048E+00  0.223813E+00  0.000000E+00  0.000000E+00  0.000000E+00  0.298430E+00
  0.118086E+03  0.293273E+00  0.209989E+00  0.000000E+00  0.000000E+00  0.000000E+00  0.280420E+00
  0.122089E+03  0.275621E+00  0.196990E+00  0.000000E+00  0.000000E+00  0.000000E+00  0.263486E+00
  0.126227E+03  0.259025E+00  0.184769E+00  0.000000E+00  0.000000E+00  0.000000E+00  0.247565E+00
  0.130505E+03  0.243423E+00  0.173279E+00  0.000000E+00  0.000000E+00  0.000000E+00  0.232598E+00
  0.134928E+03  0.228755E+00  0.162475E+00  0.000000E+00  0.000000E+00  0.000000E+00  0.218526E+00
  0.139502E+03  0.214964E+00  0.152318E+00  0.000000E+00  0.000000E+00  0.000000E+00  0.205296E+00
  0.144230E+03  0.202000E+00  0.142769E+00  0.000000E+00  0.000000E+00  0.000000E+00  0.192859E+00
  0.149119E+03  0.189814E+00  0.133792E+00  0.000000E+00  0.000000E+00  0.000000E+00  0.181168E+00
  0.154173E+03  0.178358E+00  0.125353E+00  0.000000E+00  0.000000E+00  0.000000E+00  0.170178E+00
  0.159399E+03  0.167589E+00  0.117419E+00  0.000000E+00  0.000000E+00  0.000000E+00  0.159846E+00
  0.164802E+03  0.157466E+00  0.109961E+00  0.000000E+00  0.000000E+00  0.000000E+00  0.150134E+00
  0.170388E+03  0.147951E+00  0.102951E+00  0.000000E+00  0.000000E+00  0.000000E+00  0.141006E+00
  0.176164E+03  0.139006E+00  0.963617E-01  0.000000E+00  0.000000E+00  0.000000E+00  0.132425E+00
  0.182135E+03  0.130600E+00  0.901684E-01  0.000000E+00  0.000000E+00  0.000000E+00  0.124360E+00
  0.188308E+03  0.122698E+00  0.843475E-01  0.000000E+00  0.000000E+00  0.000000E+00  0.116780E+00
  0.194691E+03  0.115272E+00  0.788768E-01  0.000000E+00  0.000000E+00  0.000000E+00  0.109655E+00
  0.201290E+03  0.108291E+00  0.737353E-01  0.000000E+00  0.000000E+00  0.000000E+00  0.102958E+00
