  0.108800E-04  0.824885E+07  0.824885E+07  0.109961E+08  0.109961E+08  0.000000E+00  0.824885E+07
  0.112487E-04  0.824884E+07  0.824884E+07  0.109959E+08  0.109959E+08  0.000000E+00  0.824884E+07
  0.116300E-04  0.824884E+07  0.824884E+07  0.109957E+08  0.109957E+08  0.000000E+00  0.824884E+07
  0.120242E-04  0.824884E+07  0.824884E+07  0.109956E+08  0.109956E+08  0.000000E+00  0.824884E+07
  0.124318E-04  0.824884E+07  0.824884E+07  0.109954E+08  0.109954E+08  0.000000E+00  0.824884E+07
  0.128531E-04  0.824884E+07  0.824884E+07  0.109951E+08  0.109951E+08  0.000000E+00  0.824884E+07
  0.132888E-04  0.824884E+07  0.824884E+07  0.109949E+08  0.109949E+08  0.000000E+00  0.824884E+07
  0.137392E-04  0.824884E+07  0.824884E+07  0.109947E+08  0.109947E+08  0.000000E+00  0.824884E+07
  0.142049E-04  0.824884E+07  0.824884E+07  0.109944E+08  0.109944E+08  0.000000E+00  0.824884E+07
  0.146864E-04  0.824884E+07  0.824884E+07  0.109941E+08  0.109941E+08  0.000000E+00  0.824884E+07
  0.151842E-04  0.824884E+07  0.824884E+07  0.109938E+08  0.109938E+08  0.000000E+00  0.824884E+07
  0.156989E-04  0.824884E+07  0.824884E+07  0.109935E+08  0.109935E+08  0.000000E+00  0.824884E+07
  0.162310E-04  0.824883E+07  0.824883E+07  0.109932E+08  0.109931E+08  0.000000E+00  0.824883E+07
  0.167811E-04  0.824883E+07  0.824883E+07  0.109928E+08  0.109928E+08  0.000000E+00  0.824883E+07
  0.173499E-04  0.824883E+07  0.824883E+07  0.109924E+08  0.109924E+08  0.000000E+00  0.824883E+07
  0.179380E-04  0.824883E+07  0.824883E+07  0.109920E+08  0.109920E+08  0.000000E+00  0.824883E+07
  0.185460E-04  0.824883E+07  0.824883E+07  0.109915E+08  0.109915E+08  0.000000E+00  0.824883E+07
  0.191746E-04  0.824882E+07  0.824882E+07  0.109911E+08  0.109910E+08  0.000000E+00  0.824882E+07
  0.198246E-04  0.824882E+07  0.824882E+07  0.109906E+08  0.109905E+08  0.000000E+00  0.824882E+07
  0.204965E-04  0.824882E+07  0.824882E+07  0.109900E+08  0.109900E+08  0.000000E+00  0.824882E+07
  0.211913E-04  0.824882E+07  0.824882E+07  0.109894E+08  0.109894E+08  0.000000E+00  0.824882E+07
  0.219095E-04  0.824882E+07  0.824882E+07  0.109888E+08  0.109888E+08  0.000000E+00  0.824882E+07
  0.226522E-04  0.824881E+07  0.824881E+07  0.109881E+08  0.109881E+08  0.000000E+00  0.824881E+07
  0.234200E-04  0.824881E+07  0.824881E+07  0.109874E+08  0.109874E+08  0.000000E+00  0.824881E+07
  0.242138E-04  0.824881E+07  0.824881E+07  0.109867E+08  0.109866E+08  0.000000E+00  0.824881E+07
  0.250345E-04  0.824880E+07  0.824880E+07  0.109859E+08  0.109858E+08  0.000000E+00  0.824880E+07
  0.258831E-04  0.824880E+07  0.824880E+07  0.109850E+08  0.109849E+08  0.000000E+00  0.824880E+07
  0.267604E-04  0.824880E+07  0.824880E+07  0.109841E+08  0.109840E+08  0.000000E+00  0.824880E+07
  0.276674E-04  0.824879E+07  0.824879E+07  0.109831E+08  0.109830E+08  0.000000E+00  0.824879E+07
  0.286052E-04  0.824879E+07  0.824879E+07  0.109820E+08  0.109819E+08  0.000000E+00  0.824879E+07
  0.295748E-04  0.824878E+07  0.824878E+07  0.109809E+08  0.109808E+08  0.000000E+00  0.824878E+07
  0.305772E-04  0.824878E+07  0.824878E+07  0.109796E+08  0.109796E+08  0.000000E+00  0.824878E+07
  0.316136E-04  0.824877E+07  0.824877E+07  0.109784E+08  0.109783E+08  0.000000E+00  0.824877E+07
  0.326852E-04  0.824877E+07  0.824877E+07  0.109770E+08  0.109769E+08  0.000000E+00  0.824877E+07
  0.337931E-04  0.824876E+07  0.824876E+07  0.109755E+08  0.109754E+08  0.000000E+00  0.824876E+07
  0.349385E-04  0.824875E+07  0.824875E+07  0.109739E+08  0.109738E+08  0.000000E+00  0.824875E+07
  0.361227E-04  0.824875E+07  0.824875E+07  0.109722E+08  0.109721E+08  0.000000E+00  0.824875E+07
  0.373471E-04  0.824874E+07  0.824874E+07  0.109704E+08  0.109703E+08  0.000000E+00  0.824874E+07
  0.386130E-04  0.824873E+07  0.824873E+07  0.109685E+08  0.109684E+08  0.000000E+00  0.824873E+07
  0.399218E-04  0.824872E+07  0.824872E+07  0.109664E+08  0.109663E+08  0.000000E+00  0.824872E+07
  0.412749E-04  0.824871E+07  0.824871E+07  0.109642E+08  0.109641E+08  0.000000E+00  0.824871E+07
  0.426740E-04  0.824870E+07  0.824870E+07  0.109618E+08  0.109617E+08  0.000000E+00  0.824870E+07
  0.441204E-04  0.824869E+07  0.824869E+07  0.109593E+08  0.109592E+08  0.000000E+00  0.824869E+07
  0.456159E-04  0.824868E+07  0.824868E+07  0.109566E+08  0.109565E+08  0.000000E+00  0.824868E+07
  0.471620E-04  0.824867E+07  0.824867E+07  0.109537E+08  0.109536E+08  0.000000E+00  0.824867E+07
  0.487606E-04  0.824866E+07  0.824866E+07  0.109507E+08  0.109505E+08  0.000000E+00  0.824866E+07
  0.504133E-04  0.824864E+07  0.824864E+07  0.109474E+08  0.109472E+08  0.000000E+00  0.824864E+07
  0.521221E-04  0.824863E+07  0.824863E+07  0.109439E+08  0.109437E+08  0.000000E+00  0.824863E+07
  0.538888E-04  0.824862E+07  0.824861E+07  0.109401E+08  0.109399E+08  0.000000E+00  0.824862E+07
  0.557153E-04  0.824860E+07  0.824860E+07  0.109361E+08  0.109359E+08  0.000000E+00  0.824860E+07
  0.576038E-04  0.824858E+07  0.824858E+07  0.109318E+08  0.109316E+08  0.000000E+00  0.824858E+07
  0.595563E-04  0.824856E+07  0.824856E+07  0.109272E+08  0.109270E+08  0.000000E+00  0.824856E+07
  0.615750E-04  0.824854E+07  0.824854E+07  0.109223E+08  0.109221E+08  0.000000E+00  0.824854E+07
  0.636621E-04  0.824852E+07  0.824852E+07  0.109171E+08  0.109168E+08  0.000000E+00  0.824852E+07
  0.658199E-04  0.824850E+07  0.824850E+07  0.109115E+08  0.109112E+08  0.000000E+00  0.824850E+07
  0.680509E-04  0.824847E+07  0.824847E+07  0.109055E+08  0.109052E+08  0.000000E+00  0.824847E+07
  0.703575E-04  0.824845E+07  0.824844E+07  0.108991E+08  0.108988E+08  0.000000E+00  0.824845E+07
  0.727422E-04  0.824842E+07  0.824842E+07  0.108923E+08  0.108920E+08  0.000000E+00  0.824842E+07
  0.752079E-04  0.824839E+07  0.824839E+07  0.108850E+08  0.108847E+08  0.000000E+00  0.824839E+07
  0.777570E-04  0.824836E+07  0.824835E+07  0.108773E+08  0.108769E+08  0.000000E+00  0.824836E+07
  0.803926E-04  0.824832E+07  0.824832E+07  0.108690E+08  0.108685E+08  0.000000E+00  0.824832E+07
  0.831175E-04  0.824828E+07  0.824828E+07  0.108601E+08  0.108596E+08  0.000000E+00  0.824828E+07
  0.859348E-04  0.824824E+07  0.824824E+07  0.108506E+08  0.108501E+08  0.000000E+00  0.824824E+07
  0.888476E-04  0.824820E+07  0.824820E+07  0.108405E+08  0.108400E+08  0.000000E+00  0.824820E+07
  0.918591E-04  0.824816E+07  0.824816E+07  0.108297E+08  0.108291E+08  0.000000E+00  0.824816E+07
  0.949726E-04  0.824811E+07  0.824811E+07  0.108181E+08  0.108175E+08  0.000000E+00  0.824811E+07
  0.981917E-04  0.824806E+07  0.824806E+07  0.108058E+08  0.108052E+08  0.000000E+00  0.824806E+07
  0.101520E-03  0.824800E+07  0.824800E+07  0.107926E+08  0.107920E+08  0.000000E+00  0.824800E+07
  0.104961E-03  0.824794E+07  0.824794E+07  0.107786E+08  0.107779E+08  0.000000E+00  0.824794E+07
  0.108519E-03  0.824788E+07  0.824788E+07  0.107636E+08  0.107628E+08  0.000000E+00  0.824788E+07
  0.112197E-03  0.824782E+07  0.824781E+07  0.107475E+08  0.107467E+08  0.000000E+00  0.824782E+07
  0.116000E-03  0.824774E+07  0.824774E+07  0.107304E+08  0.107296E+08  0.000000E+00  0.824774E+07
  0.119932E-03  0.824767E+07  0.824766E+07  0.107122E+08  0.107113E+08  0.000000E+00  0.824767E+07
  0.123997E-03  0.824759E+07  0.824758E+07  0.106927E+08  0.106917E+08  0.000000E+00  0.824759E+07
  0.128200E-03  0.824750E+07  0.824749E+07  0.106719E+08  0.106709E+08  0.000000E+00  0.824750E+07
  0.132545E-03  0.824740E+07  0.824740E+07  0.106497E+08  0.106486E+08  0.000000E+00  0.824740E+07
  0.137038E-03  0.824730E+07  0.824730E+07  0.106261E+08  0.106249E+08  0.000000E+00  0.824730E+07
  0.141683E-03  0.824720E+07  0.824719E+07  0.106009E+08  0.105996E+08  0.000000E+00  0.824720E+07
  0.146485E-03  0.824708E+07  0.824708E+07  0.105740E+08  0.105726E+08  0.000000E+00  0.824708E+07
  0.151450E-03  0.824696E+07  0.824696E+07  0.105453E+08  0.105438E+08  0.000000E+00  0.824696E+07
  0.156583E-03  0.824683E+07  0.824683E+07  0.105147E+08  0.105132E+08  0.000000E+00  0.824683E+07
  0.161891E-03  0.824669E+07  0.824669E+07  0.104821E+08  0.104805E+08  0.000000E+00  0.824669E+07
  0.167378E-03  0.824655E+07  0.824654E+07  0.104473E+08  0.104456E+08  0.000000E+00  0.824655E+07
  0.173051E-03  0.824639E+07  0.824638E+07  0.104103E+08  0.104085E+08  0.000000E+00  0.824639E+07
  0.178917E-03  0.824622E+07  0.824621E+07  0.103709E+08  0.103689E+08  0.000000E+00  0.824622E+07
  0.184981E-03  0.824604E+07  0.824603E+07  0.103289E+08  0.103268E+08  0.000000E+00  0.824604E+07
  0.191251E-03  0.824584E+07  0.824583E+07  0.102842E+08  0.102820E+08  0.000000E+00  0.824584E+07
  0.197734E-03  0.824564E+07  0.824563E+07  0.102366E+08  0.102342E+08  0.000000E+00  0.824564E+07
  0.204436E-03  0.824542E+07  0.824541E+07  0.101859E+08  0.101834E+08  0.000000E+00  0.824542E+07
  0.211366E-03  0.824518E+07  0.824517E+07  0.101320E+08  0.101294E+08  0.000000E+00  0.824518E+07
  0.218530E-03  0.824493E+07  0.824492E+07  0.100747E+08  0.100719E+08  0.000000E+00  0.824493E+07
  0.225937E-03  0.824466E+07  0.824465E+07  0.100138E+08  0.100109E+08  0.000000E+00  0.824466E+07
  0.233595E-03  0.824437E+07  0.824436E+07  0.994910E+07  0.994597E+07  0.000000E+00  0.824437E+07
  0.241513E-03  0.824407E+07  0.824405E+07  0.988035E+07  0.987704E+07  0.000000E+00  0.824407E+07
  0.249699E-03  0.824374E+07  0.824372E+07  0.980736E+07  0.980386E+07  0.000000E+00  0.824374E+07
  0.258162E-03  0.824339E+07  0.824337E+07  0.972991E+07  0.972620E+07  0.000000E+00  0.824339E+07
  0.266913E-03  0.824302E+07  0.824300E+07  0.964775E+07  0.964384E+07  0.000000E+00  0.824302E+07
  0.275960E-03  0.824262E+07  0.824260E+07  0.956066E+07  0.955652E+07  0.000000E+00  0.824262E+07
  0.285314E-03  0.824219E+07  0.824217E+07  0.946839E+07  0.946402E+07  0.000000E+00  0.824219E+07
  0.294984E-03  0.824174E+07  0.824172E+07  0.937069E+07  0.936609E+07  0.000000E+00  0.824174E+07
  0.304983E-03  0.824126E+07  0.824123E+07  0.926732E+07  0.926247E+07  0.000000E+00  0.824125E+07
  0.315320E-03  0.824074E+07  0.824071E+07  0.915801E+07  0.915292E+07  0.000000E+00  0.824074E+07
  0.326008E-03  0.824019E+07  0.824016E+07  0.904253E+07  0.903718E+07  0.000000E+00  0.824019E+07
  0.337058E-03  0.823960E+07  0.823957E+07  0.892062E+07  0.891501E+07  0.000000E+00  0.823960E+07
  0.348483E-03  0.823897E+07  0.823894E+07  0.879205E+07  0.878617E+07  0.000000E+00  0.823897E+07
  0.360295E-03  0.823830E+07  0.823827E+07  0.865656E+07  0.865041E+07  0.000000E+00  0.823830E+07
  0.372507E-03  0.823759E+07  0.823755E+07  0.851394E+07  0.850752E+07  0.000000E+00  0.823759E+07
  0.385133E-03  0.823683E+07  0.823679E+07  0.836398E+07  0.835728E+07  0.000000E+00  0.823682E+07
  0.398187E-03  0.823601E+07  0.823597E+07  0.820647E+07  0.819950E+07  0.000000E+00  0.823601E+07
  0.411684E-03  0.823515E+07  0.823511E+07  0.804126E+07  0.803403E+07  0.000000E+00  0.823515E+07
  0.425638E-03  0.823423E+07  0.823418E+07  0.786820E+07  0.786070E+07  0.000000E+00  0.823423E+07
  0.440065E-03  0.823324E+07  0.823320E+07  0.768718E+07  0.767943E+07  0.000000E+00  0.823324E+07
  0.454981E-03  0.823220E+07  0.823215E+07  0.749814E+07  0.749014E+07  0.000000E+00  0.823220E+07
  0.470403E-03  0.823108E+07  0.823103E+07  0.730103E+07  0.729282E+07  0.000000E+00  0.823108E+07
  0.486347E-03  0.822990E+07  0.822984E+07  0.709591E+07  0.708749E+07  0.000000E+00  0.822989E+07
  0.502832E-03  0.822863E+07  0.822857E+07  0.688285E+07  0.687426E+07  0.000000E+00  0.822863E+07
  0.519875E-03  0.822729E+07  0.822722E+07  0.666202E+07  0.665327E+07  0.000000E+00  0.822729E+07
  0.537497E-03  0.822586E+07  0.822578E+07  0.643365E+07  0.642479E+07  0.000000E+00  0.822585E+07
  0.555715E-03  0.822433E+07  0.822426E+07  0.619806E+07  0.618912E+07  0.000000E+00  0.822433E+07
  0.574551E-03  0.822272E+07  0.822263E+07  0.595566E+07  0.594670E+07  0.000000E+00  0.822271E+07
  0.594026E-03  0.822099E+07  0.822090E+07  0.570698E+07  0.569803E+07  0.000000E+00  0.822099E+07
  0.614160E-03  0.821917E+07  0.821907E+07  0.545263E+07  0.544376E+07  0.000000E+00  0.821916E+07
  0.634977E-03  0.821722E+07  0.821712E+07  0.519335E+07  0.518462E+07  0.000000E+00  0.821722E+07
  0.656500E-03  0.821516E+07  0.821505E+07  0.493001E+07  0.492149E+07  0.000000E+00  0.821516E+07
  0.678752E-03  0.821297E+07  0.821285E+07  0.466360E+07  0.465535E+07  0.000000E+00  0.821297E+07
  0.701758E-03  0.821065E+07  0.821052E+07  0.439522E+07  0.438733E+07  0.000000E+00  0.821064E+07
  0.725544E-03  0.820818E+07  0.820805E+07  0.412612E+07  0.411866E+07  0.000000E+00  0.820818E+07
  0.750137E-03  0.820557E+07  0.820543E+07  0.385765E+07  0.385071E+07  0.000000E+00  0.820556E+07
  0.775563E-03  0.820280E+07  0.820265E+07  0.359130E+07  0.358495E+07  0.000000E+00  0.820279E+07
  0.801851E-03  0.819987E+07  0.819970E+07  0.332864E+07  0.332296E+07  0.000000E+00  0.819986E+07
  0.829029E-03  0.819676E+07  0.819659E+07  0.307132E+07  0.306639E+07  0.000000E+00  0.819676E+07
  0.857129E-03  0.819347E+07  0.819329E+07  0.282107E+07  0.281694E+07  0.000000E+00  0.819347E+07
  0.886182E-03  0.819000E+07  0.818980E+07  0.257962E+07  0.257636E+07  0.000000E+00  0.818999E+07
  0.916219E-03  0.818633E+07  0.818612E+07  0.234871E+07  0.234636E+07  0.000000E+00  0.818632E+07
  0.947274E-03  0.818245E+07  0.818222E+07  0.213001E+07  0.212860E+07  0.000000E+00  0.818244E+07
  0.979383E-03  0.817835E+07  0.817811E+07  0.192511E+07  0.192464E+07  0.000000E+00  0.817834E+07
  0.101258E-02  0.817403E+07  0.817377E+07  0.173543E+07  0.173588E+07  0.000000E+00  0.817402E+07
  0.104690E-02  0.816947E+07  0.816920E+07  0.156218E+07  0.156350E+07  0.000000E+00  0.816946E+07
  0.108239E-02  0.816467E+07  0.816437E+07  0.140627E+07  0.140839E+07  0.000000E+00  0.816466E+07
  0.111907E-02  0.815960E+07  0.815929E+07  0.126830E+07  0.127111E+07  0.000000E+00  0.815960E+07
  0.115700E-02  0.815428E+07  0.815394E+07  0.114846E+07  0.115183E+07  0.000000E+00  0.815427E+07
  0.119622E-02  0.814867E+07  0.814832E+07  0.104652E+07  0.105028E+07  0.000000E+00  0.814866E+07
  0.123677E-02  0.814278E+07  0.814240E+07  0.961751E+06  0.965715E+06  0.000000E+00  0.814277E+07
  0.127869E-02  0.813659E+07  0.813618E+07  0.892961E+06  0.896922E+06  0.000000E+00  0.813658E+07
  0.132203E-02  0.813009E+07  0.812965E+07  0.838473E+06  0.842215E+06  0.000000E+00  0.813007E+07
  0.136684E-02  0.812326E+07  0.812280E+07  0.796175E+06  0.799486E+06  0.000000E+00  0.812325E+07
  0.141317E-02  0.811610E+07  0.811561E+07  0.763596E+06  0.766276E+06  0.000000E+00  0.811609E+07
  0.146107E-02  0.810860E+07  0.810807E+07  0.738009E+06  0.739890E+06  0.000000E+00  0.810858E+07
  0.151059E-02  0.810073E+07  0.810016E+07  0.716578E+06  0.717536E+06  0.000000E+00  0.810071E+07
  0.156179E-02  0.809249E+07  0.809189E+07  0.696528E+06  0.696496E+06  0.000000E+00  0.809247E+07
  0.161473E-02  0.808386E+07  0.808322E+07  0.675335E+06  0.674316E+06  0.000000E+00  0.808384E+07
  0.166946E-02  0.807484E+07  0.807415E+07  0.650926E+06  0.648993E+06  0.000000E+00  0.807482E+07
  0.172605E-02  0.806539E+07  0.806466E+07  0.621863E+06  0.619159E+06  0.000000E+00  0.806537E+07
  0.178455E-02  0.805552E+07  0.805474E+07  0.587483E+06  0.584213E+06  0.000000E+00  0.805550E+07
  0.184504E-02  0.804521E+07  0.804437E+07  0.547992E+06  0.544393E+06  0.000000E+00  0.804518E+07
  0.190758E-02  0.803443E+07  0.803354E+07  0.504454E+06  0.500773E+06  0.000000E+00  0.803440E+07
  0.197223E-02  0.802317E+07  0.802222E+07  0.458693E+06  0.455140E+06  0.000000E+00  0.802314E+07
  0.203908E-02  0.801142E+07  0.801041E+07  0.413072E+06  0.409783E+06  0.000000E+00  0.801139E+07
  0.210820E-02  0.799916E+07  0.799808E+07  0.370174E+06  0.367172E+06  0.000000E+00  0.799912E+07
  0.217966E-02  0.798636E+07  0.798522E+07  0.332415E+06  0.329585E+06  0.000000E+00  0.798633E+07
  0.225354E-02  0.797303E+07  0.797180E+07  0.301631E+06  0.298713E+06  0.000000E+00  0.797299E+07
  0.232992E-02  0.795912E+07  0.795782E+07  0.278713E+06  0.275329E+06  0.000000E+00  0.795908E+07
  0.240889E-02  0.794464E+07  0.794325E+07  0.263379E+06  0.259093E+06  0.000000E+00  0.794459E+07
  0.249054E-02  0.792955E+07  0.792807E+07  0.254142E+06  0.248547E+06  0.000000E+00  0.792950E+07
  0.257496E-02  0.791384E+07  0.791226E+07  0.000000E+00  0.000000E+00  0.000000E+00  0.791379E+07
  0.266224E-02  0.789749E+07  0.789581E+07  0.000000E+00  0.000000E+00  0.000000E+00  0.789744E+07
  0.275248E-02  0.788048E+07  0.787870E+07  0.000000E+00  0.000000E+00  0.000000E+00  0.788043E+07
  0.284577E-02  0.786280E+07  0.786090E+07  0.000000E+00  0.000000E+00  0.000000E+00  0.786274E+07
  0.294223E-02  0.784442E+07  0.784239E+07  0.000000E+00  0.000000E+00  0.000000E+00  0.784435E+07
  0.304196E-02  0.782531E+07  0.782315E+07  0.000000E+00  0.000000E+00  0.000000E+00  0.782525E+07
  0.314506E-02  0.780547E+07  0.780317E+07  0.000000E+00  0.000000E+00  0.000000E+00  0.780540E+07
  0.325166E-02  0.778488E+07  0.778243E+07  0.000000E+00  0.000000E+00  0.000000E+00  0.778480E+07
  0.336188E-02  0.776350E+07  0.776089E+07  0.000000E+00  0.000000E+00  0.000000E+00  0.776342E+07
  0.347583E-02  0.774132E+07  0.773855E+07  0.000000E+00  0.000000E+00  0.000000E+00  0.774123E+07
  0.359365E-02  0.771832E+07  0.771537E+07  0.000000E+00  0.000000E+00  0.000000E+00  0.771823E+07
  0.371545E-02  0.769448E+07  0.769135E+07  0.000000E+00  0.000000E+00  0.000000E+00  0.769438E+07
  0.384139E-02  0.766978E+07  0.766645E+07  0.000000E+00  0.000000E+00  0.000000E+00  0.766968E+07
  0.397159E-02  0.764420E+07  0.764065E+07  0.000000E+00  0.000000E+00  0.000000E+00  0.764409E+07
  0.410621E-02  0.761772E+07  0.761394E+07  0.000000E+00  0.000000E+00  0.000000E+00  0.761760E+07
  0.424539E-02  0.759031E+07  0.758630E+07  0.000000E+00  0.000000E+00  0.000000E+00  0.759019E+07
  0.438929E-02  0.756196E+07  0.755770E+07  0.000000E+00  0.000000E+00  0.000000E+00  0.756183E+07
  0.453806E-02  0.753265E+07  0.752812E+07  0.000000E+00  0.000000E+00  0.000000E+00  0.753251E+07
  0.469188E-02  0.750236E+07  0.749754E+07  0.000000E+00  0.000000E+00  0.000000E+00  0.750221E+07
  0.485091E-02  0.747106E+07  0.746595E+07  0.000000E+00  0.000000E+00  0.000000E+00  0.747090E+07
  0.501534E-02  0.743875E+07  0.743331E+07  0.000000E+00  0.000000E+00  0.000000E+00  0.743858E+07
  0.518533E-02  0.740539E+07  0.739962E+07  0.000000E+00  0.000000E+00  0.000000E+00  0.740521E+07
  0.536109E-02  0.737097E+07  0.736484E+07  0.000000E+00  0.000000E+00  0.000000E+00  0.737078E+07
  0.554280E-02  0.733548E+07  0.732897E+07  0.000000E+00  0.000000E+00  0.000000E+00  0.733527E+07
  0.573068E-02  0.729888E+07  0.729198E+07  0.000000E+00  0.000000E+00  0.000000E+00  0.729867E+07
  0.592492E-02  0.726118E+07  0.725386E+07  0.000000E+00  0.000000E+00  0.000000E+00  0.726095E+07
  0.612574E-02  0.722235E+07  0.721458E+07  0.000000E+00  0.000000E+00  0.000000E+00  0.722210E+07
  0.633338E-02  0.718237E+07  0.717414E+07  0.000000E+00  0.000000E+00  0.000000E+00  0.718211E+07
  0.654805E-02  0.714123E+07  0.713250E+07  0.000000E+00  0.000000E+00  0.000000E+00  0.714095E+07
  0.677000E-02  0.709891E+07  0.708966E+07  0.000000E+00  0.000000E+00  0.000000E+00  0.709862E+07
  0.699947E-02  0.705539E+07  0.704560E+07  0.000000E+00  0.000000E+00  0.000000E+00  0.705509E+07
  0.723671E-02  0.701068E+07  0.700030E+07  0.000000E+00  0.000000E+00  0.000000E+00  0.701035E+07
  0.748200E-02  0.696474E+07  0.695376E+07  0.000000E+00  0.000000E+00  0.000000E+00  0.696439E+07
  0.773561E-02  0.691757E+07  0.690595E+07  0.000000E+00  0.000000E+00  0.000000E+00  0.691720E+07
  0.799781E-02  0.686916E+07  0.685686E+07  0.000000E+00  0.000000E+00  0.000000E+00  0.686877E+07
  0.826889E-02  0.681949E+07  0.680649E+07  0.000000E+00  0.000000E+00  0.000000E+00  0.681908E+07
  0.854917E-02  0.676855E+07  0.675481E+07  0.000000E+00  0.000000E+00  0.000000E+00  0.676812E+07
  0.883894E-02  0.671635E+07  0.670183E+07  0.000000E+00  0.000000E+00  0.000000E+00  0.671589E+07
  0.913854E-02  0.666286E+07  0.664752E+07  0.000000E+00  0.000000E+00  0.000000E+00  0.666237E+07
  0.944829E-02  0.660807E+07  0.659189E+07  0.000000E+00  0.000000E+00  0.000000E+00  0.660756E+07
  0.976854E-02  0.655200E+07  0.653491E+07  0.000000E+00  0.000000E+00  0.000000E+00  0.655146E+07
  0.100996E-01  0.649461E+07  0.647660E+07  0.000000E+00  0.000000E+00  0.000000E+00  0.649405E+07
  0.104420E-01  0.643593E+07  0.641694E+07  0.000000E+00  0.000000E+00  0.000000E+00  0.643533E+07
  0.107959E-01  0.637593E+07  0.635593E+07  0.000000E+00  0.000000E+00  0.000000E+00  0.637530E+07
  0.111618E-01  0.631462E+07  0.629357E+07  0.000000E+00  0.000000E+00  0.000000E+00  0.631396E+07
  0.115402E-01  0.625200E+07  0.622985E+07  0.000000E+00  0.000000E+00  0.000000E+00  0.625130E+07
  0.119313E-01  0.618807E+07  0.616478E+07  0.000000E+00  0.000000E+00  0.000000E+00  0.618734E+07
  0.123357E-01  0.612284E+07  0.609836E+07  0.000000E+00  0.000000E+00  0.000000E+00  0.612206E+07
  0.127539E-01  0.605629E+07  0.603060E+07  0.000000E+00  0.000000E+00  0.000000E+00  0.605548E+07
  0.131862E-01  0.598846E+07  0.596150E+07  0.000000E+00  0.000000E+00  0.000000E+00  0.598761E+07
  0.136331E-01  0.591933E+07  0.589108E+07  0.000000E+00  0.000000E+00  0.000000E+00  0.591844E+07
  0.140952E-01  0.584892E+07  0.581934E+07  0.000000E+00  0.000000E+00  0.000000E+00  0.584799E+07
  0.145730E-01  0.577724E+07  0.574630E+07  0.000000E+00  0.000000E+00  0.000000E+00  0.577627E+07
  0.150669E-01  0.570432E+07  0.567197E+07  0.000000E+00  0.000000E+00  0.000000E+00  0.570330E+07
  0.155776E-01  0.563016E+07  0.559638E+07  0.000000E+00  0.000000E+00  0.000000E+00  0.562909E+07
  0.161056E-01  0.555478E+07  0.551956E+07  0.000000E+00  0.000000E+00  0.000000E+00  0.555367E+07
  0.166515E-01  0.547821E+07  0.544153E+07  0.000000E+00  0.000000E+00  0.000000E+00  0.547706E+07
  0.172159E-01  0.540048E+07  0.536232E+07  0.000000E+00  0.000000E+00  0.000000E+00  0.539928E+07
  0.177994E-01  0.532161E+07  0.528198E+07  0.000000E+00  0.000000E+00  0.000000E+00  0.532036E+07
  0.184028E-01  0.524165E+07  0.520053E+07  0.000000E+00  0.000000E+00  0.000000E+00  0.524035E+07
  0.190265E-01  0.516062E+07  0.511804E+07  0.000000E+00  0.000000E+00  0.000000E+00  0.515928E+07
  0.196714E-01  0.507857E+07  0.503454E+07  0.000000E+00  0.000000E+00  0.000000E+00  0.507718E+07
  0.203382E-01  0.499555E+07  0.495011E+07  0.000000E+00  0.000000E+00  0.000000E+00  0.499412E+07
  0.210276E-01  0.491161E+07  0.486480E+07  0.000000E+00  0.000000E+00  0.000000E+00  0.491014E+07
  0.217403E-01  0.482681E+07  0.477869E+07  0.000000E+00  0.000000E+00  0.000000E+00  0.482530E+07
  0.224772E-01  0.474122E+07  0.469184E+07  0.000000E+00  0.000000E+00  0.000000E+00  0.473966E+07
  0.232390E-01  0.465489E+07  0.460436E+07  0.000000E+00  0.000000E+00  0.000000E+00  0.465330E+07
  0.240267E-01  0.456791E+07  0.451631E+07  0.000000E+00  0.000000E+00  0.000000E+00  0.456628E+07
  0.248411E-01  0.448035E+07  0.442781E+07  0.000000E+00  0.000000E+00  0.000000E+00  0.447870E+07
  0.256831E-01  0.439232E+07  0.433896E+07  0.000000E+00  0.000000E+00  0.000000E+00  0.439063E+07
  0.265537E-01  0.430389E+07  0.424987E+07  0.000000E+00  0.000000E+00  0.000000E+00  0.430219E+07
  0.274537E-01  0.421518E+07  0.416066E+07  0.000000E+00  0.000000E+00  0.000000E+00  0.421346E+07
  0.283842E-01  0.412628E+07  0.407145E+07  0.000000E+00  0.000000E+00  0.000000E+00  0.412456E+07
  0.293463E-01  0.403733E+07  0.398238E+07  0.000000E+00  0.000000E+00  0.000000E+00  0.403560E+07
  0.303410E-01  0.394844E+07  0.389358E+07  0.000000E+00  0.000000E+00  0.000000E+00  0.394671E+07
  0.313694E-01  0.385973E+07  0.380520E+07  0.000000E+00  0.000000E+00  0.000000E+00  0.385801E+07
  0.324327E-01  0.377134E+07  0.371736E+07  0.000000E+00  0.000000E+00  0.000000E+00  0.376964E+07
  0.335320E-01  0.368339E+07  0.363022E+07  0.000000E+00  0.000000E+00  0.000000E+00  0.368172E+07
  0.346686E-01  0.359603E+07  0.354391E+07  0.000000E+00  0.000000E+00  0.000000E+00  0.359438E+07
  0.358437E-01  0.350936E+07  0.345854E+07  0.000000E+00  0.000000E+00  0.000000E+00  0.350776E+07
  0.370586E-01  0.342353E+07  0.337425E+07  0.000000E+00  0.000000E+00  0.000000E+00  0.342198E+07
  0.383147E-01  0.333833E+07  0.329082E+07  0.000000E+00  0.000000E+00  0.000000E+00  0.333683E+07
  0.396134E-01  0.325365E+07  0.320811E+07  0.000000E+00  0.000000E+00  0.000000E+00  0.325221E+07
  0.409561E-01  0.317021E+07  0.312684E+07  0.000000E+00  0.000000E+00  0.000000E+00  0.316884E+07
  0.423443E-01  0.308814E+07  0.304708E+07  0.000000E+00  0.000000E+00  0.000000E+00  0.308684E+07
  0.437796E-01  0.300746E+07  0.296884E+07  0.000000E+00  0.000000E+00  0.000000E+00  0.300624E+07
  0.452635E-01  0.292816E+07  0.289205E+07  0.000000E+00  0.000000E+00  0.000000E+00  0.292702E+07
  0.467977E-01  0.285012E+07  0.281654E+07  0.000000E+00  0.000000E+00  0.000000E+00  0.284906E+07
  0.483839E-01  0.277323E+07  0.274214E+07  0.000000E+00  0.000000E+00  0.000000E+00  0.277225E+07
  0.500239E-01  0.269731E+07  0.266861E+07  0.000000E+00  0.000000E+00  0.000000E+00  0.269641E+07
  0.517194E-01  0.262226E+07  0.259579E+07  0.000000E+00  0.000000E+00  0.000000E+00  0.262142E+07
  0.534725E-01  0.254798E+07  0.252354E+07  0.000000E+00  0.000000E+00  0.000000E+00  0.254721E+07
  0.552850E-01  0.247449E+07  0.245179E+07  0.000000E+00  0.000000E+00  0.000000E+00  0.247377E+07
  0.571588E-01  0.240191E+07  0.238067E+07  0.000000E+00  0.000000E+00  0.000000E+00  0.240124E+07
  0.590963E-01  0.233065E+07  0.231051E+07  0.000000E+00  0.000000E+00  0.000000E+00  0.233002E+07
  0.610993E-01  0.226249E+07  0.224313E+07  0.000000E+00  0.000000E+00  0.000000E+00  0.226188E+07
  0.631703E-01  0.219335E+07  0.217441E+07  0.000000E+00  0.000000E+00  0.000000E+00  0.219275E+07
  0.653114E-01  0.212505E+07  0.210620E+07  0.000000E+00  0.000000E+00  0.000000E+00  0.212445E+07
  0.675252E-01  0.205752E+07  0.203850E+07  0.000000E+00  0.000000E+00  0.000000E+00  0.205692E+07
  0.698139E-01  0.199077E+07  0.197136E+07  0.000000E+00  0.000000E+00  0.000000E+00  0.199016E+07
  0.721803E-01  0.192489E+07  0.190496E+07  0.000000E+00  0.000000E+00  0.000000E+00  0.192426E+07
  0.746268E-01  0.186006E+07  0.183959E+07  0.000000E+00  0.000000E+00  0.000000E+00  0.185942E+07
  0.771564E-01  0.179658E+07  0.177564E+07  0.000000E+00  0.000000E+00  0.000000E+00  0.179592E+07
  0.797716E-01  0.173474E+07  0.171350E+07  0.000000E+00  0.000000E+00  0.000000E+00  0.173407E+07
  0.824755E-01  0.167476E+07  0.165347E+07  0.000000E+00  0.000000E+00  0.000000E+00  0.167409E+07
  0.852709E-01  0.161671E+07  0.159568E+07  0.000000E+00  0.000000E+00  0.000000E+00  0.161605E+07
  0.881612E-01  0.156054E+07  0.154010E+07  0.000000E+00  0.000000E+00  0.000000E+00  0.155990E+07
  0.911495E-01  0.150610E+07  0.148658E+07  0.000000E+00  0.000000E+00  0.000000E+00  0.150548E+07
  0.942390E-01  0.145326E+07  0.143492E+07  0.000000E+00  0.000000E+00  0.000000E+00  0.145268E+07
  0.974333E-01  0.140197E+07  0.138498E+07  0.000000E+00  0.000000E+00  0.000000E+00  0.140143E+07
  0.100736E+00  0.135218E+07  0.133661E+07  0.000000E+00  0.000000E+00  0.000000E+00  0.135169E+07
  0.104150E+00  0.130379E+07  0.128958E+07  0.000000E+00  0.000000E+00  0.000000E+00  0.130334E+07
  0.107680E+00  0.125661E+07  0.124357E+07  0.000000E+00  0.000000E+00  0.000000E+00  0.125620E+07
  0.111330E+00  0.121043E+07  0.119830E+07  0.000000E+00  0.000000E+00  0.000000E+00  0.121005E+07
  0.115104E+00  0.116511E+07  0.115358E+07  0.000000E+00  0.000000E+00  0.000000E+00  0.116475E+07
  0.119005E+00  0.112067E+07  0.110946E+07  0.000000E+00  0.000000E+00  0.000000E+00  0.112032E+07
  0.123039E+00  0.107721E+07  0.106608E+07  0.000000E+00  0.000000E+00  0.000000E+00  0.107686E+07
  0.127209E+00  0.103479E+07  0.102363E+07  0.000000E+00  0.000000E+00  0.000000E+00  0.103443E+07
  0.131521E+00  0.993510E+06  0.982321E+06  0.000000E+00  0.000000E+00  0.000000E+00  0.993158E+06
  0.135979E+00  0.953590E+06  0.942483E+06  0.000000E+00  0.000000E+00  0.000000E+00  0.953241E+06
  0.140588E+00  0.915291E+06  0.904446E+06  0.000000E+00  0.000000E+00  0.000000E+00  0.914949E+06
  0.145353E+00  0.878694E+06  0.868307E+06  0.000000E+00  0.000000E+00  0.000000E+00  0.878367E+06
  0.150280E+00  0.843606E+06  0.833820E+06  0.000000E+00  0.000000E+00  0.000000E+00  0.843298E+06
  0.155374E+00  0.809758E+06  0.800628E+06  0.000000E+00  0.000000E+00  0.000000E+00  0.809471E+06
  0.160640E+00  0.777002E+06  0.768486E+06  0.000000E+00  0.000000E+00  0.000000E+00  0.776734E+06
  0.166085E+00  0.745245E+06  0.737225E+06  0.000000E+00  0.000000E+00  0.000000E+00  0.744992E+06
  0.171715E+00  0.714344E+06  0.706675E+06  0.000000E+00  0.000000E+00  0.000000E+00  0.714103E+06
  0.177535E+00  0.684259E+06  0.676823E+06  0.000000E+00  0.000000E+00  0.000000E+00  0.684025E+06
  0.183553E+00  0.655119E+06  0.647863E+06  0.000000E+00  0.000000E+00  0.000000E+00  0.654890E+06
  0.189774E+00  0.627054E+06  0.619996E+06  0.000000E+00  0.000000E+00  0.000000E+00  0.626832E+06
  0.196206E+00  0.600118E+06  0.593318E+06  0.000000E+00  0.000000E+00  0.000000E+00  0.599904E+06
  0.202857E+00  0.574342E+06  0.567861E+06  0.000000E+00  0.000000E+00  0.000000E+00  0.574138E+06
  0.209733E+00  0.549618E+06  0.543482E+06  0.000000E+00  0.000000E+00  0.000000E+00  0.549424E+06
  0.216842E+00  0.525761E+06  0.519951E+06  0.000000E+00  0.000000E+00  0.000000E+00  0.525578E+06
  0.224192E+00  0.502755E+06  0.497221E+06  0.000000E+00  0.000000E+00  0.000000E+00  0.502581E+06
  0.231791E+00  0.480598E+06  0.475292E+06  0.000000E+00  0.000000E+00  0.000000E+00  0.480431E+06
  0.239647E+00  0.459208E+06  0.454106E+06  0.000000E+00  0.000000E+00  0.000000E+00  0.459047E+06
  0.247770E+00  0.438655E+06  0.433761E+06  0.000000E+00  0.000000E+00  0.000000E+00  0.438501E+06
  0.256168E+00  0.418981E+06  0.414308E+06  0.000000E+00  0.000000E+00  0.000000E+00  0.418834E+06
  0.264851E+00  0.400087E+06  0.395639E+06  0.000000E+00  0.000000E+00  0.000000E+00  0.399947E+06
  0.273828E+00  0.381965E+06  0.377729E+06  0.000000E+00  0.000000E+00  0.000000E+00  0.381831E+06
  0.283110E+00  0.364562E+06  0.360520E+06  0.000000E+00  0.000000E+00  0.000000E+00  0.364434E+06
  0.292706E+00  0.347834E+06  0.343972E+06  0.000000E+00  0.000000E+00  0.000000E+00  0.347712E+06
  0.302627E+00  0.331805E+06  0.328117E+06  0.000000E+00  0.000000E+00  0.000000E+00  0.331688E+06
  0.312884E+00  0.316434E+06  0.312918E+06  0.000000E+00  0.000000E+00  0.000000E+00  0.316323E+06
  0.323490E+00  0.301716E+06  0.298366E+06  0.000000E+00  0.000000E+00  0.000000E+00  0.301611E+06
  0.334454E+00  0.287606E+06  0.284414E+06  0.000000E+00  0.000000E+00  0.000000E+00  0.287506E+06
  0.345791E+00  0.274096E+06  0.271054E+06  0.000000E+00  0.000000E+00  0.000000E+00  0.274000E+06
  0.357512E+00  0.261155E+06  0.258256E+06  0.000000E+00  0.000000E+00  0.000000E+00  0.261064E+06
  0.369629E+00  0.248775E+06  0.246014E+06  0.000000E+00  0.000000E+00  0.000000E+00  0.248688E+06
  0.382158E+00  0.236925E+06  0.234295E+06  0.000000E+00  0.000000E+00  0.000000E+00  0.236842E+06
  0.395111E+00  0.225595E+06  0.223092E+06  0.000000E+00  0.000000E+00  0.000000E+00  0.225517E+06
  0.408504E+00  0.214756E+06  0.212372E+06  0.000000E+00  0.000000E+00  0.000000E+00  0.214681E+06
  0.422350E+00  0.204402E+06  0.202134E+06  0.000000E+00  0.000000E+00  0.000000E+00  0.204331E+06
  0.436666E+00  0.194503E+06  0.192345E+06  0.000000E+00  0.000000E+00  0.000000E+00  0.194435E+06
  0.451466E+00  0.185051E+06  0.182998E+06  0.000000E+00  0.000000E+00  0.000000E+00  0.184987E+06
  0.466769E+00  0.176025E+06  0.174071E+06  0.000000E+00  0.000000E+00  0.000000E+00  0.175963E+06
  0.482590E+00  0.167405E+06  0.165547E+06  0.000000E+00  0.000000E+00  0.000000E+00  0.167346E+06
  0.498948E+00  0.159179E+06  0.157413E+06  0.000000E+00  0.000000E+00  0.000000E+00  0.159123E+06
  0.515859E+00  0.151329E+06  0.149650E+06  0.000000E+00  0.000000E+00  0.000000E+00  0.151276E+06
  0.533344E+00  0.143837E+06  0.142241E+06  0.000000E+00  0.000000E+00  0.000000E+00  0.143787E+06
  0.551422E+00  0.136692E+06  0.135175E+06  0.000000E+00  0.000000E+00  0.000000E+00  0.136644E+06
  0.570113E+00  0.129878E+06  0.128437E+06  0.000000E+00  0.000000E+00  0.000000E+00  0.129832E+06
  0.589437E+00  0.123381E+06  0.122012E+06  0.000000E+00  0.000000E+00  0.000000E+00  0.123338E+06
  0.609416E+00  0.117188E+06  0.115888E+06  0.000000E+00  0.000000E+00  0.000000E+00  0.117147E+06
  0.630072E+00  0.111287E+06  0.110052E+06  0.000000E+00  0.000000E+00  0.000000E+00  0.111248E+06
  0.651428E+00  0.105666E+06  0.104494E+06  0.000000E+00  0.000000E+00  0.000000E+00  0.105629E+06
  0.673509E+00  0.100313E+06  0.992003E+05  0.000000E+00  0.000000E+00  0.000000E+00  0.100278E+06
  0.696337E+00  0.952173E+05  0.941612E+05  0.000000E+00  0.000000E+00  0.000000E+00  0.951840E+05
  0.719940E+00  0.903665E+05  0.893642E+05  0.000000E+00  0.000000E+00  0.000000E+00  0.903349E+05
  0.744342E+00  0.857496E+05  0.847986E+05  0.000000E+00  0.000000E+00  0.000000E+00  0.857197E+05
  0.769572E+00  0.813557E+05  0.804534E+05  0.000000E+00  0.000000E+00  0.000000E+00  0.813273E+05
  0.795656E+00  0.771746E+05  0.763187E+05  0.000000E+00  0.000000E+00  0.000000E+00  0.771476E+05
  0.822625E+00  0.731968E+05  0.723850E+05  0.000000E+00  0.000000E+00  0.000000E+00  0.731712E+05
  0.850508E+00  0.694135E+05  0.686437E+05  0.000000E+00  0.000000E+00  0.000000E+00  0.693893E+05
  0.879336E+00  0.658162E+05  0.650863E+05  0.000000E+00  0.000000E+00  0.000000E+00  0.657932E+05
  0.909141E+00  0.623970E+05  0.617050E+05  0.000000E+00  0.000000E+00  0.000000E+00  0.623752E+05
  0.939957E+00  0.591478E+05  0.584919E+05  0.000000E+00  0.000000E+00  0.000000E+00  0.591272E+05
  0.971817E+00  0.560603E+05  0.554386E+05  0.000000E+00  0.000000E+00  0.000000E+00  0.560407E+05
  0.100476E+01  0.531263E+05  0.525372E+05  0.000000E+00  0.000000E+00  0.000000E+00  0.531077E+05
  0.103881E+01  0.503391E+05  0.497809E+05  0.000000E+00  0.000000E+00  0.000000E+00  0.503215E+05
  0.107402E+01  0.476914E+05  0.471626E+05  0.000000E+00  0.000000E+00  0.000000E+00  0.476748E+05
  0.111043E+01  0.451776E+05  0.446766E+05  0.000000E+00  0.000000E+00  0.000000E+00  0.451618E+05
  0.114807E+01  0.427910E+05  0.423166E+05  0.000000E+00  0.000000E+00  0.000000E+00  0.427761E+05
  0.118698E+01  0.405260E+05  0.400766E+05  0.000000E+00  0.000000E+00  0.000000E+00  0.405118E+05
  0.122721E+01  0.383761E+05  0.379505E+05  0.000000E+00  0.000000E+00  0.000000E+00  0.383627E+05
  0.126881E+01  0.363355E+05  0.359326E+05  0.000000E+00  0.000000E+00  0.000000E+00  0.363228E+05
  0.131182E+01  0.343994E+05  0.340180E+05  0.000000E+00  0.000000E+00  0.000000E+00  0.343874E+05
  0.135628E+01  0.325628E+05  0.322017E+05  0.000000E+00  0.000000E+00  0.000000E+00  0.325514E+05
  0.140225E+01  0.308209E+05  0.304791E+05  0.000000E+00  0.000000E+00  0.000000E+00  0.308101E+05
  0.144978E+01  0.291687E+05  0.288453E+05  0.000000E+00  0.000000E+00  0.000000E+00  0.291586E+05
  0.149892E+01  0.276019E+05  0.272959E+05  0.000000E+00  0.000000E+00  0.000000E+00  0.275923E+05
  0.154973E+01  0.261164E+05  0.258268E+05  0.000000E+00  0.000000E+00  0.000000E+00  0.261073E+05
  0.160226E+01  0.247082E+05  0.244342E+05  0.000000E+00  0.000000E+00  0.000000E+00  0.246995E+05
  0.165656E+01  0.233735E+05  0.231143E+05  0.000000E+00  0.000000E+00  0.000000E+00  0.233653E+05
  0.171271E+01  0.221085E+05  0.218634E+05  0.000000E+00  0.000000E+00  0.000000E+00  0.221008E+05
  0.177077E+01  0.209098E+05  0.206780E+05  0.000000E+00  0.000000E+00  0.000000E+00  0.209025E+05
  0.183079E+01  0.197742E+05  0.195549E+05  0.000000E+00  0.000000E+00  0.000000E+00  0.197673E+05
  0.189284E+01  0.186984E+05  0.184911E+05  0.000000E+00  0.000000E+00  0.000000E+00  0.186919E+05
  0.195700E+01  0.176795E+05  0.174834E+05  0.000000E+00  0.000000E+00  0.000000E+00  0.176733E+05
  0.202333E+01  0.167145E+05  0.165291E+05  0.000000E+00  0.000000E+00  0.000000E+00  0.167086E+05
  0.209191E+01  0.158006E+05  0.156254E+05  0.000000E+00  0.000000E+00  0.000000E+00  0.157951E+05
  0.216282E+01  0.149354E+05  0.147698E+05  0.000000E+00  0.000000E+00  0.000000E+00  0.149302E+05
  0.223613E+01  0.141162E+05  0.139596E+05  0.000000E+00  0.000000E+00  0.000000E+00  0.141113E+05
  0.231192E+01  0.133407E+05  0.131927E+05  0.000000E+00  0.000000E+00  0.000000E+00  0.133360E+05
  0.239028E+01  0.126066E+05  0.124668E+05  0.000000E+00  0.000000E+00  0.000000E+00  0.126022E+05
  0.247130E+01  0.119119E+05  0.117798E+05  0.000000E+00  0.000000E+00  0.000000E+00  0.119078E+05
  0.255507E+01  0.112545E+05  0.111297E+05  0.000000E+00  0.000000E+00  0.000000E+00  0.112506E+05
  0.264167E+01  0.106324E+05  0.105145E+05  0.000000E+00  0.000000E+00  0.000000E+00  0.106287E+05
  0.273121E+01  0.100440E+05  0.993255E+04  0.000000E+00  0.000000E+00  0.000000E+00  0.100405E+05
  0.282379E+01  0.948726E+04  0.938202E+04  0.000000E+00  0.000000E+00  0.000000E+00  0.948394E+04
  0.291950E+01  0.896071E+04  0.886131E+04  0.000000E+00  0.000000E+00  0.000000E+00  0.895758E+04
  0.301846E+01  0.846271E+04  0.836882E+04  0.000000E+00  0.000000E+00  0.000000E+00  0.845975E+04
  0.312077E+01  0.799176E+04  0.790309E+04  0.000000E+00  0.000000E+00  0.000000E+00  0.798897E+04
  0.322655E+01  0.754642E+04  0.746269E+04  0.000000E+00  0.000000E+00  0.000000E+00  0.754378E+04
  0.333591E+01  0.712533E+04  0.704627E+04  0.000000E+00  0.000000E+00  0.000000E+00  0.712284E+04
  0.344898E+01  0.672721E+04  0.665256E+04  0.000000E+00  0.000000E+00  0.000000E+00  0.672486E+04
  0.356588E+01  0.635086E+04  0.628038E+04  0.000000E+00  0.000000E+00  0.000000E+00  0.634864E+04
  0.368675E+01  0.599510E+04  0.592856E+04  0.000000E+00  0.000000E+00  0.000000E+00  0.599301E+04
  0.381172E+01  0.565886E+04  0.559605E+04  0.000000E+00  0.000000E+00  0.000000E+00  0.565689E+04
  0.394091E+01  0.534113E+04  0.528183E+04  0.000000E+00  0.000000E+00  0.000000E+00  0.533926E+04
  0.407449E+01  0.504088E+04  0.498491E+04  0.000000E+00  0.000000E+00  0.000000E+00  0.503911E+04
  0.421259E+01  0.475719E+04  0.470436E+04  0.000000E+00  0.000000E+00  0.000000E+00  0.475552E+04
  0.435538E+01  0.448915E+04  0.443929E+04  0.000000E+00  0.000000E+00  0.000000E+00  0.448757E+04
  0.450301E+01  0.423592E+04  0.418887E+04  0.000000E+00  0.000000E+00  0.000000E+00  0.423443E+04
  0.465564E+01  0.399669E+04  0.395229E+04  0.000000E+00  0.000000E+00  0.000000E+00  0.399529E+04
  0.481344E+01  0.377072E+04  0.372882E+04  0.000000E+00  0.000000E+00  0.000000E+00  0.376940E+04
  0.497659E+01  0.355729E+04  0.351775E+04  0.000000E+00  0.000000E+00  0.000000E+00  0.355604E+04
  0.514527E+01  0.335573E+04  0.331843E+04  0.000000E+00  0.000000E+00  0.000000E+00  0.335456E+04
  0.531968E+01  0.316540E+04  0.313021E+04  0.000000E+00  0.000000E+00  0.000000E+00  0.316429E+04
  0.549998E+01  0.298569E+04  0.295249E+04  0.000000E+00  0.000000E+00  0.000000E+00  0.298464E+04
  0.568641E+01  0.281600E+04  0.278468E+04  0.000000E+00  0.000000E+00  0.000000E+00  0.281502E+04
  0.587915E+01  0.265580E+04  0.262625E+04  0.000000E+00  0.000000E+00  0.000000E+00  0.265487E+04
  0.607843E+01  0.250454E+04  0.247667E+04  0.000000E+00  0.000000E+00  0.000000E+00  0.250366E+04
  0.628446E+01  0.236176E+04  0.233547E+04  0.000000E+00  0.000000E+00  0.000000E+00  0.236093E+04
  0.649747E+01  0.222699E+04  0.220219E+04  0.000000E+00  0.000000E+00  0.000000E+00  0.222621E+04
  0.671770E+01  0.209979E+04  0.207640E+04  0.000000E+00  0.000000E+00  0.000000E+00  0.209905E+04
  0.694539E+01  0.197975E+04  0.195769E+04  0.000000E+00  0.000000E+00  0.000000E+00  0.197906E+04
  0.718081E+01  0.186647E+04  0.184566E+04  0.000000E+00  0.000000E+00  0.000000E+00  0.186582E+04
  0.742420E+01  0.175957E+04  0.173995E+04  0.000000E+00  0.000000E+00  0.000000E+00  0.175896E+04
  0.767585E+01  0.165870E+04  0.164019E+04  0.000000E+00  0.000000E+00  0.000000E+00  0.165812E+04
  0.793602E+01  0.156352E+04  0.154607E+04  0.000000E+00  0.000000E+00  0.000000E+00  0.156297E+04
  0.820502E+01  0.147373E+04  0.145727E+04  0.000000E+00  0.000000E+00  0.000000E+00  0.147321E+04
  0.848312E+01  0.138902E+04  0.137350E+04  0.000000E+00  0.000000E+00  0.000000E+00  0.138854E+04
  0.877066E+01  0.130912E+04  0.129448E+04  0.000000E+00  0.000000E+00  0.000000E+00  0.130866E+04
  0.906794E+01  0.123375E+04  0.121995E+04  0.000000E+00  0.000000E+00  0.000000E+00  0.123332E+04
  0.937530E+01  0.116266E+04  0.114964E+04  0.000000E+00  0.000000E+00  0.000000E+00  0.116225E+04
  0.969308E+01  0.109560E+04  0.108333E+04  0.000000E+00  0.000000E+00  0.000000E+00  0.109522E+04
  0.100216E+02  0.103236E+04  0.102079E+04  0.000000E+00  0.000000E+00  0.000000E+00  0.103200E+04
  0.103613E+02  0.972731E+03  0.961816E+03  0.000000E+00  0.000000E+00  0.000000E+00  0.972388E+03
  0.107125E+02  0.916502E+03  0.906209E+03  0.000000E+00  0.000000E+00  0.000000E+00  0.916178E+03
  0.110756E+02  0.863479E+03  0.853773E+03  0.000000E+00  0.000000E+00  0.000000E+00  0.863173E+03
  0.114510E+02  0.813484E+03  0.804331E+03  0.000000E+00  0.000000E+00  0.000000E+00  0.813196E+03
  0.118392E+02  0.766346E+03  0.757714E+03  0.000000E+00  0.000000E+00  0.000000E+00  0.766074E+03
  0.122404E+02  0.721909E+03  0.713768E+03  0.000000E+00  0.000000E+00  0.000000E+00  0.721652E+03
  0.126553E+02  0.680019E+03  0.672341E+03  0.000000E+00  0.000000E+00  0.000000E+00  0.679777E+03
  0.130843E+02  0.640531E+03  0.633289E+03  0.000000E+00  0.000000E+00  0.000000E+00  0.640303E+03
  0.135278E+02  0.603306E+03  0.596476E+03  0.000000E+00  0.000000E+00  0.000000E+00  0.603091E+03
  0.139863E+02  0.568220E+03  0.561778E+03  0.000000E+00  0.000000E+00  0.000000E+00  0.568017E+03
  0.144604E+02  0.535152E+03  0.529075E+03  0.000000E+00  0.000000E+00  0.000000E+00  0.534960E+03
  0.149505E+02  0.503988E+03  0.498256E+03  0.000000E+00  0.000000E+00  0.000000E+00  0.503808E+03
  0.154573E+02  0.474618E+03  0.469210E+03  0.000000E+00  0.000000E+00  0.000000E+00  0.474448E+03
  0.159812E+02  0.446939E+03  0.441837E+03  0.000000E+00  0.000000E+00  0.000000E+00  0.446779E+03
  0.165229E+02  0.420858E+03  0.416043E+03  0.000000E+00  0.000000E+00  0.000000E+00  0.420706E+03
  0.170829E+02  0.396283E+03  0.391740E+03  0.000000E+00  0.000000E+00  0.000000E+00  0.396140E+03
  0.176619E+02  0.373129E+03  0.368841E+03  0.000000E+00  0.000000E+00  0.000000E+00  0.372994E+03
  0.182606E+02  0.351312E+03  0.347265E+03  0.000000E+00  0.000000E+00  0.000000E+00  0.351184E+03
  0.188795E+02  0.330757E+03  0.326937E+03  0.000000E+00  0.000000E+00  0.000000E+00  0.330637E+03
  0.195195E+02  0.311393E+03  0.307787E+03  0.000000E+00  0.000000E+00  0.000000E+00  0.311280E+03
  0.201811E+02  0.293153E+03  0.289747E+03  0.000000E+00  0.000000E+00  0.000000E+00  0.293046E+03
  0.208651E+02  0.275969E+03  0.272753E+03  0.000000E+00  0.000000E+00  0.000000E+00  0.275868E+03
  0.215723E+02  0.259783E+03  0.256745E+03  0.000000E+00  0.000000E+00  0.000000E+00  0.259687E+03
  0.223035E+02  0.244537E+03  0.241667E+03  0.000000E+00  0.000000E+00  0.000000E+00  0.244446E+03
  0.230595E+02  0.230178E+03  0.227466E+03  0.000000E+00  0.000000E+00  0.000000E+00  0.230092E+03
  0.238411E+02  0.216653E+03  0.214090E+03  0.000000E+00  0.000000E+00  0.000000E+00  0.216572E+03
  0.246492E+02  0.203915E+03  0.201493E+03  0.000000E+00  0.000000E+00  0.000000E+00  0.203839E+03
  0.254847E+02  0.191920E+03  0.189629E+03  0.000000E+00  0.000000E+00  0.000000E+00  0.191848E+03
  0.263485E+02  0.180624E+03  0.178457E+03  0.000000E+00  0.000000E+00  0.000000E+00  0.180556E+03
  0.272416E+02  0.169987E+03  0.167937E+03  0.000000E+00  0.000000E+00  0.000000E+00  0.169922E+03
  0.281650E+02  0.159970E+03  0.158030E+03  0.000000E+00  0.000000E+00  0.000000E+00  0.159909E+03
  0.291196E+02  0.150539E+03  0.148703E+03  0.000000E+00  0.000000E+00  0.000000E+00  0.150482E+03
  0.301066E+02  0.141659E+03  0.139920E+03  0.000000E+00  0.000000E+00  0.000000E+00  0.141604E+03
  0.311271E+02  0.133298E+03  0.131651E+03  0.000000E+00  0.000000E+00  0.000000E+00  0.133246E+03
  0.321822E+02  0.125426E+03  0.123865E+03  0.000000E+00  0.000000E+00  0.000000E+00  0.125377E+03
  0.332730E+02  0.118016E+03  0.116536E+03  0.000000E+00  0.000000E+00  0.000000E+00  0.117969E+03
  0.344008E+02  0.111039E+03  0.109635E+03  0.000000E+00  0.000000E+00  0.000000E+00  0.110995E+03
  0.355668E+02  0.104472E+03  0.103140E+03  0.000000E+00  0.000000E+00  0.000000E+00  0.104430E+03
  0.367723E+02  0.982895E+02  0.970251E+02  0.000000E+00  0.000000E+00  0.000000E+00  0.982496E+02
  0.380187E+02  0.924700E+02  0.912691E+02  0.000000E+00  0.000000E+00  0.000000E+00  0.924322E+02
  0.393074E+02  0.869925E+02  0.858513E+02  0.000000E+00  0.000000E+00  0.000000E+00  0.869565E+02
  0.406397E+02  0.818368E+02  0.807518E+02  0.000000E+00  0.000000E+00  0.000000E+00  0.818026E+02
  0.420172E+02  0.769841E+02  0.759518E+02  0.000000E+00  0.000000E+00  0.000000E+00  0.769515E+02
  0.434414E+02  0.724170E+02  0.714344E+02  0.000000E+00  0.000000E+00  0.000000E+00  0.723861E+02
  0.449138E+02  0.681188E+02  0.671829E+02  0.000000E+00  0.000000E+00  0.000000E+00  0.680893E+02
  0.464362E+02  0.640736E+02  0.631816E+02  0.000000E+00  0.000000E+00  0.000000E+00  0.640455E+02
  0.480101E+02  0.602670E+02  0.594162E+02  0.000000E+00  0.000000E+00  0.000000E+00  0.602402E+02
  0.496375E+02  0.566846E+02  0.558726E+02  0.000000E+00  0.000000E+00  0.000000E+00  0.566590E+02
  0.513199E+02  0.533138E+02  0.525382E+02  0.000000E+00  0.000000E+00  0.000000E+00  0.532894E+02
  0.530594E+02  0.501418E+02  0.494004E+02  0.000000E+00  0.000000E+00  0.000000E+00  0.501184E+02
  0.548579E+02  0.471571E+02  0.464479E+02  0.000000E+00  0.000000E+00  0.000000E+00  0.471348E+02
  0.567173E+02  0.443489E+02  0.436698E+02  0.000000E+00  0.000000E+00  0.000000E+00  0.443275E+02
  0.586397E+02  0.417066E+02  0.410559E+02  0.000000E+00  0.000000E+00  0.000000E+00  0.416861E+02
  0.606273E+02  0.392206E+02  0.385965E+02  0.000000E+00  0.000000E+00  0.000000E+00  0.392009E+02
  0.626823E+02  0.368817E+02  0.362827E+02  0.000000E+00  0.000000E+00  0.000000E+00  0.368628E+02
  0.648069E+02  0.346813E+02  0.341058E+02  0.000000E+00  0.000000E+00  0.000000E+00  0.346632E+02
  0.670036E+02  0.326112E+02  0.320577E+02  0.000000E+00  0.000000E+00  0.000000E+00  0.325937E+02
  0.692747E+02  0.306638E+02  0.301311E+02  0.000000E+00  0.000000E+00  0.000000E+00  0.306470E+02
  0.716227E+02  0.288319E+02  0.283186E+02  0.000000E+00  0.000000E+00  0.000000E+00  0.288157E+02
  0.740504E+02  0.271086E+02  0.266136E+02  0.000000E+00  0.000000E+00  0.000000E+00  0.270930E+02
  0.765604E+02  0.254876E+02  0.250097E+02  0.000000E+00  0.000000E+00  0.000000E+00  0.254726E+02
  0.791553E+02  0.239629E+02  0.235011E+02  0.000000E+00  0.000000E+00  0.000000E+00  0.239483E+02
  0.818384E+02  0.225287E+02  0.220820E+02  0.000000E+00  0.000000E+00  0.000000E+00  0.225146E+02
  0.846122E+02  0.211798E+02  0.207472E+02  0.000000E+00  0.000000E+00  0.000000E+00  0.211661E+02
  0.874802E+02  0.199110E+02  0.194917E+02  0.000000E+00  0.000000E+00  0.000000E+00  0.198978E+02
  0.904453E+02  0.187178E+02  0.183109E+02  0.000000E+00  0.000000E+00  0.000000E+00  0.187050E+02
  0.935109E+02  0.175955E+02  0.172004E+02  0.000000E+00  0.000000E+00  0.000000E+00  0.175831E+02
  0.966806E+02  0.165400E+02  0.161559E+02  0.000000E+00  0.000000E+00  0.000000E+00  0.165279E+02
  0.999576E+02  0.155475E+02  0.151736E+02  0.000000E+00  0.000000E+00  0.000000E+00  0.155357E+02
  0.103346E+03  0.146140E+02  0.142499E+02  0.000000E+00  0.000000E+00  0.000000E+00  0.146026E+02
  0.106849E+03  0.137362E+02  0.133811E+02  0.000000E+00  0.000000E+00  0.000000E+00  0.137250E+02
  0.110470E+03  0.129108E+02  0.125642E+02  0.000000E+00  0.000000E+00  0.000000E+00  0.128998E+02
  0.114215E+03  0.121346E+02  0.117960E+02  0.000000E+00  0.000000E+00  0.000000E+00  0.121239E+02
  0.118086E+03  0.114047E+02  0.110737E+02  0.000000E+00  0.000000E+00  0.000000E+00  0.113943E+02
  0.122089E+03  0.107184E+02  0.103944E+02  0.000000E+00  0.000000E+00  0.000000E+00  0.107082E+02
  0.126227E+03  0.100731E+02  0.975575E+01  0.000000E+00  0.000000E+00  0.000000E+00  0.100631E+02
  0.130505E+03  0.946636E+01  0.915528E+01  0.000000E+00  0.000000E+00  0.000000E+00  0.945656E+01
  0.134928E+03  0.889590E+01  0.859070E+01  0.000000E+00  0.000000E+00  0.000000E+00  0.888628E+01
  0.139502E+03  0.835953E+01  0.805988E+01  0.000000E+00  0.000000E+00  0.000000E+00  0.835009E+01
  0.144230E+03  0.785528E+01  0.756087E+01  0.000000E+00  0.000000E+00  0.000000E+00  0.784600E+01
  0.149119E+03  0.738120E+01  0.709175E+01  0.000000E+00  0.000000E+00  0.000000E+00  0.737209E+01
  0.154173E+03  0.693552E+01  0.665074E+01  0.000000E+00  0.000000E+00  0.000000E+00  0.692655E+01
  0.159399E+03  0.651651E+01  0.623617E+01  0.000000E+00  0.000000E+00  0.000000E+00  0.650768E+01
  0.164802E+03  0.612263E+01  0.584650E+01  0.000000E+00  0.000000E+00  0.000000E+00  0.611393E+01
  0.170388E+03  0.575236E+01  0.548024E+01  0.000000E+00  0.000000E+00  0.000000E+00  0.574379E+01
  0.176164E+03  0.540428E+01  0.513598E+01  0.000000E+00  0.000000E+00  0.000000E+00  0.539583E+01
  0.182135E+03  0.507710E+01  0.481245E+01  0.000000E+00  0.000000E+00  0.000000E+00  0.506876E+01
  0.188308E+03  0.476956E+01  0.450842E+01  0.000000E+00  0.000000E+00  0.000000E+00  0.476133E+01
  0.194691E+03  0.448048E+01  0.422271E+01  0.000000E+00  0.000000E+00  0.000000E+00  0.447236E+01
  0.201290E+03  0.420875E+01  0.395424E+01  0.000000E+00  0.000000E+00  0.000000E+00  0.420074E+01
