  0.108800E-04  0.262706E+06  0.262706E+06  0.350272E+06  0.350272E+06  0.000000E+00  0.262706E+06
  0.112487E-04  0.262706E+06  0.262706E+06  0.350272E+06  0.350272E+06  0.000000E+00  0.262706E+06
  0.116300E-04  0.262706E+06  0.262706E+06  0.350272E+06  0.350272E+06  0.000000E+00  0.262706E+06
  0.120242E-04  0.262706E+06  0.262706E+06  0.350272E+06  0.350272E+06  0.000000E+00  0.262706E+06
  0.124318E-04  0.262706E+06  0.262706E+06  0.350272E+06  0.350272E+06  0.000000E+00  0.262706E+06
  0.128531E-04  0.262706E+06  0.262706E+06  0.350272E+06  0.350272E+06  0.000000E+00  0.262706E+06
  0.132888E-04  0.262706E+06  0.262706E+06  0.350272E+06  0.350271E+06  0.000000E+00  0.262706E+06
  0.137392E-04  0.262706E+06  0.262706E+06  0.350271E+06  0.350271E+06  0.000000E+00  0.262706E+06
  0.142049E-04  0.262706E+06  0.262706E+06  0.350271E+06  0.350271E+06  0.000000E+00  0.262706E+06
  0.146864E-04  0.262706E+06  0.262706E+06  0.350271E+06  0.350271E+06  0.000000E+00  0.262706E+06
  0.151842E-04  0.262706E+06  0.262706E+06  0.350271E+06  0.350270E+06  0.000000E+00  0.262706E+06
  0.156989E-04  0.262706E+06  0.262706E+06  0.350270E+06  0.350270E+06  0.000000E+00  0.262706E+06
  0.162310E-04  0.262706E+06  0.262706E+06  0.350270E+06  0.350270E+06  0.000000E+00  0.262706E+06
  0.167811E-04  0.262706E+06  0.262706E+06  0.350270E+06  0.350270E+06  0.000000E+00  0.262706E+06
  0.173499E-04  0.262706E+06  0.262706E+06  0.350270E+06  0.350269E+06  0.000000E+00  0.262706E+06
  0.179380E-04  0.262706E+06  0.262706E+06  0.350269E+06  0.350269E+06  0.000000E+00  0.262706E+06
  0.185460E-04  0.262706E+06  0.262706E+06  0.350269E+06  0.350268E+06  0.000000E+00  0.262706E+06
  0.191746E-04  0.262706E+06  0.262706E+06  0.350268E+06  0.350268E+06  0.000000E+00  0.262706E+06
  0.198246E-04  0.262706E+06  0.262706E+06  0.350268E+06  0.350268E+06  0.000000E+00  0.262706E+06
  0.204965E-04  0.262706E+06  0.262705E+06  0.350268E+06  0.350267E+06  0.000000E+00  0.262706E+06
  0.211913E-04  0.262706E+06  0.262705E+06  0.350267E+06  0.350267E+06  0.000000E+00  0.262706E+06
  0.219095E-04  0.262706E+06  0.262705E+06  0.350267E+06  0.350266E+06  0.000000E+00  0.262706E+06
  0.226522E-04  0.262705E+06  0.262705E+06  0.350266E+06  0.350265E+06  0.000000E+00  0.262705E+06
  0.234200E-04  0.262705E+06  0.262705E+06  0.350266E+06  0.350265E+06  0.000000E+00  0.262705E+06
  0.242138E-04  0.262705E+06  0.262705E+06  0.350265E+06  0.350264E+06  0.000000E+00  0.262705E+06
  0.250345E-04  0.262705E+06  0.262705E+06  0.350264E+06  0.350263E+06  0.000000E+00  0.262705E+06
  0.258831E-04  0.262705E+06  0.262705E+06  0.350264E+06  0.350263E+06  0.000000E+00  0.262705E+06
  0.267604E-04  0.262705E+06  0.262705E+06  0.350263E+06  0.350262E+06  0.000000E+00  0.262705E+06
  0.276674E-04  0.262705E+06  0.262705E+06  0.350262E+06  0.350261E+06  0.000000E+00  0.262705E+06
  0.286052E-04  0.262705E+06  0.262705E+06  0.350261E+06  0.350260E+06  0.000000E+00  0.262705E+06
  0.295748E-04  0.262705E+06  0.262705E+06  0.350260E+06  0.350259E+06  0.000000E+00  0.262705E+06
  0.305772E-04  0.262705E+06  0.262705E+06  0.350259E+06  0.350258E+06  0.000000E+00  0.262705E+06
  0.316136E-04  0.262705E+06  0.262705E+06  0.350258E+06  0.350257E+06  0.000000E+00  0.262705E+06
  0.326852E-04  0.262705E+06  0.262705E+06  0.350257E+06  0.350256E+06  0.000000E+00  0.262705E+06
  0.337931E-04  0.262705E+06  0.262705E+06  0.350256E+06  0.350254E+06  0.000000E+00  0.262705E+06
  0.349385E-04  0.262705E+06  0.262705E+06  0.350255E+06  0.350253E+06  0.000000E+00  0.262705E+06
  0.361227E-04  0.262705E+06  0.262705E+06  0.350253E+06  0.350252E+06  0.000000E+00  0.262705E+06
  0.373471E-04  0.262705E+06  0.262705E+06  0.350252E+06  0.350250E+06  0.000000E+00  0.262705E+06
  0.386130E-04  0.262705E+06  0.262705E+06  0.350250E+06  0.350248E+06  0.000000E+00  0.262705E+06
  0.399218E-04  0.262705E+06  0.262704E+06  0.350249E+06  0.350247E+06  0.000000E+00  0.262705E+06
  0.412749E-04  0.262705E+06  0.262704E+06  0.350247E+06  0.350245E+06  0.000000E+00  0.262705E+06
  0.426740E-04  0.262705E+06  0.262704E+06  0.350245E+06  0.350243E+06  0.000000E+00  0.262705E+06
  0.441204E-04  0.262705E+06  0.262704E+06  0.350243E+06  0.350240E+06  0.000000E+00  0.262704E+06
  0.456159E-04  0.262704E+06  0.262704E+06  0.350241E+06  0.350238E+06  0.000000E+00  0.262704E+06
  0.471620E-04  0.262704E+06  0.262704E+06  0.350238E+06  0.350236E+06  0.000000E+00  0.262704E+06
  0.487606E-04  0.262704E+06  0.262704E+06  0.350236E+06  0.350233E+06  0.000000E+00  0.262704E+06
  0.504133E-04  0.262704E+06  0.262704E+06  0.350233E+06  0.350230E+06  0.000000E+00  0.262704E+06
  0.521221E-04  0.262704E+06  0.262704E+06  0.350231E+06  0.350227E+06  0.000000E+00  0.262704E+06
  0.538888E-04  0.262704E+06  0.262703E+06  0.350228E+06  0.350224E+06  0.000000E+00  0.262704E+06
  0.557153E-04  0.262704E+06  0.262703E+06  0.350224E+06  0.350220E+06  0.000000E+00  0.262704E+06
  0.576038E-04  0.262704E+06  0.262703E+06  0.350221E+06  0.350216E+06  0.000000E+00  0.262704E+06
  0.595563E-04  0.262703E+06  0.262703E+06  0.350217E+06  0.350212E+06  0.000000E+00  0.262703E+06
  0.615750E-04  0.262703E+06  0.262703E+06  0.350213E+06  0.350208E+06  0.000000E+00  0.262703E+06
  0.636621E-04  0.262703E+06  0.262703E+06  0.350209E+06  0.350204E+06  0.000000E+00  0.262703E+06
  0.658199E-04  0.262703E+06  0.262702E+06  0.350204E+06  0.350199E+06  0.000000E+00  0.262703E+06
  0.680509E-04  0.262703E+06  0.262702E+06  0.350200E+06  0.350193E+06  0.000000E+00  0.262703E+06
  0.703575E-04  0.262703E+06  0.262702E+06  0.350195E+06  0.350188E+06  0.000000E+00  0.262703E+06
  0.727422E-04  0.262702E+06  0.262702E+06  0.350189E+06  0.350182E+06  0.000000E+00  0.262702E+06
  0.752079E-04  0.262702E+06  0.262701E+06  0.350183E+06  0.350176E+06  0.000000E+00  0.262702E+06
  0.777570E-04  0.262702E+06  0.262701E+06  0.350177E+06  0.350169E+06  0.000000E+00  0.262702E+06
  0.803926E-04  0.262702E+06  0.262701E+06  0.350170E+06  0.350161E+06  0.000000E+00  0.262702E+06
  0.831175E-04  0.262701E+06  0.262700E+06  0.350163E+06  0.350154E+06  0.000000E+00  0.262701E+06
  0.859348E-04  0.262701E+06  0.262700E+06  0.350155E+06  0.350145E+06  0.000000E+00  0.262701E+06
  0.888476E-04  0.262701E+06  0.262699E+06  0.350147E+06  0.350136E+06  0.000000E+00  0.262701E+06
  0.918591E-04  0.262700E+06  0.262699E+06  0.350138E+06  0.350127E+06  0.000000E+00  0.262700E+06
  0.949726E-04  0.262700E+06  0.262698E+06  0.350129E+06  0.350117E+06  0.000000E+00  0.262700E+06
  0.981917E-04  0.262699E+06  0.262698E+06  0.350119E+06  0.350106E+06  0.000000E+00  0.262699E+06
  0.101520E-03  0.262699E+06  0.262697E+06  0.350108E+06  0.350094E+06  0.000000E+00  0.262699E+06
  0.104961E-03  0.262699E+06  0.262697E+06  0.350097E+06  0.350082E+06  0.000000E+00  0.262698E+06
  0.108519E-03  0.262698E+06  0.262696E+06  0.350084E+06  0.350069E+06  0.000000E+00  0.262698E+06
  0.112197E-03  0.262698E+06  0.262696E+06  0.350071E+06  0.350054E+06  0.000000E+00  0.262697E+06
  0.116000E-03  0.262697E+06  0.262695E+06  0.350057E+06  0.350039E+06  0.000000E+00  0.262697E+06
  0.119932E-03  0.262696E+06  0.262694E+06  0.350042E+06  0.350023E+06  0.000000E+00  0.262696E+06
  0.123997E-03  0.262696E+06  0.262693E+06  0.350026E+06  0.350006E+06  0.000000E+00  0.262696E+06
  0.128200E-03  0.262695E+06  0.262692E+06  0.350009E+06  0.349987E+06  0.000000E+00  0.262695E+06
  0.132545E-03  0.262694E+06  0.262692E+06  0.349991E+06  0.349967E+06  0.000000E+00  0.262694E+06
  0.137038E-03  0.262693E+06  0.262691E+06  0.349971E+06  0.349946E+06  0.000000E+00  0.262693E+06
  0.141683E-03  0.262693E+06  0.262690E+06  0.349951E+06  0.349924E+06  0.000000E+00  0.262692E+06
  0.146485E-03  0.262692E+06  0.262688E+06  0.349928E+06  0.349899E+06  0.000000E+00  0.262692E+06
  0.151450E-03  0.262691E+06  0.262687E+06  0.349904E+06  0.349874E+06  0.000000E+00  0.262691E+06
  0.156583E-03  0.262690E+06  0.262686E+06  0.349879E+06  0.349846E+06  0.000000E+00  0.262690E+06
  0.161891E-03  0.262689E+06  0.262685E+06  0.349852E+06  0.349816E+06  0.000000E+00  0.262688E+06
  0.167378E-03  0.262687E+06  0.262683E+06  0.349823E+06  0.349785E+06  0.000000E+00  0.262687E+06
  0.173051E-03  0.262686E+06  0.262682E+06  0.349791E+06  0.349751E+06  0.000000E+00  0.262686E+06
  0.178917E-03  0.262685E+06  0.262680E+06  0.349758E+06  0.349715E+06  0.000000E+00  0.262685E+06
  0.184981E-03  0.262683E+06  0.262678E+06  0.349723E+06  0.349677E+06  0.000000E+00  0.262683E+06
  0.191251E-03  0.262682E+06  0.262676E+06  0.349685E+06  0.349636E+06  0.000000E+00  0.262682E+06
  0.197734E-03  0.262680E+06  0.262674E+06  0.349644E+06  0.349592E+06  0.000000E+00  0.262680E+06
  0.204436E-03  0.262678E+06  0.262672E+06  0.349600E+06  0.349544E+06  0.000000E+00  0.262678E+06
  0.211366E-03  0.262676E+06  0.262670E+06  0.349554E+06  0.349494E+06  0.000000E+00  0.262676E+06
  0.218530E-03  0.262674E+06  0.262667E+06  0.349504E+06  0.349440E+06  0.000000E+00  0.262674E+06
  0.225937E-03  0.262672E+06  0.262664E+06  0.349451E+06  0.349383E+06  0.000000E+00  0.262672E+06
  0.233595E-03  0.262670E+06  0.262662E+06  0.349395E+06  0.349322E+06  0.000000E+00  0.262670E+06
  0.241513E-03  0.262667E+06  0.262658E+06  0.349334E+06  0.349256E+06  0.000000E+00  0.262667E+06
  0.249699E-03  0.262665E+06  0.262655E+06  0.349269E+06  0.349186E+06  0.000000E+00  0.262664E+06
  0.258162E-03  0.262662E+06  0.262652E+06  0.349200E+06  0.349111E+06  0.000000E+00  0.262662E+06
  0.266913E-03  0.262659E+06  0.262648E+06  0.349126E+06  0.349031E+06  0.000000E+00  0.262658E+06
  0.275960E-03  0.262656E+06  0.262644E+06  0.349047E+06  0.348945E+06  0.000000E+00  0.262655E+06
  0.285314E-03  0.262652E+06  0.262640E+06  0.348963E+06  0.348854E+06  0.000000E+00  0.262652E+06
  0.294984E-03  0.262648E+06  0.262635E+06  0.348873E+06  0.348756E+06  0.000000E+00  0.262648E+06
  0.304983E-03  0.262644E+06  0.262630E+06  0.348776E+06  0.348652E+06  0.000000E+00  0.262644E+06
  0.315320E-03  0.262640E+06  0.262625E+06  0.348673E+06  0.348540E+06  0.000000E+00  0.262640E+06
  0.326008E-03  0.262636E+06  0.262620E+06  0.348563E+06  0.348421E+06  0.000000E+00  0.262635E+06
  0.337058E-03  0.262631E+06  0.262614E+06  0.348445E+06  0.348293E+06  0.000000E+00  0.262630E+06
  0.348483E-03  0.262626E+06  0.262607E+06  0.348319E+06  0.348157E+06  0.000000E+00  0.262625E+06
  0.360295E-03  0.262620E+06  0.262601E+06  0.348185E+06  0.348012E+06  0.000000E+00  0.262620E+06
  0.372507E-03  0.262614E+06  0.262593E+06  0.348041E+06  0.347856E+06  0.000000E+00  0.262614E+06
  0.385133E-03  0.262608E+06  0.262586E+06  0.347888E+06  0.347690E+06  0.000000E+00  0.262607E+06
  0.398187E-03  0.262601E+06  0.262577E+06  0.347724E+06  0.347512E+06  0.000000E+00  0.262601E+06
  0.411684E-03  0.262594E+06  0.262568E+06  0.347548E+06  0.347323E+06  0.000000E+00  0.262593E+06
  0.425638E-03  0.262586E+06  0.262559E+06  0.347361E+06  0.347120E+06  0.000000E+00  0.262586E+06
  0.440065E-03  0.262578E+06  0.262549E+06  0.347161E+06  0.346904E+06  0.000000E+00  0.262577E+06
  0.454981E-03  0.262569E+06  0.262538E+06  0.346948E+06  0.346672E+06  0.000000E+00  0.262568E+06
  0.470403E-03  0.262560E+06  0.262526E+06  0.346719E+06  0.346425E+06  0.000000E+00  0.262559E+06
  0.486347E-03  0.262550E+06  0.262514E+06  0.346475E+06  0.346161E+06  0.000000E+00  0.262549E+06
  0.502832E-03  0.262539E+06  0.262501E+06  0.346215E+06  0.345879E+06  0.000000E+00  0.262538E+06
  0.519875E-03  0.262528E+06  0.262487E+06  0.345936E+06  0.345578E+06  0.000000E+00  0.262526E+06
  0.537497E-03  0.262516E+06  0.262472E+06  0.345639E+06  0.345257E+06  0.000000E+00  0.262514E+06
  0.555715E-03  0.262502E+06  0.262456E+06  0.345321E+06  0.344913E+06  0.000000E+00  0.262501E+06
  0.574551E-03  0.262488E+06  0.262438E+06  0.344982E+06  0.344546E+06  0.000000E+00  0.262487E+06
  0.594026E-03  0.262474E+06  0.262420E+06  0.344620E+06  0.344155E+06  0.000000E+00  0.262472E+06
  0.614160E-03  0.262458E+06  0.262400E+06  0.344233E+06  0.343736E+06  0.000000E+00  0.262456E+06
  0.634977E-03  0.262440E+06  0.262379E+06  0.343820E+06  0.343290E+06  0.000000E+00  0.262439E+06
  0.656500E-03  0.262422E+06  0.262357E+06  0.343379E+06  0.342813E+06  0.000000E+00  0.262420E+06
  0.678752E-03  0.262403E+06  0.262333E+06  0.342908E+06  0.342304E+06  0.000000E+00  0.262400E+06
  0.701758E-03  0.262382E+06  0.262307E+06  0.342405E+06  0.341760E+06  0.000000E+00  0.262380E+06
  0.725544E-03  0.262360E+06  0.262280E+06  0.341869E+06  0.341180E+06  0.000000E+00  0.262357E+06
  0.750137E-03  0.262336E+06  0.262250E+06  0.341296E+06  0.340561E+06  0.000000E+00  0.262333E+06
  0.775563E-03  0.262310E+06  0.262219E+06  0.340684E+06  0.339901E+06  0.000000E+00  0.262308E+06
  0.801851E-03  0.262283E+06  0.262186E+06  0.340032E+06  0.339196E+06  0.000000E+00  0.262280E+06
  0.829029E-03  0.262254E+06  0.262150E+06  0.339335E+06  0.338444E+06  0.000000E+00  0.262251E+06
  0.857129E-03  0.262223E+06  0.262112E+06  0.338593E+06  0.337642E+06  0.000000E+00  0.262220E+06
  0.886182E-03  0.262190E+06  0.262071E+06  0.337800E+06  0.336787E+06  0.000000E+00  0.262186E+06
  0.916219E-03  0.262155E+06  0.262028E+06  0.336955E+06  0.335874E+06  0.000000E+00  0.262151E+06
  0.947274E-03  0.262117E+06  0.261981E+06  0.336053E+06  0.334902E+06  0.000000E+00  0.262113E+06
  0.979383E-03  0.262077E+06  0.261931E+06  0.335091E+06  0.333865E+06  0.000000E+00  0.262072E+06
  0.101258E-02  0.262033E+06  0.261878E+06  0.334066E+06  0.332759E+06  0.000000E+00  0.262029E+06
  0.104690E-02  0.261987E+06  0.261821E+06  0.332974E+06  0.331582E+06  0.000000E+00  0.261982E+06
  0.108239E-02  0.261938E+06  0.261761E+06  0.331809E+06  0.330327E+06  0.000000E+00  0.261933E+06
  0.111907E-02  0.261886E+06  0.261696E+06  0.330568E+06  0.328991E+06  0.000000E+00  0.261880E+06
  0.115700E-02  0.261830E+06  0.261627E+06  0.329246E+06  0.327567E+06  0.000000E+00  0.261823E+06
  0.119622E-02  0.261770E+06  0.261553E+06  0.327839E+06  0.326052E+06  0.000000E+00  0.261763E+06
  0.123677E-02  0.261706E+06  0.261474E+06  0.326340E+06  0.324440E+06  0.000000E+00  0.261698E+06
  0.127869E-02  0.261637E+06  0.261390E+06  0.324744E+06  0.322724E+06  0.000000E+00  0.261630E+06
  0.132203E-02  0.261564E+06  0.261300E+06  0.323046E+06  0.320899E+06  0.000000E+00  0.261556E+06
  0.136684E-02  0.261487E+06  0.261204E+06  0.321239E+06  0.318959E+06  0.000000E+00  0.261478E+06
  0.141317E-02  0.261404E+06  0.261102E+06  0.319318E+06  0.316897E+06  0.000000E+00  0.261394E+06
  0.146107E-02  0.261315E+06  0.260992E+06  0.317275E+06  0.314705E+06  0.000000E+00  0.261305E+06
  0.151059E-02  0.261220E+06  0.260875E+06  0.315105E+06  0.312379E+06  0.000000E+00  0.261209E+06
  0.156179E-02  0.261119E+06  0.260751E+06  0.312799E+06  0.309908E+06  0.000000E+00  0.261108E+06
  0.161473E-02  0.261011E+06  0.260618E+06  0.310350E+06  0.307288E+06  0.000000E+00  0.260999E+06
  0.166946E-02  0.260896E+06  0.260476E+06  0.307752E+06  0.304509E+06  0.000000E+00  0.260883E+06
  0.172605E-02  0.260774E+06  0.260324E+06  0.304995E+06  0.301563E+06  0.000000E+00  0.260760E+06
  0.178455E-02  0.260643E+06  0.260163E+06  0.302073E+06  0.298444E+06  0.000000E+00  0.260628E+06
  0.184504E-02  0.260504E+06  0.259991E+06  0.298976E+06  0.295141E+06  0.000000E+00  0.260488E+06
  0.190758E-02  0.260355E+06  0.259807E+06  0.295697E+06  0.291648E+06  0.000000E+00  0.260338E+06
  0.197223E-02  0.260197E+06  0.259611E+06  0.292227E+06  0.287956E+06  0.000000E+00  0.260178E+06
  0.203908E-02  0.260028E+06  0.259402E+06  0.288557E+06  0.284056E+06  0.000000E+00  0.260008E+06
  0.210820E-02  0.259848E+06  0.259179E+06  0.284679E+06  0.279941E+06  0.000000E+00  0.259827E+06
  0.217966E-02  0.259656E+06  0.258942E+06  0.280585E+06  0.275602E+06  0.000000E+00  0.259633E+06
  0.225354E-02  0.259452E+06  0.258689E+06  0.276266E+06  0.271032E+06  0.000000E+00  0.259428E+06
  0.232992E-02  0.259234E+06  0.258420E+06  0.271714E+06  0.266224E+06  0.000000E+00  0.259209E+06
  0.240889E-02  0.259003E+06  0.258133E+06  0.266922E+06  0.261170E+06  0.000000E+00  0.258975E+06
  0.249054E-02  0.258756E+06  0.257827E+06  0.261882E+06  0.255865E+06  0.000000E+00  0.258727E+06
  0.257496E-02  0.258494E+06  0.257502E+06  0.256588E+06  0.250304E+06  0.000000E+00  0.258463E+06
  0.266224E-02  0.258215E+06  0.257156E+06  0.251033E+06  0.244483E+06  0.000000E+00  0.258182E+06
  0.275248E-02  0.257919E+06  0.256787E+06  0.245213E+06  0.238397E+06  0.000000E+00  0.257883E+06
  0.284577E-02  0.257604E+06  0.256395E+06  0.239124E+06  0.232047E+06  0.000000E+00  0.257565E+06
  0.294223E-02  0.257269E+06  0.255979E+06  0.232764E+06  0.225431E+06  0.000000E+00  0.257228E+06
  0.304196E-02  0.256913E+06  0.255536E+06  0.226131E+06  0.218551E+06  0.000000E+00  0.256870E+06
  0.314506E-02  0.256535E+06  0.255065E+06  0.219227E+06  0.211413E+06  0.000000E+00  0.256489E+06
  0.325166E-02  0.256134E+06  0.254565E+06  0.212054E+06  0.204021E+06  0.000000E+00  0.256085E+06
  0.336188E-02  0.255709E+06  0.254035E+06  0.204618E+06  0.196386E+06  0.000000E+00  0.255657E+06
  0.347583E-02  0.255259E+06  0.253471E+06  0.196927E+06  0.188519E+06  0.000000E+00  0.255202E+06
  0.359365E-02  0.254781E+06  0.252874E+06  0.188991E+06  0.180435E+06  0.000000E+00  0.254721E+06
  0.371545E-02  0.254275E+06  0.252241E+06  0.180824E+06  0.172154E+06  0.000000E+00  0.254211E+06
  0.384139E-02  0.253740E+06  0.251569E+06  0.172445E+06  0.163698E+06  0.000000E+00  0.253672E+06
  0.397159E-02  0.253174E+06  0.250858E+06  0.163874E+06  0.155093E+06  0.000000E+00  0.253101E+06
  0.410621E-02  0.252575E+06  0.250106E+06  0.155137E+06  0.146370E+06  0.000000E+00  0.252497E+06
  0.424539E-02  0.251943E+06  0.249310E+06  0.146264E+06  0.137565E+06  0.000000E+00  0.251860E+06
  0.438929E-02  0.251276E+06  0.248468E+06  0.137288E+06  0.128717E+06  0.000000E+00  0.251187E+06
  0.453806E-02  0.250572E+06  0.247578E+06  0.128249E+06  0.119868E+06  0.000000E+00  0.250477E+06
  0.469188E-02  0.249830E+06  0.246640E+06  0.119190E+06  0.111068E+06  0.000000E+00  0.249729E+06
  0.485091E-02  0.249049E+06  0.245649E+06  0.110159E+06  0.102366E+06  0.000000E+00  0.248941E+06
  0.501534E-02  0.248227E+06  0.244604E+06  0.101208E+06  0.938178E+05  0.000000E+00  0.248113E+06
  0.518533E-02  0.247363E+06  0.243504E+06  0.923919E+05  0.854804E+05  0.000000E+00  0.247241E+06
  0.536109E-02  0.246456E+06  0.242346E+06  0.837708E+05  0.774125E+05  0.000000E+00  0.246326E+06
  0.554280E-02  0.245504E+06  0.241128E+06  0.754061E+05  0.696735E+05  0.000000E+00  0.245366E+06
  0.573068E-02  0.244507E+06  0.239849E+06  0.673609E+05  0.623219E+05  0.000000E+00  0.244360E+06
  0.592492E-02  0.243463E+06  0.238506E+06  0.596987E+05  0.554141E+05  0.000000E+00  0.243307E+06
  0.612574E-02  0.242371E+06  0.237097E+06  0.524815E+05  0.490024E+05  0.000000E+00  0.242205E+06
  0.633338E-02  0.241231E+06  0.235621E+06  0.457684E+05  0.431330E+05  0.000000E+00  0.241054E+06
  0.654805E-02  0.240042E+06  0.234076E+06  0.396138E+05  0.378442E+05  0.000000E+00  0.239854E+06
  0.677000E-02  0.238802E+06  0.232461E+06  0.340648E+05  0.331641E+05  0.000000E+00  0.238603E+06
  0.699947E-02  0.237513E+06  0.230774E+06  0.291588E+05  0.291086E+05  0.000000E+00  0.237300E+06
  0.723671E-02  0.236172E+06  0.229014E+06  0.249220E+05  0.256794E+05  0.000000E+00  0.235947E+06
  0.748200E-02  0.234781E+06  0.227179E+06  0.213664E+05  0.228630E+05  0.000000E+00  0.234541E+06
  0.773561E-02  0.233338E+06  0.225269E+06  0.184880E+05  0.206290E+05  0.000000E+00  0.233084E+06
  0.799781E-02  0.231844E+06  0.223283E+06  0.162652E+05  0.189302E+05  0.000000E+00  0.231574E+06
  0.826889E-02  0.230299E+06  0.221218E+06  0.146578E+05  0.177031E+05  0.000000E+00  0.230013E+06
  0.854917E-02  0.228704E+06  0.219076E+06  0.136068E+05  0.168694E+05  0.000000E+00  0.228400E+06
  0.883894E-02  0.227057E+06  0.216855E+06  0.130349E+05  0.163390E+05  0.000000E+00  0.226736E+06
  0.913854E-02  0.225361E+06  0.214555E+06  0.128490E+05  0.160140E+05  0.000000E+00  0.225020E+06
  0.944829E-02  0.223614E+06  0.212175E+06  0.129429E+05  0.157935E+05  0.000000E+00  0.223254E+06
  0.976854E-02  0.221819E+06  0.209715E+06  0.132027E+05  0.155804E+05  0.000000E+00  0.221438E+06
  0.100996E-01  0.219974E+06  0.207174E+06  0.135123E+05  0.152875E+05  0.000000E+00  0.219571E+06
  0.104420E-01  0.218081E+06  0.204553E+06  0.137610E+05  0.148452E+05  0.000000E+00  0.217655E+06
  0.107959E-01  0.216140E+06  0.201851E+06  0.138512E+05  0.142068E+05  0.000000E+00  0.215690E+06
  0.111618E-01  0.214151E+06  0.199068E+06  0.137066E+05  0.133541E+05  0.000000E+00  0.213676E+06
  0.115402E-01  0.212114E+06  0.196204E+06  0.132795E+05  0.122997E+05  0.000000E+00  0.211613E+06
  0.119313E-01  0.210031E+06  0.193260E+06  0.125564E+05  0.110865E+05  0.000000E+00  0.209502E+06
  0.123357E-01  0.207900E+06  0.190235E+06  0.115609E+05  0.978297E+04  0.000000E+00  0.207344E+06
  0.127539E-01  0.205723E+06  0.187131E+06  0.103534E+05  0.847579E+04  0.000000E+00  0.205137E+06
  0.131862E-01  0.203499E+06  0.183947E+06  0.902574E+04  0.725765E+04  0.000000E+00  0.202884E+06
  0.136331E-01  0.201230E+06  0.180686E+06  0.769138E+04  0.621352E+04  0.000000E+00  0.200583E+06
  0.140952E-01  0.198914E+06  0.177349E+06  0.647148E+04  0.540633E+04  0.000000E+00  0.198235E+06
  0.145730E-01  0.196553E+06  0.173938E+06  0.547770E+04  0.486472E+04  0.000000E+00  0.195841E+06
  0.150669E-01  0.194148E+06  0.170456E+06  0.479407E+04  0.457566E+04  0.000000E+00  0.193402E+06
  0.155776E-01  0.191698E+06  0.166905E+06  0.446099E+04  0.448450E+04  0.000000E+00  0.190917E+06
  0.161056E-01  0.189205E+06  0.163290E+06  0.000000E+00  0.000000E+00  0.000000E+00  0.188389E+06
  0.166515E-01  0.186669E+06  0.159615E+06  0.000000E+00  0.000000E+00  0.000000E+00  0.185817E+06
  0.172159E-01  0.184092E+06  0.155885E+06  0.000000E+00  0.000000E+00  0.000000E+00  0.183203E+06
  0.177994E-01  0.181474E+06  0.152106E+06  0.000000E+00  0.000000E+00  0.000000E+00  0.180549E+06
  0.184028E-01  0.178817E+06  0.148286E+06  0.000000E+00  0.000000E+00  0.000000E+00  0.177856E+06
  0.190265E-01  0.176123E+06  0.144431E+06  0.000000E+00  0.000000E+00  0.000000E+00  0.175124E+06
  0.196714E-01  0.173391E+06  0.140550E+06  0.000000E+00  0.000000E+00  0.000000E+00  0.172357E+06
  0.203382E-01  0.170625E+06  0.136652E+06  0.000000E+00  0.000000E+00  0.000000E+00  0.169555E+06
  0.210276E-01  0.167825E+06  0.132747E+06  0.000000E+00  0.000000E+00  0.000000E+00  0.166720E+06
  0.217403E-01  0.164993E+06  0.128848E+06  0.000000E+00  0.000000E+00  0.000000E+00  0.163855E+06
  0.224772E-01  0.162131E+06  0.124965E+06  0.000000E+00  0.000000E+00  0.000000E+00  0.160961E+06
  0.232390E-01  0.159242E+06  0.121113E+06  0.000000E+00  0.000000E+00  0.000000E+00  0.158041E+06
  0.240267E-01  0.156327E+06  0.117305E+06  0.000000E+00  0.000000E+00  0.000000E+00  0.155098E+06
  0.248411E-01  0.153390E+06  0.113556E+06  0.000000E+00  0.000000E+00  0.000000E+00  0.152135E+06
  0.256831E-01  0.150431E+06  0.109881E+06  0.000000E+00  0.000000E+00  0.000000E+00  0.149154E+06
  0.265537E-01  0.147456E+06  0.106297E+06  0.000000E+00  0.000000E+00  0.000000E+00  0.146160E+06
  0.274537E-01  0.144466E+06  0.102820E+06  0.000000E+00  0.000000E+00  0.000000E+00  0.143154E+06
  0.283842E-01  0.141465E+06  0.994670E+05  0.000000E+00  0.000000E+00  0.000000E+00  0.140142E+06
  0.293463E-01  0.138457E+06  0.962534E+05  0.000000E+00  0.000000E+00  0.000000E+00  0.137128E+06
  0.303410E-01  0.135445E+06  0.931952E+05  0.000000E+00  0.000000E+00  0.000000E+00  0.134114E+06
  0.313694E-01  0.132434E+06  0.903073E+05  0.000000E+00  0.000000E+00  0.000000E+00  0.131107E+06
  0.324327E-01  0.129427E+06  0.876027E+05  0.000000E+00  0.000000E+00  0.000000E+00  0.128110E+06
  0.335320E-01  0.126429E+06  0.850928E+05  0.000000E+00  0.000000E+00  0.000000E+00  0.125127E+06
  0.346686E-01  0.123445E+06  0.827862E+05  0.000000E+00  0.000000E+00  0.000000E+00  0.122164E+06
  0.358437E-01  0.120477E+06  0.806881E+05  0.000000E+00  0.000000E+00  0.000000E+00  0.119224E+06
  0.370586E-01  0.117532E+06  0.788001E+05  0.000000E+00  0.000000E+00  0.000000E+00  0.116312E+06
  0.383147E-01  0.114603E+06  0.771080E+05  0.000000E+00  0.000000E+00  0.000000E+00  0.113422E+06
  0.396134E-01  0.111687E+06  0.755948E+05  0.000000E+00  0.000000E+00  0.000000E+00  0.110550E+06
  0.409561E-01  0.108807E+06  0.742713E+05  0.000000E+00  0.000000E+00  0.000000E+00  0.107720E+06
  0.423443E-01  0.105970E+06  0.731198E+05  0.000000E+00  0.000000E+00  0.000000E+00  0.104935E+06
  0.437796E-01  0.103176E+06  0.721148E+05  0.000000E+00  0.000000E+00  0.000000E+00  0.102197E+06
  0.452635E-01  0.100426E+06  0.712231E+05  0.000000E+00  0.000000E+00  0.000000E+00  0.995058E+05
  0.467977E-01  0.977175E+05  0.704047E+05  0.000000E+00  0.000000E+00  0.000000E+00  0.968572E+05
  0.483839E-01  0.950482E+05  0.696145E+05  0.000000E+00  0.000000E+00  0.000000E+00  0.942471E+05
  0.500239E-01  0.924139E+05  0.688041E+05  0.000000E+00  0.000000E+00  0.000000E+00  0.916702E+05
  0.517194E-01  0.898118E+05  0.679255E+05  0.000000E+00  0.000000E+00  0.000000E+00  0.891224E+05
  0.534725E-01  0.872407E+05  0.669335E+05  0.000000E+00  0.000000E+00  0.000000E+00  0.866011E+05
  0.552850E-01  0.847017E+05  0.657893E+05  0.000000E+00  0.000000E+00  0.000000E+00  0.841061E+05
  0.571588E-01  0.822006E+05  0.644648E+05  0.000000E+00  0.000000E+00  0.000000E+00  0.816420E+05
  0.590963E-01  0.797512E+05  0.629490E+05  0.000000E+00  0.000000E+00  0.000000E+00  0.792220E+05
  0.610993E-01  0.774119E+05  0.613022E+05  0.000000E+00  0.000000E+00  0.000000E+00  0.769045E+05
  0.631703E-01  0.750491E+05  0.593627E+05  0.000000E+00  0.000000E+00  0.000000E+00  0.745551E+05
  0.653114E-01  0.727219E+05  0.572168E+05  0.000000E+00  0.000000E+00  0.000000E+00  0.722335E+05
  0.675252E-01  0.704273E+05  0.548923E+05  0.000000E+00  0.000000E+00  0.000000E+00  0.699380E+05
  0.698139E-01  0.681642E+05  0.524334E+05  0.000000E+00  0.000000E+00  0.000000E+00  0.676687E+05
  0.721803E-01  0.659337E+05  0.499006E+05  0.000000E+00  0.000000E+00  0.000000E+00  0.654287E+05
  0.746268E-01  0.637404E+05  0.473672E+05  0.000000E+00  0.000000E+00  0.000000E+00  0.632247E+05
  0.771564E-01  0.615917E+05  0.449160E+05  0.000000E+00  0.000000E+00  0.000000E+00  0.610665E+05
  0.797716E-01  0.594954E+05  0.426270E+05  0.000000E+00  0.000000E+00  0.000000E+00  0.589641E+05
  0.824755E-01  0.574567E+05  0.405691E+05  0.000000E+00  0.000000E+00  0.000000E+00  0.569248E+05
  0.852709E-01  0.554772E+05  0.387899E+05  0.000000E+00  0.000000E+00  0.000000E+00  0.549516E+05
  0.881612E-01  0.535537E+05  0.373086E+05  0.000000E+00  0.000000E+00  0.000000E+00  0.530421E+05
  0.911495E-01  0.516820E+05  0.361146E+05  0.000000E+00  0.000000E+00  0.000000E+00  0.511917E+05
  0.942390E-01  0.498591E+05  0.351689E+05  0.000000E+00  0.000000E+00  0.000000E+00  0.493964E+05
  0.974333E-01  0.480846E+05  0.344086E+05  0.000000E+00  0.000000E+00  0.000000E+00  0.476538E+05
  0.100736E+00  0.463597E+05  0.337526E+05  0.000000E+00  0.000000E+00  0.000000E+00  0.459626E+05
  0.104150E+00  0.446836E+05  0.331093E+05  0.000000E+00  0.000000E+00  0.000000E+00  0.443190E+05
  0.107680E+00  0.430522E+05  0.323887E+05  0.000000E+00  0.000000E+00  0.000000E+00  0.427164E+05
  0.111330E+00  0.414601E+05  0.315192E+05  0.000000E+00  0.000000E+00  0.000000E+00  0.411470E+05
  0.115104E+00  0.399041E+05  0.304641E+05  0.000000E+00  0.000000E+00  0.000000E+00  0.396068E+05
  0.119005E+00  0.383846E+05  0.292296E+05  0.000000E+00  0.000000E+00  0.000000E+00  0.380962E+05
  0.123039E+00  0.369031E+05  0.278623E+05  0.000000E+00  0.000000E+00  0.000000E+00  0.366184E+05
  0.127209E+00  0.354601E+05  0.264374E+05  0.000000E+00  0.000000E+00  0.000000E+00  0.351759E+05
  0.131521E+00  0.340564E+05  0.250442E+05  0.000000E+00  0.000000E+00  0.000000E+00  0.337726E+05
  0.135979E+00  0.326966E+05  0.237693E+05  0.000000E+00  0.000000E+00  0.000000E+00  0.324155E+05
  0.140588E+00  0.313879E+05  0.226738E+05  0.000000E+00  0.000000E+00  0.000000E+00  0.311135E+05
  0.145353E+00  0.301327E+05  0.217722E+05  0.000000E+00  0.000000E+00  0.000000E+00  0.298694E+05
  0.150280E+00  0.289256E+05  0.210267E+05  0.000000E+00  0.000000E+00  0.000000E+00  0.286768E+05
  0.155374E+00  0.277594E+05  0.203669E+05  0.000000E+00  0.000000E+00  0.000000E+00  0.275265E+05
  0.160640E+00  0.266311E+05  0.197179E+05  0.000000E+00  0.000000E+00  0.000000E+00  0.264134E+05
  0.166085E+00  0.255393E+05  0.190219E+05  0.000000E+00  0.000000E+00  0.000000E+00  0.253340E+05
  0.171715E+00  0.244797E+05  0.182521E+05  0.000000E+00  0.000000E+00  0.000000E+00  0.242836E+05
  0.177535E+00  0.234507E+05  0.174237E+05  0.000000E+00  0.000000E+00  0.000000E+00  0.232609E+05
  0.183553E+00  0.224551E+05  0.165858E+05  0.000000E+00  0.000000E+00  0.000000E+00  0.222702E+05
  0.189774E+00  0.214957E+05  0.157931E+05  0.000000E+00  0.000000E+00  0.000000E+00  0.213161E+05
  0.196206E+00  0.205735E+05  0.150796E+05  0.000000E+00  0.000000E+00  0.000000E+00  0.204004E+05
  0.202857E+00  0.196893E+05  0.144486E+05  0.000000E+00  0.000000E+00  0.000000E+00  0.195242E+05
  0.209733E+00  0.188403E+05  0.138727E+05  0.000000E+00  0.000000E+00  0.000000E+00  0.186838E+05
  0.216842E+00  0.180212E+05  0.133128E+05  0.000000E+00  0.000000E+00  0.000000E+00  0.178729E+05
  0.224192E+00  0.172322E+05  0.127467E+05  0.000000E+00  0.000000E+00  0.000000E+00  0.170909E+05
  0.231791E+00  0.164730E+05  0.121747E+05  0.000000E+00  0.000000E+00  0.000000E+00  0.163377E+05
  0.239647E+00  0.157406E+05  0.116107E+05  0.000000E+00  0.000000E+00  0.000000E+00  0.156105E+05
  0.247770E+00  0.150366E+05  0.110758E+05  0.000000E+00  0.000000E+00  0.000000E+00  0.149118E+05
  0.256168E+00  0.143622E+05  0.105791E+05  0.000000E+00  0.000000E+00  0.000000E+00  0.142430E+05
  0.264851E+00  0.137143E+05  0.101113E+05  0.000000E+00  0.000000E+00  0.000000E+00  0.136008E+05
  0.273828E+00  0.130928E+05  0.966153E+04  0.000000E+00  0.000000E+00  0.000000E+00  0.129847E+05
  0.283110E+00  0.124962E+05  0.922258E+04  0.000000E+00  0.000000E+00  0.000000E+00  0.123931E+05
  0.292706E+00  0.119230E+05  0.879562E+04  0.000000E+00  0.000000E+00  0.000000E+00  0.118245E+05
  0.302627E+00  0.113736E+05  0.838731E+04  0.000000E+00  0.000000E+00  0.000000E+00  0.112796E+05
  0.312884E+00  0.108468E+05  0.799898E+04  0.000000E+00  0.000000E+00  0.000000E+00  0.107571E+05
  0.323490E+00  0.103422E+05  0.762876E+04  0.000000E+00  0.000000E+00  0.000000E+00  0.102568E+05
  0.334454E+00  0.985854E+04  0.727284E+04  0.000000E+00  0.000000E+00  0.000000E+00  0.977710E+04
  0.345791E+00  0.939546E+04  0.693088E+04  0.000000E+00  0.000000E+00  0.000000E+00  0.931784E+04
  0.357512E+00  0.895190E+04  0.660325E+04  0.000000E+00  0.000000E+00  0.000000E+00  0.887793E+04
  0.369629E+00  0.852753E+04  0.629041E+04  0.000000E+00  0.000000E+00  0.000000E+00  0.845707E+04
  0.382158E+00  0.812132E+04  0.599102E+04  0.000000E+00  0.000000E+00  0.000000E+00  0.805422E+04
  0.395111E+00  0.773297E+04  0.570462E+04  0.000000E+00  0.000000E+00  0.000000E+00  0.766908E+04
  0.408504E+00  0.736142E+04  0.543049E+04  0.000000E+00  0.000000E+00  0.000000E+00  0.730060E+04
  0.422350E+00  0.700651E+04  0.516881E+04  0.000000E+00  0.000000E+00  0.000000E+00  0.694863E+04
  0.436666E+00  0.666720E+04  0.491856E+04  0.000000E+00  0.000000E+00  0.000000E+00  0.661213E+04
  0.451466E+00  0.634321E+04  0.467958E+04  0.000000E+00  0.000000E+00  0.000000E+00  0.629081E+04
  0.466769E+00  0.603379E+04  0.445135E+04  0.000000E+00  0.000000E+00  0.000000E+00  0.598395E+04
  0.482590E+00  0.573831E+04  0.423342E+04  0.000000E+00  0.000000E+00  0.000000E+00  0.569091E+04
  0.498948E+00  0.545635E+04  0.402545E+04  0.000000E+00  0.000000E+00  0.000000E+00  0.541128E+04
  0.515859E+00  0.518727E+04  0.382697E+04  0.000000E+00  0.000000E+00  0.000000E+00  0.514442E+04
  0.533344E+00  0.493047E+04  0.363754E+04  0.000000E+00  0.000000E+00  0.000000E+00  0.488974E+04
  0.551422E+00  0.468553E+04  0.345686E+04  0.000000E+00  0.000000E+00  0.000000E+00  0.464683E+04
  0.570113E+00  0.445196E+04  0.328457E+04  0.000000E+00  0.000000E+00  0.000000E+00  0.441519E+04
  0.589437E+00  0.422926E+04  0.312030E+04  0.000000E+00  0.000000E+00  0.000000E+00  0.419433E+04
  0.609416E+00  0.401698E+04  0.296371E+04  0.000000E+00  0.000000E+00  0.000000E+00  0.398380E+04
  0.630072E+00  0.381469E+04  0.281448E+04  0.000000E+00  0.000000E+00  0.000000E+00  0.378319E+04
  0.651428E+00  0.362202E+04  0.267235E+04  0.000000E+00  0.000000E+00  0.000000E+00  0.359211E+04
  0.673509E+00  0.343854E+04  0.253700E+04  0.000000E+00  0.000000E+00  0.000000E+00  0.341015E+04
  0.696337E+00  0.326387E+04  0.240814E+04  0.000000E+00  0.000000E+00  0.000000E+00  0.323692E+04
  0.719940E+00  0.309760E+04  0.228548E+04  0.000000E+00  0.000000E+00  0.000000E+00  0.307202E+04
  0.744342E+00  0.293934E+04  0.216873E+04  0.000000E+00  0.000000E+00  0.000000E+00  0.291507E+04
  0.769572E+00  0.278872E+04  0.205762E+04  0.000000E+00  0.000000E+00  0.000000E+00  0.276570E+04
  0.795656E+00  0.264540E+04  0.195188E+04  0.000000E+00  0.000000E+00  0.000000E+00  0.262356E+04
  0.822625E+00  0.250905E+04  0.185129E+04  0.000000E+00  0.000000E+00  0.000000E+00  0.248833E+04
  0.850508E+00  0.237937E+04  0.175562E+04  0.000000E+00  0.000000E+00  0.000000E+00  0.235972E+04
  0.879336E+00  0.225606E+04  0.166464E+04  0.000000E+00  0.000000E+00  0.000000E+00  0.223743E+04
  0.909141E+00  0.213885E+04  0.157817E+04  0.000000E+00  0.000000E+00  0.000000E+00  0.212119E+04
  0.939957E+00  0.202748E+04  0.149600E+04  0.000000E+00  0.000000E+00  0.000000E+00  0.201074E+04
  0.971817E+00  0.192164E+04  0.141792E+04  0.000000E+00  0.000000E+00  0.000000E+00  0.190578E+04
  0.100476E+01  0.182107E+04  0.134371E+04  0.000000E+00  0.000000E+00  0.000000E+00  0.180604E+04
  0.103881E+01  0.172553E+04  0.127323E+04  0.000000E+00  0.000000E+00  0.000000E+00  0.171129E+04
  0.107402E+01  0.163477E+04  0.120626E+04  0.000000E+00  0.000000E+00  0.000000E+00  0.162128E+04
  0.111043E+01  0.154861E+04  0.114269E+04  0.000000E+00  0.000000E+00  0.000000E+00  0.153582E+04
  0.114807E+01  0.146680E+04  0.108233E+04  0.000000E+00  0.000000E+00  0.000000E+00  0.145469E+04
  0.118698E+01  0.138916E+04  0.102504E+04  0.000000E+00  0.000000E+00  0.000000E+00  0.137769E+04
  0.122721E+01  0.131546E+04  0.970669E+03  0.000000E+00  0.000000E+00  0.000000E+00  0.130460E+04
  0.126881E+01  0.124552E+04  0.919059E+03  0.000000E+00  0.000000E+00  0.000000E+00  0.123523E+04
  0.131182E+01  0.117915E+04  0.870093E+03  0.000000E+00  0.000000E+00  0.000000E+00  0.116942E+04
  0.135628E+01  0.111619E+04  0.823641E+03  0.000000E+00  0.000000E+00  0.000000E+00  0.110698E+04
  0.140225E+01  0.105648E+04  0.779584E+03  0.000000E+00  0.000000E+00  0.000000E+00  0.104776E+04
  0.144978E+01  0.999852E+03  0.737798E+03  0.000000E+00  0.000000E+00  0.000000E+00  0.991598E+03
  0.149892E+01  0.946145E+03  0.698170E+03  0.000000E+00  0.000000E+00  0.000000E+00  0.938334E+03
  0.154973E+01  0.895223E+03  0.660597E+03  0.000000E+00  0.000000E+00  0.000000E+00  0.887834E+03
  0.160226E+01  0.846951E+03  0.624979E+03  0.000000E+00  0.000000E+00  0.000000E+00  0.839960E+03
  0.165656E+01  0.801201E+03  0.591221E+03  0.000000E+00  0.000000E+00  0.000000E+00  0.794588E+03
  0.171271E+01  0.757840E+03  0.559225E+03  0.000000E+00  0.000000E+00  0.000000E+00  0.751584E+03
  0.177077E+01  0.716751E+03  0.528907E+03  0.000000E+00  0.000000E+00  0.000000E+00  0.710835E+03
  0.183079E+01  0.677824E+03  0.500184E+03  0.000000E+00  0.000000E+00  0.000000E+00  0.672229E+03
  0.189284E+01  0.640949E+03  0.472974E+03  0.000000E+00  0.000000E+00  0.000000E+00  0.635659E+03
  0.195700E+01  0.606020E+03  0.447200E+03  0.000000E+00  0.000000E+00  0.000000E+00  0.601018E+03
  0.202333E+01  0.572942E+03  0.422792E+03  0.000000E+00  0.000000E+00  0.000000E+00  0.568213E+03
  0.209191E+01  0.541618E+03  0.399678E+03  0.000000E+00  0.000000E+00  0.000000E+00  0.537147E+03
  0.216282E+01  0.511959E+03  0.377793E+03  0.000000E+00  0.000000E+00  0.000000E+00  0.507733E+03
  0.223613E+01  0.483878E+03  0.357072E+03  0.000000E+00  0.000000E+00  0.000000E+00  0.479884E+03
  0.231192E+01  0.457295E+03  0.337456E+03  0.000000E+00  0.000000E+00  0.000000E+00  0.453521E+03
  0.239028E+01  0.432133E+03  0.318889E+03  0.000000E+00  0.000000E+00  0.000000E+00  0.428567E+03
  0.247130E+01  0.408320E+03  0.301317E+03  0.000000E+00  0.000000E+00  0.000000E+00  0.404949E+03
  0.255507E+01  0.385784E+03  0.284687E+03  0.000000E+00  0.000000E+00  0.000000E+00  0.382600E+03
  0.264167E+01  0.364461E+03  0.268953E+03  0.000000E+00  0.000000E+00  0.000000E+00  0.361453E+03
  0.273121E+01  0.344289E+03  0.254067E+03  0.000000E+00  0.000000E+00  0.000000E+00  0.341448E+03
  0.282379E+01  0.325206E+03  0.239986E+03  0.000000E+00  0.000000E+00  0.000000E+00  0.322522E+03
  0.291950E+01  0.307157E+03  0.226667E+03  0.000000E+00  0.000000E+00  0.000000E+00  0.304622E+03
  0.301846E+01  0.290087E+03  0.214070E+03  0.000000E+00  0.000000E+00  0.000000E+00  0.287692E+03
  0.312077E+01  0.273943E+03  0.202157E+03  0.000000E+00  0.000000E+00  0.000000E+00  0.271682E+03
  0.322655E+01  0.258678E+03  0.190892E+03  0.000000E+00  0.000000E+00  0.000000E+00  0.256543E+03
  0.333591E+01  0.244244E+03  0.180241E+03  0.000000E+00  0.000000E+00  0.000000E+00  0.242228E+03
  0.344898E+01  0.230597E+03  0.170170E+03  0.000000E+00  0.000000E+00  0.000000E+00  0.228694E+03
  0.356588E+01  0.217696E+03  0.160650E+03  0.000000E+00  0.000000E+00  0.000000E+00  0.215900E+03
  0.368675E+01  0.205502E+03  0.151651E+03  0.000000E+00  0.000000E+00  0.000000E+00  0.203806E+03
  0.381172E+01  0.193976E+03  0.143146E+03  0.000000E+00  0.000000E+00  0.000000E+00  0.192375E+03
  0.394091E+01  0.183085E+03  0.135108E+03  0.000000E+00  0.000000E+00  0.000000E+00  0.181574E+03
  0.407449E+01  0.172792E+03  0.127513E+03  0.000000E+00  0.000000E+00  0.000000E+00  0.171366E+03
  0.421259E+01  0.163068E+03  0.120337E+03  0.000000E+00  0.000000E+00  0.000000E+00  0.161722E+03
  0.435538E+01  0.153880E+03  0.113557E+03  0.000000E+00  0.000000E+00  0.000000E+00  0.152610E+03
  0.450301E+01  0.145200E+03  0.107151E+03  0.000000E+00  0.000000E+00  0.000000E+00  0.144002E+03
  0.465564E+01  0.137000E+03  0.101100E+03  0.000000E+00  0.000000E+00  0.000000E+00  0.135869E+03
  0.481344E+01  0.129254E+03  0.953834E+02  0.000000E+00  0.000000E+00  0.000000E+00  0.128187E+03
  0.497659E+01  0.121938E+03  0.899844E+02  0.000000E+00  0.000000E+00  0.000000E+00  0.120931E+03
  0.514527E+01  0.115029E+03  0.848858E+02  0.000000E+00  0.000000E+00  0.000000E+00  0.114079E+03
  0.531968E+01  0.108505E+03  0.800711E+02  0.000000E+00  0.000000E+00  0.000000E+00  0.107609E+03
  0.549998E+01  0.102344E+03  0.755250E+02  0.000000E+00  0.000000E+00  0.000000E+00  0.101500E+03
  0.568641E+01  0.965279E+02  0.712325E+02  0.000000E+00  0.000000E+00  0.000000E+00  0.957311E+02
  0.587915E+01  0.910363E+02  0.671799E+02  0.000000E+00  0.000000E+00  0.000000E+00  0.902849E+02
  0.607843E+01  0.858516E+02  0.633537E+02  0.000000E+00  0.000000E+00  0.000000E+00  0.851430E+02
  0.628446E+01  0.809572E+02  0.597417E+02  0.000000E+00  0.000000E+00  0.000000E+00  0.802890E+02
  0.649747E+01  0.763376E+02  0.563325E+02  0.000000E+00  0.000000E+00  0.000000E+00  0.757075E+02
  0.671770E+01  0.719774E+02  0.531148E+02  0.000000E+00  0.000000E+00  0.000000E+00  0.713833E+02
  0.694539E+01  0.678628E+02  0.500782E+02  0.000000E+00  0.000000E+00  0.000000E+00  0.673026E+02
  0.718081E+01  0.639797E+02  0.472125E+02  0.000000E+00  0.000000E+00  0.000000E+00  0.634516E+02
  0.742420E+01  0.603154E+02  0.445083E+02  0.000000E+00  0.000000E+00  0.000000E+00  0.598176E+02
  0.767585E+01  0.568576E+02  0.419565E+02  0.000000E+00  0.000000E+00  0.000000E+00  0.563883E+02
  0.793602E+01  0.535952E+02  0.395488E+02  0.000000E+00  0.000000E+00  0.000000E+00  0.531528E+02
  0.820502E+01  0.505172E+02  0.372772E+02  0.000000E+00  0.000000E+00  0.000000E+00  0.501002E+02
  0.848312E+01  0.476137E+02  0.351344E+02  0.000000E+00  0.000000E+00  0.000000E+00  0.472206E+02
  0.877066E+01  0.448747E+02  0.331131E+02  0.000000E+00  0.000000E+00  0.000000E+00  0.445043E+02
  0.906794E+01  0.422912E+02  0.312064E+02  0.000000E+00  0.000000E+00  0.000000E+00  0.419421E+02
  0.937530E+01  0.398542E+02  0.294079E+02  0.000000E+00  0.000000E+00  0.000000E+00  0.395252E+02
  0.969308E+01  0.375557E+02  0.277116E+02  0.000000E+00  0.000000E+00  0.000000E+00  0.372457E+02
  0.100216E+02  0.353880E+02  0.261118E+02  0.000000E+00  0.000000E+00  0.000000E+00  0.350959E+02
  0.103613E+02  0.333439E+02  0.246032E+02  0.000000E+00  0.000000E+00  0.000000E+00  0.330686E+02
  0.107125E+02  0.314165E+02  0.231807E+02  0.000000E+00  0.000000E+00  0.000000E+00  0.311571E+02
  0.110756E+02  0.295990E+02  0.218394E+02  0.000000E+00  0.000000E+00  0.000000E+00  0.293546E+02
  0.114510E+02  0.278852E+02  0.205746E+02  0.000000E+00  0.000000E+00  0.000000E+00  0.276550E+02
  0.118392E+02  0.262694E+02  0.193821E+02  0.000000E+00  0.000000E+00  0.000000E+00  0.260525E+02
  0.122404E+02  0.247462E+02  0.182579E+02  0.000000E+00  0.000000E+00  0.000000E+00  0.245418E+02
  0.126553E+02  0.233103E+02  0.171982E+02  0.000000E+00  0.000000E+00  0.000000E+00  0.231178E+02
  0.130843E+02  0.219567E+02  0.161992E+02  0.000000E+00  0.000000E+00  0.000000E+00  0.217754E+02
  0.135278E+02  0.206807E+02  0.152574E+02  0.000000E+00  0.000000E+00  0.000000E+00  0.205099E+02
  0.139863E+02  0.194780E+02  0.143698E+02  0.000000E+00  0.000000E+00  0.000000E+00  0.193171E+02
  0.144604E+02  0.183445E+02  0.135332E+02  0.000000E+00  0.000000E+00  0.000000E+00  0.181930E+02
  0.149505E+02  0.172763E+02  0.127448E+02  0.000000E+00  0.000000E+00  0.000000E+00  0.171336E+02
  0.154573E+02  0.162695E+02  0.120018E+02  0.000000E+00  0.000000E+00  0.000000E+00  0.161351E+02
  0.159812E+02  0.153208E+02  0.113016E+02  0.000000E+00  0.000000E+00  0.000000E+00  0.151942E+02
  0.165229E+02  0.144267E+02  0.106417E+02  0.000000E+00  0.000000E+00  0.000000E+00  0.143075E+02
  0.170829E+02  0.135844E+02  0.100200E+02  0.000000E+00  0.000000E+00  0.000000E+00  0.134721E+02
  0.176619E+02  0.127907E+02  0.943421E+01  0.000000E+00  0.000000E+00  0.000000E+00  0.126850E+02
  0.182606E+02  0.120428E+02  0.888225E+01  0.000000E+00  0.000000E+00  0.000000E+00  0.119433E+02
  0.188795E+02  0.113383E+02  0.836223E+01  0.000000E+00  0.000000E+00  0.000000E+00  0.112445E+02
  0.195195E+02  0.106745E+02  0.787233E+01  0.000000E+00  0.000000E+00  0.000000E+00  0.105863E+02
  0.201811E+02  0.100493E+02  0.741085E+01  0.000000E+00  0.000000E+00  0.000000E+00  0.996617E+01
  0.208651E+02  0.946024E+01  0.697610E+01  0.000000E+00  0.000000E+00  0.000000E+00  0.938200E+01
  0.215723E+02  0.890540E+01  0.656658E+01  0.000000E+00  0.000000E+00  0.000000E+00  0.883174E+01
  0.223035E+02  0.838280E+01  0.618085E+01  0.000000E+00  0.000000E+00  0.000000E+00  0.831345E+01
  0.230595E+02  0.789060E+01  0.581756E+01  0.000000E+00  0.000000E+00  0.000000E+00  0.782531E+01
  0.238411E+02  0.742700E+01  0.547537E+01  0.000000E+00  0.000000E+00  0.000000E+00  0.736553E+01
  0.246492E+02  0.699039E+01  0.515311E+01  0.000000E+00  0.000000E+00  0.000000E+00  0.693252E+01
  0.254847E+02  0.657922E+01  0.484961E+01  0.000000E+00  0.000000E+00  0.000000E+00  0.652474E+01
  0.263485E+02  0.619201E+01  0.456381E+01  0.000000E+00  0.000000E+00  0.000000E+00  0.614073E+01
  0.272416E+02  0.582738E+01  0.429467E+01  0.000000E+00  0.000000E+00  0.000000E+00  0.577911E+01
  0.281650E+02  0.548404E+01  0.404123E+01  0.000000E+00  0.000000E+00  0.000000E+00  0.543859E+01
  0.291196E+02  0.516076E+01  0.380261E+01  0.000000E+00  0.000000E+00  0.000000E+00  0.511799E+01
  0.301066E+02  0.485636E+01  0.357792E+01  0.000000E+00  0.000000E+00  0.000000E+00  0.481610E+01
  0.311271E+02  0.456977E+01  0.336636E+01  0.000000E+00  0.000000E+00  0.000000E+00  0.453186E+01
  0.321822E+02  0.429995E+01  0.316719E+01  0.000000E+00  0.000000E+00  0.000000E+00  0.426427E+01
  0.332730E+02  0.404593E+01  0.297968E+01  0.000000E+00  0.000000E+00  0.000000E+00  0.401235E+01
  0.344008E+02  0.380678E+01  0.280315E+01  0.000000E+00  0.000000E+00  0.000000E+00  0.377517E+01
  0.355668E+02  0.358167E+01  0.263697E+01  0.000000E+00  0.000000E+00  0.000000E+00  0.355192E+01
  0.367723E+02  0.336975E+01  0.248053E+01  0.000000E+00  0.000000E+00  0.000000E+00  0.334175E+01
  0.380187E+02  0.317028E+01  0.233327E+01  0.000000E+00  0.000000E+00  0.000000E+00  0.314391E+01
  0.393074E+02  0.298252E+01  0.219467E+01  0.000000E+00  0.000000E+00  0.000000E+00  0.295770E+01
  0.406397E+02  0.280579E+01  0.206420E+01  0.000000E+00  0.000000E+00  0.000000E+00  0.278244E+01
  0.420172E+02  0.263946E+01  0.194140E+01  0.000000E+00  0.000000E+00  0.000000E+00  0.261747E+01
  0.434414E+02  0.248291E+01  0.182583E+01  0.000000E+00  0.000000E+00  0.000000E+00  0.246221E+01
  0.449138E+02  0.233558E+01  0.171705E+01  0.000000E+00  0.000000E+00  0.000000E+00  0.231609E+01
  0.464362E+02  0.219692E+01  0.161468E+01  0.000000E+00  0.000000E+00  0.000000E+00  0.217858E+01
  0.480101E+02  0.206644E+01  0.151835E+01  0.000000E+00  0.000000E+00  0.000000E+00  0.204917E+01
  0.496375E+02  0.194364E+01  0.142768E+01  0.000000E+00  0.000000E+00  0.000000E+00  0.192739E+01
  0.513199E+02  0.182810E+01  0.134237E+01  0.000000E+00  0.000000E+00  0.000000E+00  0.181280E+01
  0.530594E+02  0.171937E+01  0.126209E+01  0.000000E+00  0.000000E+00  0.000000E+00  0.170497E+01
  0.548579E+02  0.161707E+01  0.118655E+01  0.000000E+00  0.000000E+00  0.000000E+00  0.160351E+01
  0.567173E+02  0.152081E+01  0.111547E+01  0.000000E+00  0.000000E+00  0.000000E+00  0.150804E+01
  0.586397E+02  0.143024E+01  0.104859E+01  0.000000E+00  0.000000E+00  0.000000E+00  0.141822E+01
  0.606273E+02  0.134502E+01  0.985663E+00  0.000000E+00  0.000000E+00  0.000000E+00  0.133371E+01
  0.626823E+02  0.126485E+01  0.926459E+00  0.000000E+00  0.000000E+00  0.000000E+00  0.125420E+01
  0.648069E+02  0.118943E+01  0.870758E+00  0.000000E+00  0.000000E+00  0.000000E+00  0.117939E+01
  0.670036E+02  0.111847E+01  0.818354E+00  0.000000E+00  0.000000E+00  0.000000E+00  0.110902E+01
  0.692747E+02  0.105173E+01  0.769055E+00  0.000000E+00  0.000000E+00  0.000000E+00  0.104282E+01
  0.716227E+02  0.988932E+00  0.722677E+00  0.000000E+00  0.000000E+00  0.000000E+00  0.980546E+00
  0.740504E+02  0.929865E+00  0.679048E+00  0.000000E+00  0.000000E+00  0.000000E+00  0.921965E+00
  0.765604E+02  0.874303E+00  0.638007E+00  0.000000E+00  0.000000E+00  0.000000E+00  0.866861E+00
  0.791553E+02  0.822041E+00  0.599401E+00  0.000000E+00  0.000000E+00  0.000000E+00  0.815028E+00
  0.818384E+02  0.772882E+00  0.563086E+00  0.000000E+00  0.000000E+00  0.000000E+00  0.766275E+00
  0.846122E+02  0.726646E+00  0.528928E+00  0.000000E+00  0.000000E+00  0.000000E+00  0.720419E+00
  0.874802E+02  0.683158E+00  0.496799E+00  0.000000E+00  0.000000E+00  0.000000E+00  0.677289E+00
  0.904453E+02  0.642258E+00  0.466580E+00  0.000000E+00  0.000000E+00  0.000000E+00  0.636725E+00
  0.935109E+02  0.603792E+00  0.438158E+00  0.000000E+00  0.000000E+00  0.000000E+00  0.598575E+00
  0.966806E+02  0.567614E+00  0.411424E+00  0.000000E+00  0.000000E+00  0.000000E+00  0.562695E+00
  0.999576E+02  0.533593E+00  0.386283E+00  0.000000E+00  0.000000E+00  0.000000E+00  0.528953E+00
  0.103346E+03  0.501599E+00  0.362639E+00  0.000000E+00  0.000000E+00  0.000000E+00  0.497222E+00
  0.106849E+03  0.471511E+00  0.340401E+00  0.000000E+00  0.000000E+00  0.000000E+00  0.467381E+00
  0.110470E+03  0.443218E+00  0.319490E+00  0.000000E+00  0.000000E+00  0.000000E+00  0.439321E+00
  0.114215E+03  0.416614E+00  0.299824E+00  0.000000E+00  0.000000E+00  0.000000E+00  0.412936E+00
  0.118086E+03  0.391598E+00  0.281332E+00  0.000000E+00  0.000000E+00  0.000000E+00  0.388125E+00
  0.122089E+03  0.368074E+00  0.263941E+00  0.000000E+00  0.000000E+00  0.000000E+00  0.364794E+00
  0.126227E+03  0.345956E+00  0.247589E+00  0.000000E+00  0.000000E+00  0.000000E+00  0.342858E+00
  0.130505E+03  0.325160E+00  0.232213E+00  0.000000E+00  0.000000E+00  0.000000E+00  0.322233E+00
  0.134928E+03  0.305608E+00  0.217755E+00  0.000000E+00  0.000000E+00  0.000000E+00  0.302841E+00
  0.139502E+03  0.287223E+00  0.204160E+00  0.000000E+00  0.000000E+00  0.000000E+00  0.284607E+00
  0.144230E+03  0.269940E+00  0.191379E+00  0.000000E+00  0.000000E+00  0.000000E+00  0.267466E+00
  0.149119E+03  0.253691E+00  0.179362E+00  0.000000E+00  0.000000E+00  0.000000E+00  0.251350E+00
  0.154173E+03  0.238415E+00  0.168064E+00  0.000000E+00  0.000000E+00  0.000000E+00  0.236199E+00
  0.159399E+03  0.224053E+00  0.157441E+00  0.000000E+00  0.000000E+00  0.000000E+00  0.221955E+00
  0.164802E+03  0.210553E+00  0.147455E+00  0.000000E+00  0.000000E+00  0.000000E+00  0.208565E+00
  0.170388E+03  0.197861E+00  0.138068E+00  0.000000E+00  0.000000E+00  0.000000E+00  0.195978E+00
  0.176164E+03  0.185931E+00  0.129243E+00  0.000000E+00  0.000000E+00  0.000000E+00  0.184145E+00
  0.182135E+03  0.174716E+00  0.120948E+00  0.000000E+00  0.000000E+00  0.000000E+00  0.173022E+00
  0.188308E+03  0.164174E+00  0.113151E+00  0.000000E+00  0.000000E+00  0.000000E+00  0.162567E+00
  0.194691E+03  0.154265E+00  0.105822E+00  0.000000E+00  0.000000E+00  0.000000E+00  0.152739E+00
  0.201290E+03  0.144951E+00  0.989338E-01  0.000000E+00  0.000000E+00  0.000000E+00  0.143501E+00
