  0.108800E-04  0.416804E+07  0.416804E+07  0.555679E+07  0.555678E+07  0.000000E+00  0.416804E+07
  0.112487E-04  0.416804E+07  0.416804E+07  0.555675E+07  0.555674E+07  0.000000E+00  0.416804E+07
  0.116300E-04  0.416803E+07  0.416803E+07  0.555670E+07  0.555670E+07  0.000000E+00  0.416803E+07
  0.120242E-04  0.416803E+07  0.416803E+07  0.555666E+07  0.555665E+07  0.000000E+00  0.416803E+07
  0.124318E-04  0.416803E+07  0.416803E+07  0.555661E+07  0.555660E+07  0.000000E+00  0.416803E+07
  0.128531E-04  0.416803E+07  0.416803E+07  0.555655E+07  0.555655E+07  0.000000E+00  0.416803E+07
  0.132888E-04  0.416803E+07  0.416803E+07  0.555649E+07  0.555649E+07  0.000000E+00  0.416803E+07
  0.137392E-04  0.416803E+07  0.416803E+07  0.555643E+07  0.555643E+07  0.000000E+00  0.416803E+07
  0.142049E-04  0.416803E+07  0.416803E+07  0.555637E+07  0.555636E+07  0.000000E+00  0.416803E+07
  0.146864E-04  0.416803E+07  0.416803E+07  0.555630E+07  0.555629E+07  0.000000E+00  0.416803E+07
  0.151842E-04  0.416803E+07  0.416803E+07  0.555622E+07  0.555621E+07  0.000000E+00  0.416803E+07
  0.156989E-04  0.416803E+07  0.416803E+07  0.555614E+07  0.555613E+07  0.000000E+00  0.416803E+07
  0.162310E-04  0.416803E+07  0.416803E+07  0.555606E+07  0.555605E+07  0.000000E+00  0.416803E+07
  0.167811E-04  0.416803E+07  0.416803E+07  0.555596E+07  0.555596E+07  0.000000E+00  0.416803E+07
  0.173499E-04  0.416803E+07  0.416803E+07  0.555587E+07  0.555586E+07  0.000000E+00  0.416803E+07
  0.179380E-04  0.416803E+07  0.416803E+07  0.555576E+07  0.555575E+07  0.000000E+00  0.416803E+07
  0.185460E-04  0.416803E+07  0.416803E+07  0.555565E+07  0.555564E+07  0.000000E+00  0.416803E+07
  0.191746E-04  0.416803E+07  0.416803E+07  0.555553E+07  0.555552E+07  0.000000E+00  0.416803E+07
  0.198246E-04  0.416803E+07  0.416803E+07  0.555540E+07  0.555539E+07  0.000000E+00  0.416803E+07
  0.204965E-04  0.416802E+07  0.416802E+07  0.555526E+07  0.555525E+07  0.000000E+00  0.416802E+07
  0.211913E-04  0.416802E+07  0.416802E+07  0.555512E+07  0.555510E+07  0.000000E+00  0.416802E+07
  0.219095E-04  0.416802E+07  0.416802E+07  0.555496E+07  0.555495E+07  0.000000E+00  0.416802E+07
  0.226522E-04  0.416802E+07  0.416802E+07  0.555480E+07  0.555478E+07  0.000000E+00  0.416802E+07
  0.234200E-04  0.416802E+07  0.416802E+07  0.555462E+07  0.555460E+07  0.000000E+00  0.416802E+07
  0.242138E-04  0.416802E+07  0.416802E+07  0.555443E+07  0.555441E+07  0.000000E+00  0.416802E+07
  0.250345E-04  0.416802E+07  0.416802E+07  0.555422E+07  0.555420E+07  0.000000E+00  0.416802E+07
  0.258831E-04  0.416802E+07  0.416802E+07  0.555400E+07  0.555398E+07  0.000000E+00  0.416802E+07
  0.267604E-04  0.416801E+07  0.416801E+07  0.555377E+07  0.555375E+07  0.000000E+00  0.416801E+07
  0.276674E-04  0.416801E+07  0.416801E+07  0.555352E+07  0.555350E+07  0.000000E+00  0.416801E+07
  0.286052E-04  0.416801E+07  0.416801E+07  0.555326E+07  0.555323E+07  0.000000E+00  0.416801E+07
  0.295748E-04  0.416801E+07  0.416801E+07  0.555297E+07  0.555294E+07  0.000000E+00  0.416801E+07
  0.305772E-04  0.416801E+07  0.416801E+07  0.555267E+07  0.555264E+07  0.000000E+00  0.416801E+07
  0.316136E-04  0.416800E+07  0.416800E+07  0.555234E+07  0.555231E+07  0.000000E+00  0.416800E+07
  0.326852E-04  0.416800E+07  0.416800E+07  0.555199E+07  0.555196E+07  0.000000E+00  0.416800E+07
  0.337931E-04  0.416800E+07  0.416800E+07  0.555162E+07  0.555159E+07  0.000000E+00  0.416800E+07
  0.349385E-04  0.416800E+07  0.416800E+07  0.555123E+07  0.555119E+07  0.000000E+00  0.416800E+07
  0.361227E-04  0.416799E+07  0.416799E+07  0.555080E+07  0.555076E+07  0.000000E+00  0.416799E+07
  0.373471E-04  0.416799E+07  0.416799E+07  0.555035E+07  0.555030E+07  0.000000E+00  0.416799E+07
  0.386130E-04  0.416799E+07  0.416799E+07  0.554986E+07  0.554982E+07  0.000000E+00  0.416799E+07
  0.399218E-04  0.416798E+07  0.416798E+07  0.554934E+07  0.554929E+07  0.000000E+00  0.416798E+07
  0.412749E-04  0.416798E+07  0.416798E+07  0.554879E+07  0.554874E+07  0.000000E+00  0.416798E+07
  0.426740E-04  0.416798E+07  0.416798E+07  0.554820E+07  0.554814E+07  0.000000E+00  0.416798E+07
  0.441204E-04  0.416797E+07  0.416797E+07  0.554757E+07  0.554750E+07  0.000000E+00  0.416797E+07
  0.456159E-04  0.416797E+07  0.416797E+07  0.554689E+07  0.554682E+07  0.000000E+00  0.416797E+07
  0.471620E-04  0.416796E+07  0.416796E+07  0.554617E+07  0.554610E+07  0.000000E+00  0.416796E+07
  0.487606E-04  0.416796E+07  0.416796E+07  0.554539E+07  0.554532E+07  0.000000E+00  0.416796E+07
  0.504133E-04  0.416795E+07  0.416795E+07  0.554457E+07  0.554449E+07  0.000000E+00  0.416795E+07
  0.521221E-04  0.416794E+07  0.416794E+07  0.554368E+07  0.554360E+07  0.000000E+00  0.416794E+07
  0.538888E-04  0.416794E+07  0.416794E+07  0.554274E+07  0.554265E+07  0.000000E+00  0.416794E+07
  0.557153E-04  0.416793E+07  0.416793E+07  0.554173E+07  0.554164E+07  0.000000E+00  0.416793E+07
  0.576038E-04  0.416792E+07  0.416792E+07  0.554066E+07  0.554055E+07  0.000000E+00  0.416792E+07
  0.595563E-04  0.416792E+07  0.416792E+07  0.553950E+07  0.553939E+07  0.000000E+00  0.416792E+07
  0.615750E-04  0.416791E+07  0.416791E+07  0.553827E+07  0.553815E+07  0.000000E+00  0.416791E+07
  0.636621E-04  0.416790E+07  0.416790E+07  0.553696E+07  0.553683E+07  0.000000E+00  0.416790E+07
  0.658199E-04  0.416789E+07  0.416789E+07  0.553555E+07  0.553542E+07  0.000000E+00  0.416789E+07
  0.680509E-04  0.416788E+07  0.416788E+07  0.553405E+07  0.553390E+07  0.000000E+00  0.416788E+07
  0.703575E-04  0.416787E+07  0.416787E+07  0.553244E+07  0.553229E+07  0.000000E+00  0.416787E+07
  0.727422E-04  0.416786E+07  0.416785E+07  0.553073E+07  0.553056E+07  0.000000E+00  0.416786E+07
  0.752079E-04  0.416784E+07  0.416784E+07  0.552890E+07  0.552872E+07  0.000000E+00  0.416784E+07
  0.777570E-04  0.416783E+07  0.416783E+07  0.552694E+07  0.552675E+07  0.000000E+00  0.416783E+07
  0.803926E-04  0.416782E+07  0.416781E+07  0.552484E+07  0.552464E+07  0.000000E+00  0.416782E+07
  0.831175E-04  0.416780E+07  0.416780E+07  0.552261E+07  0.552239E+07  0.000000E+00  0.416780E+07
  0.859348E-04  0.416778E+07  0.416778E+07  0.552022E+07  0.551998E+07  0.000000E+00  0.416778E+07
  0.888476E-04  0.416777E+07  0.416776E+07  0.551766E+07  0.551741E+07  0.000000E+00  0.416777E+07
  0.918591E-04  0.416775E+07  0.416774E+07  0.551493E+07  0.551467E+07  0.000000E+00  0.416775E+07
  0.949726E-04  0.416773E+07  0.416772E+07  0.551202E+07  0.551174E+07  0.000000E+00  0.416773E+07
  0.981917E-04  0.416770E+07  0.416770E+07  0.550890E+07  0.550860E+07  0.000000E+00  0.416770E+07
  0.101520E-03  0.416768E+07  0.416768E+07  0.550558E+07  0.550525E+07  0.000000E+00  0.416768E+07
  0.104961E-03  0.416766E+07  0.416765E+07  0.550202E+07  0.550168E+07  0.000000E+00  0.416766E+07
  0.108519E-03  0.416763E+07  0.416763E+07  0.549822E+07  0.549785E+07  0.000000E+00  0.416763E+07
  0.112197E-03  0.416760E+07  0.416760E+07  0.549417E+07  0.549377E+07  0.000000E+00  0.416760E+07
  0.116000E-03  0.416757E+07  0.416757E+07  0.548983E+07  0.548941E+07  0.000000E+00  0.416757E+07
  0.119932E-03  0.416754E+07  0.416754E+07  0.548520E+07  0.548476E+07  0.000000E+00  0.416754E+07
  0.123997E-03  0.416751E+07  0.416750E+07  0.548026E+07  0.547978E+07  0.000000E+00  0.416751E+07
  0.128200E-03  0.416747E+07  0.416747E+07  0.547498E+07  0.547447E+07  0.000000E+00  0.416747E+07
  0.132545E-03  0.416743E+07  0.416743E+07  0.546934E+07  0.546880E+07  0.000000E+00  0.416743E+07
  0.137038E-03  0.416739E+07  0.416738E+07  0.546332E+07  0.546274E+07  0.000000E+00  0.416739E+07
  0.141683E-03  0.416734E+07  0.416734E+07  0.545689E+07  0.545627E+07  0.000000E+00  0.416734E+07
  0.146485E-03  0.416730E+07  0.416729E+07  0.545002E+07  0.544936E+07  0.000000E+00  0.416730E+07
  0.151450E-03  0.416724E+07  0.416724E+07  0.544270E+07  0.544199E+07  0.000000E+00  0.416724E+07
  0.156583E-03  0.416719E+07  0.416718E+07  0.543487E+07  0.543412E+07  0.000000E+00  0.416719E+07
  0.161891E-03  0.416713E+07  0.416713E+07  0.542652E+07  0.542571E+07  0.000000E+00  0.416713E+07
  0.167378E-03  0.416707E+07  0.416706E+07  0.541760E+07  0.541674E+07  0.000000E+00  0.416707E+07
  0.173051E-03  0.416700E+07  0.416700E+07  0.540809E+07  0.540717E+07  0.000000E+00  0.416700E+07
  0.178917E-03  0.416693E+07  0.416692E+07  0.539794E+07  0.539696E+07  0.000000E+00  0.416693E+07
  0.184981E-03  0.416686E+07  0.416685E+07  0.538710E+07  0.538606E+07  0.000000E+00  0.416686E+07
  0.191251E-03  0.416677E+07  0.416676E+07  0.537555E+07  0.537444E+07  0.000000E+00  0.416677E+07
  0.197734E-03  0.416669E+07  0.416668E+07  0.536322E+07  0.536203E+07  0.000000E+00  0.416669E+07
  0.204436E-03  0.416659E+07  0.416658E+07  0.535007E+07  0.534881E+07  0.000000E+00  0.416659E+07
  0.211366E-03  0.416649E+07  0.416648E+07  0.533605E+07  0.533470E+07  0.000000E+00  0.416649E+07
  0.218530E-03  0.416639E+07  0.416638E+07  0.532110E+07  0.531967E+07  0.000000E+00  0.416639E+07
  0.225937E-03  0.416628E+07  0.416626E+07  0.530516E+07  0.530364E+07  0.000000E+00  0.416627E+07
  0.233595E-03  0.416615E+07  0.416614E+07  0.528817E+07  0.528655E+07  0.000000E+00  0.416615E+07
  0.241513E-03  0.416602E+07  0.416601E+07  0.527007E+07  0.526834E+07  0.000000E+00  0.416602E+07
  0.249699E-03  0.416589E+07  0.416587E+07  0.525078E+07  0.524895E+07  0.000000E+00  0.416589E+07
  0.258162E-03  0.416574E+07  0.416572E+07  0.523024E+07  0.522829E+07  0.000000E+00  0.416574E+07
  0.266913E-03  0.416558E+07  0.416556E+07  0.520837E+07  0.520629E+07  0.000000E+00  0.416558E+07
  0.275960E-03  0.416541E+07  0.416539E+07  0.518508E+07  0.518287E+07  0.000000E+00  0.416541E+07
  0.285314E-03  0.416523E+07  0.416521E+07  0.516030E+07  0.515795E+07  0.000000E+00  0.416523E+07
  0.294984E-03  0.416504E+07  0.416502E+07  0.513393E+07  0.513144E+07  0.000000E+00  0.416504E+07
  0.304983E-03  0.416484E+07  0.416481E+07  0.510588E+07  0.510323E+07  0.000000E+00  0.416483E+07
  0.315320E-03  0.416462E+07  0.416459E+07  0.507605E+07  0.507325E+07  0.000000E+00  0.416462E+07
  0.326008E-03  0.416438E+07  0.416436E+07  0.504436E+07  0.504138E+07  0.000000E+00  0.416438E+07
  0.337058E-03  0.416413E+07  0.416410E+07  0.501068E+07  0.500753E+07  0.000000E+00  0.416413E+07
  0.348483E-03  0.416386E+07  0.416384E+07  0.497492E+07  0.497158E+07  0.000000E+00  0.416386E+07
  0.360295E-03  0.416358E+07  0.416355E+07  0.493695E+07  0.493342E+07  0.000000E+00  0.416358E+07
  0.372507E-03  0.416328E+07  0.416324E+07  0.489667E+07  0.489294E+07  0.000000E+00  0.416327E+07
  0.385133E-03  0.416295E+07  0.416292E+07  0.485396E+07  0.485001E+07  0.000000E+00  0.416295E+07
  0.398187E-03  0.416260E+07  0.416257E+07  0.480869E+07  0.480452E+07  0.000000E+00  0.416260E+07
  0.411684E-03  0.416223E+07  0.416219E+07  0.476074E+07  0.475634E+07  0.000000E+00  0.416223E+07
  0.425638E-03  0.416184E+07  0.416180E+07  0.470998E+07  0.470535E+07  0.000000E+00  0.416184E+07
  0.440065E-03  0.416142E+07  0.416137E+07  0.465629E+07  0.465142E+07  0.000000E+00  0.416142E+07
  0.454981E-03  0.416097E+07  0.416092E+07  0.459954E+07  0.459441E+07  0.000000E+00  0.416097E+07
  0.470403E-03  0.416049E+07  0.416044E+07  0.453960E+07  0.453422E+07  0.000000E+00  0.416049E+07
  0.486347E-03  0.415998E+07  0.415992E+07  0.447635E+07  0.447070E+07  0.000000E+00  0.415998E+07
  0.502832E-03  0.415943E+07  0.415937E+07  0.440966E+07  0.440375E+07  0.000000E+00  0.415943E+07
  0.519875E-03  0.415885E+07  0.415879E+07  0.433942E+07  0.433323E+07  0.000000E+00  0.415885E+07
  0.537497E-03  0.415823E+07  0.415816E+07  0.426551E+07  0.425905E+07  0.000000E+00  0.415823E+07
  0.555715E-03  0.415757E+07  0.415750E+07  0.418784E+07  0.418111E+07  0.000000E+00  0.415757E+07
  0.574551E-03  0.415687E+07  0.415679E+07  0.410630E+07  0.409930E+07  0.000000E+00  0.415687E+07
  0.594026E-03  0.415612E+07  0.415603E+07  0.402082E+07  0.401355E+07  0.000000E+00  0.415612E+07
  0.614160E-03  0.415532E+07  0.415523E+07  0.393133E+07  0.392380E+07  0.000000E+00  0.415532E+07
  0.634977E-03  0.415447E+07  0.415437E+07  0.383779E+07  0.383001E+07  0.000000E+00  0.415447E+07
  0.656500E-03  0.415356E+07  0.415346E+07  0.374016E+07  0.373214E+07  0.000000E+00  0.415356E+07
  0.678752E-03  0.415260E+07  0.415249E+07  0.363845E+07  0.363021E+07  0.000000E+00  0.415259E+07
  0.701758E-03  0.415157E+07  0.415145E+07  0.353269E+07  0.352425E+07  0.000000E+00  0.415157E+07
  0.725544E-03  0.415048E+07  0.415035E+07  0.342294E+07  0.341432E+07  0.000000E+00  0.415048E+07
  0.750137E-03  0.414932E+07  0.414918E+07  0.330928E+07  0.330052E+07  0.000000E+00  0.414931E+07
  0.775563E-03  0.414808E+07  0.414794E+07  0.319187E+07  0.318300E+07  0.000000E+00  0.414808E+07
  0.801851E-03  0.414677E+07  0.414662E+07  0.307088E+07  0.306194E+07  0.000000E+00  0.414677E+07
  0.829029E-03  0.414538E+07  0.414521E+07  0.294655E+07  0.293758E+07  0.000000E+00  0.414537E+07
  0.857129E-03  0.414390E+07  0.414372E+07  0.281916E+07  0.281022E+07  0.000000E+00  0.414389E+07
  0.886182E-03  0.414232E+07  0.414213E+07  0.268905E+07  0.268019E+07  0.000000E+00  0.414232E+07
  0.916219E-03  0.414065E+07  0.414045E+07  0.255663E+07  0.254792E+07  0.000000E+00  0.414065E+07
  0.947274E-03  0.413888E+07  0.413867E+07  0.242236E+07  0.241386E+07  0.000000E+00  0.413888E+07
  0.979383E-03  0.413701E+07  0.413678E+07  0.228677E+07  0.227856E+07  0.000000E+00  0.413700E+07
  0.101258E-02  0.413502E+07  0.413477E+07  0.215046E+07  0.214261E+07  0.000000E+00  0.413501E+07
  0.104690E-02  0.413291E+07  0.413265E+07  0.201409E+07  0.200668E+07  0.000000E+00  0.413290E+07
  0.108239E-02  0.413068E+07  0.413040E+07  0.187838E+07  0.187149E+07  0.000000E+00  0.413067E+07
  0.111907E-02  0.412832E+07  0.412802E+07  0.174410E+07  0.173781E+07  0.000000E+00  0.412831E+07
  0.115700E-02  0.412582E+07  0.412550E+07  0.161207E+07  0.160646E+07  0.000000E+00  0.412581E+07
  0.119622E-02  0.412318E+07  0.412284E+07  0.148316E+07  0.147831E+07  0.000000E+00  0.412317E+07
  0.123677E-02  0.412039E+07  0.412002E+07  0.135826E+07  0.135422E+07  0.000000E+00  0.412038E+07
  0.127869E-02  0.411744E+07  0.411705E+07  0.123824E+07  0.123508E+07  0.000000E+00  0.411743E+07
  0.132203E-02  0.411434E+07  0.411392E+07  0.112400E+07  0.112175E+07  0.000000E+00  0.411432E+07
  0.136684E-02  0.411106E+07  0.411062E+07  0.101637E+07  0.101505E+07  0.000000E+00  0.411105E+07
  0.141317E-02  0.410761E+07  0.410714E+07  0.916133E+06  0.915751E+06  0.000000E+00  0.410759E+07
  0.146107E-02  0.410398E+07  0.410347E+07  0.823970E+06  0.824503E+06  0.000000E+00  0.410396E+07
  0.151059E-02  0.410015E+07  0.409961E+07  0.740444E+06  0.741843E+06  0.000000E+00  0.410013E+07
  0.156179E-02  0.409613E+07  0.409555E+07  0.665959E+06  0.668146E+06  0.000000E+00  0.409611E+07
  0.161473E-02  0.409190E+07  0.409129E+07  0.600739E+06  0.603604E+06  0.000000E+00  0.409188E+07
  0.166946E-02  0.408747E+07  0.408681E+07  0.544789E+06  0.548195E+06  0.000000E+00  0.408745E+07
  0.172605E-02  0.408281E+07  0.408211E+07  0.497884E+06  0.501665E+06  0.000000E+00  0.408279E+07
  0.178455E-02  0.407793E+07  0.407718E+07  0.459548E+06  0.463516E+06  0.000000E+00  0.407790E+07
  0.184504E-02  0.407281E+07  0.407201E+07  0.429056E+06  0.433006E+06  0.000000E+00  0.407279E+07
  0.190758E-02  0.406745E+07  0.406660E+07  0.405444E+06  0.409163E+06  0.000000E+00  0.406743E+07
  0.197223E-02  0.406185E+07  0.406094E+07  0.387531E+06  0.390813E+06  0.000000E+00  0.406182E+07
  0.203908E-02  0.405599E+07  0.405502E+07  0.373973E+06  0.376628E+06  0.000000E+00  0.405596E+07
  0.210820E-02  0.404986E+07  0.404883E+07  0.363318E+06  0.365188E+06  0.000000E+00  0.404983E+07
  0.217966E-02  0.404346E+07  0.404236E+07  0.354089E+06  0.355064E+06  0.000000E+00  0.404342E+07
  0.225354E-02  0.403678E+07  0.403560E+07  0.344880E+06  0.344911E+06  0.000000E+00  0.403674E+07
  0.232992E-02  0.402980E+07  0.402855E+07  0.334458E+06  0.333564E+06  0.000000E+00  0.402976E+07
  0.240889E-02  0.402253E+07  0.402120E+07  0.321860E+06  0.320135E+06  0.000000E+00  0.402249E+07
  0.249054E-02  0.401496E+07  0.401353E+07  0.306492E+06  0.304101E+06  0.000000E+00  0.401491E+07
  0.257496E-02  0.400706E+07  0.400554E+07  0.288191E+06  0.285354E+06  0.000000E+00  0.400701E+07
  0.266224E-02  0.399884E+07  0.399722E+07  0.267255E+06  0.264228E+06  0.000000E+00  0.399879E+07
  0.275248E-02  0.399028E+07  0.398856E+07  0.244426E+06  0.241466E+06  0.000000E+00  0.399023E+07
  0.284577E-02  0.398138E+07  0.397954E+07  0.220813E+06  0.218138E+06  0.000000E+00  0.398132E+07
  0.294223E-02  0.397212E+07  0.397016E+07  0.197756E+06  0.195506E+06  0.000000E+00  0.397205E+07
  0.304196E-02  0.396249E+07  0.396041E+07  0.176645E+06  0.174839E+06  0.000000E+00  0.396242E+07
  0.314506E-02  0.395248E+07  0.395027E+07  0.158699E+06  0.157213E+06  0.000000E+00  0.395242E+07
  0.325166E-02  0.394209E+07  0.393973E+07  0.144754E+06  0.143318E+06  0.000000E+00  0.394202E+07
  0.336188E-02  0.393131E+07  0.392879E+07  0.135082E+06  0.133306E+06  0.000000E+00  0.393123E+07
  0.347583E-02  0.392011E+07  0.391744E+07  0.129301E+06  0.126733E+06  0.000000E+00  0.392003E+07
  0.359365E-02  0.390850E+07  0.390565E+07  0.126392E+06  0.122612E+06  0.000000E+00  0.390841E+07
  0.371545E-02  0.389646E+07  0.389343E+07  0.000000E+00  0.000000E+00  0.000000E+00  0.389637E+07
  0.384139E-02  0.388398E+07  0.388076E+07  0.000000E+00  0.000000E+00  0.000000E+00  0.388388E+07
  0.397159E-02  0.387106E+07  0.386763E+07  0.000000E+00  0.000000E+00  0.000000E+00  0.387095E+07
  0.410621E-02  0.385767E+07  0.385402E+07  0.000000E+00  0.000000E+00  0.000000E+00  0.385756E+07
  0.424539E-02  0.384382E+07  0.383994E+07  0.000000E+00  0.000000E+00  0.000000E+00  0.384370E+07
  0.438929E-02  0.382949E+07  0.382536E+07  0.000000E+00  0.000000E+00  0.000000E+00  0.382936E+07
  0.453806E-02  0.381467E+07  0.381028E+07  0.000000E+00  0.000000E+00  0.000000E+00  0.381453E+07
  0.469188E-02  0.379935E+07  0.379469E+07  0.000000E+00  0.000000E+00  0.000000E+00  0.379921E+07
  0.485091E-02  0.378353E+07  0.377857E+07  0.000000E+00  0.000000E+00  0.000000E+00  0.378337E+07
  0.501534E-02  0.376718E+07  0.376192E+07  0.000000E+00  0.000000E+00  0.000000E+00  0.376701E+07
  0.518533E-02  0.375031E+07  0.374472E+07  0.000000E+00  0.000000E+00  0.000000E+00  0.375013E+07
  0.536109E-02  0.373290E+07  0.372696E+07  0.000000E+00  0.000000E+00  0.000000E+00  0.373271E+07
  0.554280E-02  0.371494E+07  0.370864E+07  0.000000E+00  0.000000E+00  0.000000E+00  0.371474E+07
  0.573068E-02  0.369643E+07  0.368974E+07  0.000000E+00  0.000000E+00  0.000000E+00  0.369622E+07
  0.592492E-02  0.367735E+07  0.367025E+07  0.000000E+00  0.000000E+00  0.000000E+00  0.367713E+07
  0.612574E-02  0.365770E+07  0.365017E+07  0.000000E+00  0.000000E+00  0.000000E+00  0.365746E+07
  0.633338E-02  0.363747E+07  0.362948E+07  0.000000E+00  0.000000E+00  0.000000E+00  0.363722E+07
  0.654805E-02  0.361665E+07  0.360818E+07  0.000000E+00  0.000000E+00  0.000000E+00  0.361639E+07
  0.677000E-02  0.359524E+07  0.358626E+07  0.000000E+00  0.000000E+00  0.000000E+00  0.359496E+07
  0.699947E-02  0.357322E+07  0.356371E+07  0.000000E+00  0.000000E+00  0.000000E+00  0.357292E+07
  0.723671E-02  0.355059E+07  0.354051E+07  0.000000E+00  0.000000E+00  0.000000E+00  0.355027E+07
  0.748200E-02  0.352734E+07  0.351667E+07  0.000000E+00  0.000000E+00  0.000000E+00  0.352700E+07
  0.773561E-02  0.350347E+07  0.349218E+07  0.000000E+00  0.000000E+00  0.000000E+00  0.350311E+07
  0.799781E-02  0.347897E+07  0.346702E+07  0.000000E+00  0.000000E+00  0.000000E+00  0.347859E+07
  0.826889E-02  0.345383E+07  0.344119E+07  0.000000E+00  0.000000E+00  0.000000E+00  0.345343E+07
  0.854917E-02  0.342805E+07  0.341469E+07  0.000000E+00  0.000000E+00  0.000000E+00  0.342763E+07
  0.883894E-02  0.340163E+07  0.338750E+07  0.000000E+00  0.000000E+00  0.000000E+00  0.340118E+07
  0.913854E-02  0.337455E+07  0.335964E+07  0.000000E+00  0.000000E+00  0.000000E+00  0.337408E+07
  0.944829E-02  0.334683E+07  0.333108E+07  0.000000E+00  0.000000E+00  0.000000E+00  0.334633E+07
  0.976854E-02  0.331844E+07  0.330182E+07  0.000000E+00  0.000000E+00  0.000000E+00  0.331792E+07
  0.100996E-01  0.328940E+07  0.327187E+07  0.000000E+00  0.000000E+00  0.000000E+00  0.328885E+07
  0.104420E-01  0.325970E+07  0.324121E+07  0.000000E+00  0.000000E+00  0.000000E+00  0.325911E+07
  0.107959E-01  0.322933E+07  0.320985E+07  0.000000E+00  0.000000E+00  0.000000E+00  0.322872E+07
  0.111618E-01  0.319830E+07  0.317779E+07  0.000000E+00  0.000000E+00  0.000000E+00  0.319765E+07
  0.115402E-01  0.316661E+07  0.314503E+07  0.000000E+00  0.000000E+00  0.000000E+00  0.316593E+07
  0.119313E-01  0.313425E+07  0.311156E+07  0.000000E+00  0.000000E+00  0.000000E+00  0.313353E+07
  0.123357E-01  0.310123E+07  0.307738E+07  0.000000E+00  0.000000E+00  0.000000E+00  0.310048E+07
  0.127539E-01  0.306755E+07  0.304251E+07  0.000000E+00  0.000000E+00  0.000000E+00  0.306676E+07
  0.131862E-01  0.303321E+07  0.300694E+07  0.000000E+00  0.000000E+00  0.000000E+00  0.303239E+07
  0.136331E-01  0.299823E+07  0.297068E+07  0.000000E+00  0.000000E+00  0.000000E+00  0.299736E+07
  0.140952E-01  0.296259E+07  0.293374E+07  0.000000E+00  0.000000E+00  0.000000E+00  0.296168E+07
  0.145730E-01  0.292631E+07  0.289613E+07  0.000000E+00  0.000000E+00  0.000000E+00  0.292536E+07
  0.150669E-01  0.288940E+07  0.285785E+07  0.000000E+00  0.000000E+00  0.000000E+00  0.288841E+07
  0.155776E-01  0.285187E+07  0.281892E+07  0.000000E+00  0.000000E+00  0.000000E+00  0.285083E+07
  0.161056E-01  0.281371E+07  0.277935E+07  0.000000E+00  0.000000E+00  0.000000E+00  0.281263E+07
  0.166515E-01  0.277496E+07  0.273916E+07  0.000000E+00  0.000000E+00  0.000000E+00  0.277383E+07
  0.172159E-01  0.273562E+07  0.269837E+07  0.000000E+00  0.000000E+00  0.000000E+00  0.273444E+07
  0.177994E-01  0.269570E+07  0.265700E+07  0.000000E+00  0.000000E+00  0.000000E+00  0.269448E+07
  0.184028E-01  0.265522E+07  0.261507E+07  0.000000E+00  0.000000E+00  0.000000E+00  0.265396E+07
  0.190265E-01  0.261421E+07  0.257262E+07  0.000000E+00  0.000000E+00  0.000000E+00  0.261290E+07
  0.196714E-01  0.257268E+07  0.252967E+07  0.000000E+00  0.000000E+00  0.000000E+00  0.257132E+07
  0.203382E-01  0.253066E+07  0.248626E+07  0.000000E+00  0.000000E+00  0.000000E+00  0.252926E+07
  0.210276E-01  0.248817E+07  0.244243E+07  0.000000E+00  0.000000E+00  0.000000E+00  0.248673E+07
  0.217403E-01  0.244524E+07  0.239821E+07  0.000000E+00  0.000000E+00  0.000000E+00  0.244376E+07
  0.224772E-01  0.240191E+07  0.235365E+07  0.000000E+00  0.000000E+00  0.000000E+00  0.240039E+07
  0.232390E-01  0.235821E+07  0.230881E+07  0.000000E+00  0.000000E+00  0.000000E+00  0.235665E+07
  0.240267E-01  0.231417E+07  0.226372E+07  0.000000E+00  0.000000E+00  0.000000E+00  0.231258E+07
  0.248411E-01  0.226984E+07  0.221846E+07  0.000000E+00  0.000000E+00  0.000000E+00  0.226823E+07
  0.256831E-01  0.222527E+07  0.217308E+07  0.000000E+00  0.000000E+00  0.000000E+00  0.222363E+07
  0.265537E-01  0.218050E+07  0.212765E+07  0.000000E+00  0.000000E+00  0.000000E+00  0.217883E+07
  0.274537E-01  0.213558E+07  0.208223E+07  0.000000E+00  0.000000E+00  0.000000E+00  0.213390E+07
  0.283842E-01  0.209056E+07  0.203690E+07  0.000000E+00  0.000000E+00  0.000000E+00  0.208887E+07
  0.293463E-01  0.204552E+07  0.199173E+07  0.000000E+00  0.000000E+00  0.000000E+00  0.204382E+07
  0.303410E-01  0.200050E+07  0.194679E+07  0.000000E+00  0.000000E+00  0.000000E+00  0.199880E+07
  0.313694E-01  0.195557E+07  0.190217E+07  0.000000E+00  0.000000E+00  0.000000E+00  0.195388E+07
  0.324327E-01  0.191079E+07  0.185793E+07  0.000000E+00  0.000000E+00  0.000000E+00  0.190913E+07
  0.335320E-01  0.186624E+07  0.181415E+07  0.000000E+00  0.000000E+00  0.000000E+00  0.186460E+07
  0.346686E-01  0.182198E+07  0.177091E+07  0.000000E+00  0.000000E+00  0.000000E+00  0.182037E+07
  0.358437E-01  0.177807E+07  0.172826E+07  0.000000E+00  0.000000E+00  0.000000E+00  0.177650E+07
  0.370586E-01  0.173458E+07  0.168626E+07  0.000000E+00  0.000000E+00  0.000000E+00  0.173305E+07
  0.383147E-01  0.169140E+07  0.164481E+07  0.000000E+00  0.000000E+00  0.000000E+00  0.168993E+07
  0.396134E-01  0.164849E+07  0.160381E+07  0.000000E+00  0.000000E+00  0.000000E+00  0.164708E+07
  0.409561E-01  0.160620E+07  0.156363E+07  0.000000E+00  0.000000E+00  0.000000E+00  0.160486E+07
  0.423443E-01  0.156460E+07  0.152429E+07  0.000000E+00  0.000000E+00  0.000000E+00  0.156333E+07
  0.437796E-01  0.152370E+07  0.148578E+07  0.000000E+00  0.000000E+00  0.000000E+00  0.152251E+07
  0.452635E-01  0.148350E+07  0.144802E+07  0.000000E+00  0.000000E+00  0.000000E+00  0.148238E+07
  0.467977E-01  0.144394E+07  0.141094E+07  0.000000E+00  0.000000E+00  0.000000E+00  0.144290E+07
  0.483839E-01  0.140496E+07  0.137439E+07  0.000000E+00  0.000000E+00  0.000000E+00  0.140400E+07
  0.500239E-01  0.136648E+07  0.133825E+07  0.000000E+00  0.000000E+00  0.000000E+00  0.136559E+07
  0.517194E-01  0.132844E+07  0.130239E+07  0.000000E+00  0.000000E+00  0.000000E+00  0.132762E+07
  0.534725E-01  0.129079E+07  0.126672E+07  0.000000E+00  0.000000E+00  0.000000E+00  0.129003E+07
  0.552850E-01  0.125354E+07  0.123120E+07  0.000000E+00  0.000000E+00  0.000000E+00  0.125284E+07
  0.571588E-01  0.121677E+07  0.119584E+07  0.000000E+00  0.000000E+00  0.000000E+00  0.121611E+07
  0.590963E-01  0.118066E+07  0.116083E+07  0.000000E+00  0.000000E+00  0.000000E+00  0.118004E+07
  0.610993E-01  0.114613E+07  0.112707E+07  0.000000E+00  0.000000E+00  0.000000E+00  0.114553E+07
  0.631703E-01  0.111111E+07  0.109246E+07  0.000000E+00  0.000000E+00  0.000000E+00  0.111052E+07
  0.653114E-01  0.107651E+07  0.105797E+07  0.000000E+00  0.000000E+00  0.000000E+00  0.107593E+07
  0.675252E-01  0.104231E+07  0.102361E+07  0.000000E+00  0.000000E+00  0.000000E+00  0.104173E+07
  0.698139E-01  0.100852E+07  0.989442E+06  0.000000E+00  0.000000E+00  0.000000E+00  0.100792E+07
  0.721803E-01  0.975156E+06  0.955588E+06  0.000000E+00  0.000000E+00  0.000000E+00  0.974540E+06
  0.746268E-01  0.942333E+06  0.922239E+06  0.000000E+00  0.000000E+00  0.000000E+00  0.941700E+06
  0.771564E-01  0.910190E+06  0.889639E+06  0.000000E+00  0.000000E+00  0.000000E+00  0.909542E+06
  0.797716E-01  0.878875E+06  0.858032E+06  0.000000E+00  0.000000E+00  0.000000E+00  0.878219E+06
  0.824755E-01  0.848498E+06  0.827608E+06  0.000000E+00  0.000000E+00  0.000000E+00  0.847840E+06
  0.852709E-01  0.819098E+06  0.798463E+06  0.000000E+00  0.000000E+00  0.000000E+00  0.818448E+06
  0.881612E-01  0.790640E+06  0.770586E+06  0.000000E+00  0.000000E+00  0.000000E+00  0.790008E+06
  0.911495E-01  0.763053E+06  0.743893E+06  0.000000E+00  0.000000E+00  0.000000E+00  0.762450E+06
  0.942390E-01  0.736277E+06  0.718270E+06  0.000000E+00  0.000000E+00  0.000000E+00  0.735710E+06
  0.974333E-01  0.710279E+06  0.693597E+06  0.000000E+00  0.000000E+00  0.000000E+00  0.709753E+06
  0.100736E+00  0.685042E+06  0.669745E+06  0.000000E+00  0.000000E+00  0.000000E+00  0.684560E+06
  0.104150E+00  0.660517E+06  0.646544E+06  0.000000E+00  0.000000E+00  0.000000E+00  0.660077E+06
  0.107680E+00  0.636607E+06  0.623785E+06  0.000000E+00  0.000000E+00  0.000000E+00  0.636203E+06
  0.111330E+00  0.613202E+06  0.601272E+06  0.000000E+00  0.000000E+00  0.000000E+00  0.612826E+06
  0.115104E+00  0.590241E+06  0.578905E+06  0.000000E+00  0.000000E+00  0.000000E+00  0.589884E+06
  0.119005E+00  0.567732E+06  0.556706E+06  0.000000E+00  0.000000E+00  0.000000E+00  0.567385E+06
  0.123039E+00  0.545718E+06  0.534782E+06  0.000000E+00  0.000000E+00  0.000000E+00  0.545373E+06
  0.127209E+00  0.524234E+06  0.513270E+06  0.000000E+00  0.000000E+00  0.000000E+00  0.523889E+06
  0.131521E+00  0.503330E+06  0.492340E+06  0.000000E+00  0.000000E+00  0.000000E+00  0.502984E+06
  0.135979E+00  0.483111E+06  0.472203E+06  0.000000E+00  0.000000E+00  0.000000E+00  0.482768E+06
  0.140588E+00  0.463711E+06  0.453061E+06  0.000000E+00  0.000000E+00  0.000000E+00  0.463375E+06
  0.145353E+00  0.445170E+06  0.434967E+06  0.000000E+00  0.000000E+00  0.000000E+00  0.444848E+06
  0.150280E+00  0.427390E+06  0.417776E+06  0.000000E+00  0.000000E+00  0.000000E+00  0.427088E+06
  0.155374E+00  0.410238E+06  0.401267E+06  0.000000E+00  0.000000E+00  0.000000E+00  0.409956E+06
  0.160640E+00  0.393640E+06  0.385270E+06  0.000000E+00  0.000000E+00  0.000000E+00  0.393376E+06
  0.166085E+00  0.377549E+06  0.369666E+06  0.000000E+00  0.000000E+00  0.000000E+00  0.377301E+06
  0.171715E+00  0.361894E+06  0.354357E+06  0.000000E+00  0.000000E+00  0.000000E+00  0.361657E+06
  0.177535E+00  0.346654E+06  0.339347E+06  0.000000E+00  0.000000E+00  0.000000E+00  0.346424E+06
  0.183553E+00  0.331893E+06  0.324764E+06  0.000000E+00  0.000000E+00  0.000000E+00  0.331669E+06
  0.189774E+00  0.317677E+06  0.310743E+06  0.000000E+00  0.000000E+00  0.000000E+00  0.317459E+06
  0.196206E+00  0.304031E+06  0.297350E+06  0.000000E+00  0.000000E+00  0.000000E+00  0.303821E+06
  0.202857E+00  0.290972E+06  0.284605E+06  0.000000E+00  0.000000E+00  0.000000E+00  0.290772E+06
  0.209733E+00  0.278445E+06  0.272417E+06  0.000000E+00  0.000000E+00  0.000000E+00  0.278255E+06
  0.216842E+00  0.266358E+06  0.260649E+06  0.000000E+00  0.000000E+00  0.000000E+00  0.266179E+06
  0.224192E+00  0.254703E+06  0.249265E+06  0.000000E+00  0.000000E+00  0.000000E+00  0.254532E+06
  0.231791E+00  0.243478E+06  0.238264E+06  0.000000E+00  0.000000E+00  0.000000E+00  0.243314E+06
  0.239647E+00  0.232642E+06  0.227629E+06  0.000000E+00  0.000000E+00  0.000000E+00  0.232484E+06
  0.247770E+00  0.222230E+06  0.217421E+06  0.000000E+00  0.000000E+00  0.000000E+00  0.222078E+06
  0.256168E+00  0.212263E+06  0.207671E+06  0.000000E+00  0.000000E+00  0.000000E+00  0.212118E+06
  0.264851E+00  0.202691E+06  0.198319E+06  0.000000E+00  0.000000E+00  0.000000E+00  0.202553E+06
  0.273828E+00  0.193509E+06  0.189347E+06  0.000000E+00  0.000000E+00  0.000000E+00  0.193378E+06
  0.283110E+00  0.184693E+06  0.180721E+06  0.000000E+00  0.000000E+00  0.000000E+00  0.184568E+06
  0.292706E+00  0.176218E+06  0.172424E+06  0.000000E+00  0.000000E+00  0.000000E+00  0.176099E+06
  0.302627E+00  0.168097E+06  0.164474E+06  0.000000E+00  0.000000E+00  0.000000E+00  0.167983E+06
  0.312884E+00  0.160310E+06  0.156855E+06  0.000000E+00  0.000000E+00  0.000000E+00  0.160201E+06
  0.323490E+00  0.152854E+06  0.149562E+06  0.000000E+00  0.000000E+00  0.000000E+00  0.152750E+06
  0.334454E+00  0.145706E+06  0.142569E+06  0.000000E+00  0.000000E+00  0.000000E+00  0.145607E+06
  0.345791E+00  0.138861E+06  0.135872E+06  0.000000E+00  0.000000E+00  0.000000E+00  0.138767E+06
  0.357512E+00  0.132305E+06  0.129456E+06  0.000000E+00  0.000000E+00  0.000000E+00  0.132216E+06
  0.369629E+00  0.126033E+06  0.123320E+06  0.000000E+00  0.000000E+00  0.000000E+00  0.125948E+06
  0.382158E+00  0.120030E+06  0.117446E+06  0.000000E+00  0.000000E+00  0.000000E+00  0.119948E+06
  0.395111E+00  0.114290E+06  0.111830E+06  0.000000E+00  0.000000E+00  0.000000E+00  0.114213E+06
  0.408504E+00  0.108799E+06  0.106457E+06  0.000000E+00  0.000000E+00  0.000000E+00  0.108725E+06
  0.422350E+00  0.103553E+06  0.101324E+06  0.000000E+00  0.000000E+00  0.000000E+00  0.103483E+06
  0.436666E+00  0.985385E+05  0.964175E+05  0.000000E+00  0.000000E+00  0.000000E+00  0.984717E+05
  0.451466E+00  0.937500E+05  0.917321E+05  0.000000E+00  0.000000E+00  0.000000E+00  0.936864E+05
  0.466769E+00  0.891768E+05  0.872575E+05  0.000000E+00  0.000000E+00  0.000000E+00  0.891164E+05
  0.482590E+00  0.848097E+05  0.829845E+05  0.000000E+00  0.000000E+00  0.000000E+00  0.847522E+05
  0.498948E+00  0.806425E+05  0.789070E+05  0.000000E+00  0.000000E+00  0.000000E+00  0.805878E+05
  0.515859E+00  0.766656E+05  0.750157E+05  0.000000E+00  0.000000E+00  0.000000E+00  0.766136E+05
  0.533344E+00  0.728701E+05  0.713020E+05  0.000000E+00  0.000000E+00  0.000000E+00  0.728207E+05
  0.551422E+00  0.692500E+05  0.677599E+05  0.000000E+00  0.000000E+00  0.000000E+00  0.692031E+05
  0.570113E+00  0.657980E+05  0.643822E+05  0.000000E+00  0.000000E+00  0.000000E+00  0.657534E+05
  0.589437E+00  0.625066E+05  0.611617E+05  0.000000E+00  0.000000E+00  0.000000E+00  0.624642E+05
  0.609416E+00  0.593692E+05  0.580918E+05  0.000000E+00  0.000000E+00  0.000000E+00  0.593289E+05
  0.630072E+00  0.563795E+05  0.551665E+05  0.000000E+00  0.000000E+00  0.000000E+00  0.563413E+05
  0.651428E+00  0.535318E+05  0.523801E+05  0.000000E+00  0.000000E+00  0.000000E+00  0.534956E+05
  0.673509E+00  0.508201E+05  0.497268E+05  0.000000E+00  0.000000E+00  0.000000E+00  0.507857E+05
  0.696337E+00  0.482385E+05  0.472008E+05  0.000000E+00  0.000000E+00  0.000000E+00  0.482059E+05
  0.719940E+00  0.457811E+05  0.447962E+05  0.000000E+00  0.000000E+00  0.000000E+00  0.457500E+05
  0.744342E+00  0.434421E+05  0.425076E+05  0.000000E+00  0.000000E+00  0.000000E+00  0.434127E+05
  0.769572E+00  0.412160E+05  0.403294E+05  0.000000E+00  0.000000E+00  0.000000E+00  0.411881E+05
  0.795656E+00  0.390978E+05  0.382568E+05  0.000000E+00  0.000000E+00  0.000000E+00  0.390714E+05
  0.822625E+00  0.370826E+05  0.362849E+05  0.000000E+00  0.000000E+00  0.000000E+00  0.370575E+05
  0.850508E+00  0.351660E+05  0.344095E+05  0.000000E+00  0.000000E+00  0.000000E+00  0.351421E+05
  0.879336E+00  0.333435E+05  0.326263E+05  0.000000E+00  0.000000E+00  0.000000E+00  0.333209E+05
  0.909141E+00  0.316113E+05  0.309313E+05  0.000000E+00  0.000000E+00  0.000000E+00  0.315899E+05
  0.939957E+00  0.299652E+05  0.293207E+05  0.000000E+00  0.000000E+00  0.000000E+00  0.299449E+05
  0.971817E+00  0.284010E+05  0.277901E+05  0.000000E+00  0.000000E+00  0.000000E+00  0.283818E+05
  0.100476E+01  0.269146E+05  0.263357E+05  0.000000E+00  0.000000E+00  0.000000E+00  0.268964E+05
  0.103881E+01  0.255025E+05  0.249540E+05  0.000000E+00  0.000000E+00  0.000000E+00  0.254853E+05
  0.107402E+01  0.241612E+05  0.236416E+05  0.000000E+00  0.000000E+00  0.000000E+00  0.241448E+05
  0.111043E+01  0.228877E+05  0.223954E+05  0.000000E+00  0.000000E+00  0.000000E+00  0.228722E+05
  0.114807E+01  0.216786E+05  0.212124E+05  0.000000E+00  0.000000E+00  0.000000E+00  0.216639E+05
  0.118698E+01  0.205311E+05  0.200895E+05  0.000000E+00  0.000000E+00  0.000000E+00  0.205172E+05
  0.122721E+01  0.194419E+05  0.190238E+05  0.000000E+00  0.000000E+00  0.000000E+00  0.194287E+05
  0.126881E+01  0.184081E+05  0.180122E+05  0.000000E+00  0.000000E+00  0.000000E+00  0.183957E+05
  0.131182E+01  0.174273E+05  0.170525E+05  0.000000E+00  0.000000E+00  0.000000E+00  0.174155E+05
  0.135628E+01  0.164968E+05  0.161420E+05  0.000000E+00  0.000000E+00  0.000000E+00  0.164856E+05
  0.140225E+01  0.156143E+05  0.152785E+05  0.000000E+00  0.000000E+00  0.000000E+00  0.156038E+05
  0.144978E+01  0.147773E+05  0.144595E+05  0.000000E+00  0.000000E+00  0.000000E+00  0.147673E+05
  0.149892E+01  0.139836E+05  0.136828E+05  0.000000E+00  0.000000E+00  0.000000E+00  0.139741E+05
  0.154973E+01  0.132310E+05  0.129464E+05  0.000000E+00  0.000000E+00  0.000000E+00  0.132220E+05
  0.160226E+01  0.125175E+05  0.122483E+05  0.000000E+00  0.000000E+00  0.000000E+00  0.125091E+05
  0.165656E+01  0.118414E+05  0.115867E+05  0.000000E+00  0.000000E+00  0.000000E+00  0.118334E+05
  0.171271E+01  0.112005E+05  0.109596E+05  0.000000E+00  0.000000E+00  0.000000E+00  0.111929E+05
  0.177077E+01  0.105932E+05  0.103654E+05  0.000000E+00  0.000000E+00  0.000000E+00  0.105861E+05
  0.183079E+01  0.100179E+05  0.980248E+04  0.000000E+00  0.000000E+00  0.000000E+00  0.100111E+05
  0.189284E+01  0.947292E+04  0.926920E+04  0.000000E+00  0.000000E+00  0.000000E+00  0.946651E+04
  0.195700E+01  0.895669E+04  0.876407E+04  0.000000E+00  0.000000E+00  0.000000E+00  0.895062E+04
  0.202333E+01  0.846781E+04  0.828570E+04  0.000000E+00  0.000000E+00  0.000000E+00  0.846207E+04
  0.209191E+01  0.800485E+04  0.783270E+04  0.000000E+00  0.000000E+00  0.000000E+00  0.799943E+04
  0.216282E+01  0.756650E+04  0.740377E+04  0.000000E+00  0.000000E+00  0.000000E+00  0.756138E+04
  0.223613E+01  0.715148E+04  0.699767E+04  0.000000E+00  0.000000E+00  0.000000E+00  0.714663E+04
  0.231192E+01  0.675860E+04  0.661324E+04  0.000000E+00  0.000000E+00  0.000000E+00  0.675402E+04
  0.239028E+01  0.638672E+04  0.624936E+04  0.000000E+00  0.000000E+00  0.000000E+00  0.638240E+04
  0.247130E+01  0.603477E+04  0.590497E+04  0.000000E+00  0.000000E+00  0.000000E+00  0.603068E+04
  0.255507E+01  0.570170E+04  0.557907E+04  0.000000E+00  0.000000E+00  0.000000E+00  0.569784E+04
  0.264167E+01  0.538656E+04  0.527070E+04  0.000000E+00  0.000000E+00  0.000000E+00  0.538291E+04
  0.273121E+01  0.508843E+04  0.497898E+04  0.000000E+00  0.000000E+00  0.000000E+00  0.508498E+04
  0.282379E+01  0.480639E+04  0.470300E+04  0.000000E+00  0.000000E+00  0.000000E+00  0.480314E+04
  0.291950E+01  0.453964E+04  0.444198E+04  0.000000E+00  0.000000E+00  0.000000E+00  0.453656E+04
  0.301846E+01  0.428734E+04  0.419511E+04  0.000000E+00  0.000000E+00  0.000000E+00  0.428443E+04
  0.312077E+01  0.404875E+04  0.396165E+04  0.000000E+00  0.000000E+00  0.000000E+00  0.404601E+04
  0.322655E+01  0.382313E+04  0.374088E+04  0.000000E+00  0.000000E+00  0.000000E+00  0.382054E+04
  0.333591E+01  0.360980E+04  0.353214E+04  0.000000E+00  0.000000E+00  0.000000E+00  0.360736E+04
  0.344898E+01  0.340811E+04  0.333478E+04  0.000000E+00  0.000000E+00  0.000000E+00  0.340580E+04
  0.356588E+01  0.321744E+04  0.314821E+04  0.000000E+00  0.000000E+00  0.000000E+00  0.321526E+04
  0.368675E+01  0.303721E+04  0.297185E+04  0.000000E+00  0.000000E+00  0.000000E+00  0.303515E+04
  0.381172E+01  0.286687E+04  0.280517E+04  0.000000E+00  0.000000E+00  0.000000E+00  0.286493E+04
  0.394091E+01  0.270590E+04  0.264766E+04  0.000000E+00  0.000000E+00  0.000000E+00  0.270406E+04
  0.407449E+01  0.255379E+04  0.249882E+04  0.000000E+00  0.000000E+00  0.000000E+00  0.255205E+04
  0.421259E+01  0.241007E+04  0.235819E+04  0.000000E+00  0.000000E+00  0.000000E+00  0.240843E+04
  0.435538E+01  0.227427E+04  0.222531E+04  0.000000E+00  0.000000E+00  0.000000E+00  0.227273E+04
  0.450301E+01  0.214598E+04  0.209978E+04  0.000000E+00  0.000000E+00  0.000000E+00  0.214453E+04
  0.465564E+01  0.202479E+04  0.198119E+04  0.000000E+00  0.000000E+00  0.000000E+00  0.202341E+04
  0.481344E+01  0.191031E+04  0.186917E+04  0.000000E+00  0.000000E+00  0.000000E+00  0.190901E+04
  0.497659E+01  0.180218E+04  0.176336E+04  0.000000E+00  0.000000E+00  0.000000E+00  0.180096E+04
  0.514527E+01  0.170007E+04  0.166345E+04  0.000000E+00  0.000000E+00  0.000000E+00  0.169891E+04
  0.531968E+01  0.160364E+04  0.156909E+04  0.000000E+00  0.000000E+00  0.000000E+00  0.160255E+04
  0.549998E+01  0.151260E+04  0.148000E+04  0.000000E+00  0.000000E+00  0.000000E+00  0.151157E+04
  0.568641E+01  0.142663E+04  0.139589E+04  0.000000E+00  0.000000E+00  0.000000E+00  0.142566E+04
  0.587915E+01  0.134547E+04  0.131647E+04  0.000000E+00  0.000000E+00  0.000000E+00  0.134455E+04
  0.607843E+01  0.126884E+04  0.124149E+04  0.000000E+00  0.000000E+00  0.000000E+00  0.126798E+04
  0.628446E+01  0.119650E+04  0.117070E+04  0.000000E+00  0.000000E+00  0.000000E+00  0.119569E+04
  0.649747E+01  0.112823E+04  0.110389E+04  0.000000E+00  0.000000E+00  0.000000E+00  0.112746E+04
  0.671770E+01  0.106379E+04  0.104084E+04  0.000000E+00  0.000000E+00  0.000000E+00  0.106306E+04
  0.694539E+01  0.100297E+04  0.981332E+03  0.000000E+00  0.000000E+00  0.000000E+00  0.100229E+04
  0.718081E+01  0.945584E+03  0.925174E+03  0.000000E+00  0.000000E+00  0.000000E+00  0.944942E+03
  0.742420E+01  0.891428E+03  0.872182E+03  0.000000E+00  0.000000E+00  0.000000E+00  0.890822E+03
  0.767585E+01  0.840324E+03  0.822175E+03  0.000000E+00  0.000000E+00  0.000000E+00  0.839752E+03
  0.793602E+01  0.792106E+03  0.774993E+03  0.000000E+00  0.000000E+00  0.000000E+00  0.791567E+03
  0.820502E+01  0.746615E+03  0.730478E+03  0.000000E+00  0.000000E+00  0.000000E+00  0.746106E+03
  0.848312E+01  0.703702E+03  0.688487E+03  0.000000E+00  0.000000E+00  0.000000E+00  0.703223E+03
  0.877066E+01  0.663222E+03  0.648877E+03  0.000000E+00  0.000000E+00  0.000000E+00  0.662770E+03
  0.906794E+01  0.625039E+03  0.611513E+03  0.000000E+00  0.000000E+00  0.000000E+00  0.624613E+03
  0.937530E+01  0.589021E+03  0.576269E+03  0.000000E+00  0.000000E+00  0.000000E+00  0.588619E+03
  0.969308E+01  0.555050E+03  0.543028E+03  0.000000E+00  0.000000E+00  0.000000E+00  0.554672E+03
  0.100216E+02  0.523013E+03  0.511678E+03  0.000000E+00  0.000000E+00  0.000000E+00  0.522656E+03
  0.103613E+02  0.492802E+03  0.482116E+03  0.000000E+00  0.000000E+00  0.000000E+00  0.492465E+03
  0.107125E+02  0.464315E+03  0.454241E+03  0.000000E+00  0.000000E+00  0.000000E+00  0.463998E+03
  0.110756E+02  0.437453E+03  0.427955E+03  0.000000E+00  0.000000E+00  0.000000E+00  0.437154E+03
  0.114510E+02  0.412125E+03  0.403171E+03  0.000000E+00  0.000000E+00  0.000000E+00  0.411843E+03
  0.118392E+02  0.388244E+03  0.379802E+03  0.000000E+00  0.000000E+00  0.000000E+00  0.387978E+03
  0.122404E+02  0.365731E+03  0.357773E+03  0.000000E+00  0.000000E+00  0.000000E+00  0.365481E+03
  0.126553E+02  0.344509E+03  0.337006E+03  0.000000E+00  0.000000E+00  0.000000E+00  0.344273E+03
  0.130843E+02  0.324504E+03  0.317430E+03  0.000000E+00  0.000000E+00  0.000000E+00  0.324281E+03
  0.135278E+02  0.305645E+03  0.298976E+03  0.000000E+00  0.000000E+00  0.000000E+00  0.305435E+03
  0.139863E+02  0.287870E+03  0.281582E+03  0.000000E+00  0.000000E+00  0.000000E+00  0.287672E+03
  0.144604E+02  0.271117E+03  0.265189E+03  0.000000E+00  0.000000E+00  0.000000E+00  0.270931E+03
  0.149505E+02  0.255330E+03  0.249739E+03  0.000000E+00  0.000000E+00  0.000000E+00  0.255153E+03
  0.154573E+02  0.240450E+03  0.235179E+03  0.000000E+00  0.000000E+00  0.000000E+00  0.240284E+03
  0.159812E+02  0.226428E+03  0.221457E+03  0.000000E+00  0.000000E+00  0.000000E+00  0.226271E+03
  0.165229E+02  0.213214E+03  0.208527E+03  0.000000E+00  0.000000E+00  0.000000E+00  0.213067E+03
  0.170829E+02  0.200764E+03  0.196344E+03  0.000000E+00  0.000000E+00  0.000000E+00  0.200625E+03
  0.176619E+02  0.189034E+03  0.184865E+03  0.000000E+00  0.000000E+00  0.000000E+00  0.188903E+03
  0.182606E+02  0.177981E+03  0.174049E+03  0.000000E+00  0.000000E+00  0.000000E+00  0.177857E+03
  0.188795E+02  0.167568E+03  0.163859E+03  0.000000E+00  0.000000E+00  0.000000E+00  0.167451E+03
  0.195195E+02  0.157758E+03  0.154259E+03  0.000000E+00  0.000000E+00  0.000000E+00  0.157648E+03
  0.201811E+02  0.148517E+03  0.145216E+03  0.000000E+00  0.000000E+00  0.000000E+00  0.148413E+03
  0.208651E+02  0.139812E+03  0.136697E+03  0.000000E+00  0.000000E+00  0.000000E+00  0.139714E+03
  0.215723E+02  0.131611E+03  0.128672E+03  0.000000E+00  0.000000E+00  0.000000E+00  0.131519E+03
  0.223035E+02  0.123888E+03  0.121114E+03  0.000000E+00  0.000000E+00  0.000000E+00  0.123800E+03
  0.230595E+02  0.116613E+03  0.113995E+03  0.000000E+00  0.000000E+00  0.000000E+00  0.116531E+03
  0.238411E+02  0.109761E+03  0.107290E+03  0.000000E+00  0.000000E+00  0.000000E+00  0.109683E+03
  0.246492E+02  0.103308E+03  0.100975E+03  0.000000E+00  0.000000E+00  0.000000E+00  0.103235E+03
  0.254847E+02  0.972312E+02  0.950276E+02  0.000000E+00  0.000000E+00  0.000000E+00  0.971618E+02
  0.263485E+02  0.915085E+02  0.894271E+02  0.000000E+00  0.000000E+00  0.000000E+00  0.914430E+02
  0.272416E+02  0.861195E+02  0.841532E+02  0.000000E+00  0.000000E+00  0.000000E+00  0.860575E+02
  0.281650E+02  0.810449E+02  0.791870E+02  0.000000E+00  0.000000E+00  0.000000E+00  0.809864E+02
  0.291196E+02  0.762671E+02  0.745112E+02  0.000000E+00  0.000000E+00  0.000000E+00  0.762118E+02
  0.301066E+02  0.717681E+02  0.701082E+02  0.000000E+00  0.000000E+00  0.000000E+00  0.717158E+02
  0.311271E+02  0.675323E+02  0.659628E+02  0.000000E+00  0.000000E+00  0.000000E+00  0.674829E+02
  0.321822E+02  0.635445E+02  0.620600E+02  0.000000E+00  0.000000E+00  0.000000E+00  0.634978E+02
  0.332730E+02  0.597902E+02  0.583857E+02  0.000000E+00  0.000000E+00  0.000000E+00  0.597460E+02
  0.344008E+02  0.562557E+02  0.549264E+02  0.000000E+00  0.000000E+00  0.000000E+00  0.562138E+02
  0.355668E+02  0.529286E+02  0.516701E+02  0.000000E+00  0.000000E+00  0.000000E+00  0.528890E+02
  0.367723E+02  0.497965E+02  0.486047E+02  0.000000E+00  0.000000E+00  0.000000E+00  0.497590E+02
  0.380187E+02  0.468483E+02  0.457192E+02  0.000000E+00  0.000000E+00  0.000000E+00  0.468128E+02
  0.393074E+02  0.440733E+02  0.430031E+02  0.000000E+00  0.000000E+00  0.000000E+00  0.440396E+02
  0.406397E+02  0.414614E+02  0.404467E+02  0.000000E+00  0.000000E+00  0.000000E+00  0.414294E+02
  0.420172E+02  0.390029E+02  0.380404E+02  0.000000E+00  0.000000E+00  0.000000E+00  0.389726E+02
  0.434414E+02  0.366892E+02  0.357757E+02  0.000000E+00  0.000000E+00  0.000000E+00  0.366604E+02
  0.449138E+02  0.345116E+02  0.336443E+02  0.000000E+00  0.000000E+00  0.000000E+00  0.344843E+02
  0.464362E+02  0.324623E+02  0.316383E+02  0.000000E+00  0.000000E+00  0.000000E+00  0.324364E+02
  0.480101E+02  0.305338E+02  0.297507E+02  0.000000E+00  0.000000E+00  0.000000E+00  0.305092E+02
  0.496375E+02  0.287190E+02  0.279741E+02  0.000000E+00  0.000000E+00  0.000000E+00  0.286955E+02
  0.513199E+02  0.270113E+02  0.263025E+02  0.000000E+00  0.000000E+00  0.000000E+00  0.269889E+02
  0.530594E+02  0.254043E+02  0.247294E+02  0.000000E+00  0.000000E+00  0.000000E+00  0.253830E+02
  0.548579E+02  0.238922E+02  0.232492E+02  0.000000E+00  0.000000E+00  0.000000E+00  0.238720E+02
  0.567173E+02  0.224695E+02  0.218564E+02  0.000000E+00  0.000000E+00  0.000000E+00  0.224502E+02
  0.586397E+02  0.211309E+02  0.205459E+02  0.000000E+00  0.000000E+00  0.000000E+00  0.211125E+02
  0.606273E+02  0.198715E+02  0.193130E+02  0.000000E+00  0.000000E+00  0.000000E+00  0.198539E+02
  0.626823E+02  0.186866E+02  0.181529E+02  0.000000E+00  0.000000E+00  0.000000E+00  0.186697E+02
  0.648069E+02  0.175718E+02  0.170615E+02  0.000000E+00  0.000000E+00  0.000000E+00  0.175557E+02
  0.670036E+02  0.165231E+02  0.160347E+02  0.000000E+00  0.000000E+00  0.000000E+00  0.165077E+02
  0.692747E+02  0.155365E+02  0.150687E+02  0.000000E+00  0.000000E+00  0.000000E+00  0.155218E+02
  0.716227E+02  0.146084E+02  0.141600E+02  0.000000E+00  0.000000E+00  0.000000E+00  0.145943E+02
  0.740504E+02  0.137354E+02  0.133052E+02  0.000000E+00  0.000000E+00  0.000000E+00  0.137218E+02
  0.765604E+02  0.129142E+02  0.125010E+02  0.000000E+00  0.000000E+00  0.000000E+00  0.129012E+02
  0.791553E+02  0.121417E+02  0.117446E+02  0.000000E+00  0.000000E+00  0.000000E+00  0.121292E+02
  0.818384E+02  0.114152E+02  0.110331E+02  0.000000E+00  0.000000E+00  0.000000E+00  0.114031E+02
  0.846122E+02  0.107318E+02  0.103639E+02  0.000000E+00  0.000000E+00  0.000000E+00  0.107202E+02
  0.874802E+02  0.100890E+02  0.973437E+01  0.000000E+00  0.000000E+00  0.000000E+00  0.100779E+02
  0.904453E+02  0.948450E+01  0.914232E+01  0.000000E+00  0.000000E+00  0.000000E+00  0.947373E+01
  0.935109E+02  0.891597E+01  0.858549E+01  0.000000E+00  0.000000E+00  0.000000E+00  0.890556E+01
  0.966806E+02  0.838124E+01  0.806177E+01  0.000000E+00  0.000000E+00  0.000000E+00  0.837118E+01
  0.999576E+02  0.787840E+01  0.756925E+01  0.000000E+00  0.000000E+00  0.000000E+00  0.786866E+01
  0.103346E+03  0.740552E+01  0.710606E+01  0.000000E+00  0.000000E+00  0.000000E+00  0.739608E+01
  0.106849E+03  0.696079E+01  0.667045E+01  0.000000E+00  0.000000E+00  0.000000E+00  0.695165E+01
  0.110470E+03  0.654262E+01  0.626083E+01  0.000000E+00  0.000000E+00  0.000000E+00  0.653375E+01
  0.114215E+03  0.614940E+01  0.587564E+01  0.000000E+00  0.000000E+00  0.000000E+00  0.614077E+01
  0.118086E+03  0.577964E+01  0.551344E+01  0.000000E+00  0.000000E+00  0.000000E+00  0.577126E+01
  0.122089E+03  0.543194E+01  0.517285E+01  0.000000E+00  0.000000E+00  0.000000E+00  0.542378E+01
  0.126227E+03  0.510503E+01  0.485262E+01  0.000000E+00  0.000000E+00  0.000000E+00  0.509708E+01
  0.130505E+03  0.479766E+01  0.455153E+01  0.000000E+00  0.000000E+00  0.000000E+00  0.478991E+01
  0.134928E+03  0.450866E+01  0.426844E+01  0.000000E+00  0.000000E+00  0.000000E+00  0.450109E+01
  0.139502E+03  0.423693E+01  0.400228E+01  0.000000E+00  0.000000E+00  0.000000E+00  0.422954E+01
  0.144230E+03  0.398147E+01  0.375207E+01  0.000000E+00  0.000000E+00  0.000000E+00  0.397425E+01
  0.149119E+03  0.374130E+01  0.351686E+01  0.000000E+00  0.000000E+00  0.000000E+00  0.373423E+01
  0.154173E+03  0.351551E+01  0.329575E+01  0.000000E+00  0.000000E+00  0.000000E+00  0.350859E+01
  0.159399E+03  0.330324E+01  0.308789E+01  0.000000E+00  0.000000E+00  0.000000E+00  0.329646E+01
  0.164802E+03  0.310369E+01  0.289254E+01  0.000000E+00  0.000000E+00  0.000000E+00  0.309704E+01
  0.170388E+03  0.291611E+01  0.270892E+01  0.000000E+00  0.000000E+00  0.000000E+00  0.290958E+01
  0.176164E+03  0.273977E+01  0.253635E+01  0.000000E+00  0.000000E+00  0.000000E+00  0.273336E+01
  0.182135E+03  0.257401E+01  0.237419E+01  0.000000E+00  0.000000E+00  0.000000E+00  0.256772E+01
  0.188308E+03  0.241821E+01  0.222180E+01  0.000000E+00  0.000000E+00  0.000000E+00  0.241202E+01
  0.194691E+03  0.227175E+01  0.207862E+01  0.000000E+00  0.000000E+00  0.000000E+00  0.226567E+01
  0.201290E+03  0.213409E+01  0.194410E+01  0.000000E+00  0.000000E+00  0.000000E+00  0.212811E+01
