  0.108800E-04  0.152296E+08  0.152296E+08  0.202978E+08  0.202977E+08  0.000000E+00  0.152296E+08
  0.112487E-04  0.152296E+08  0.152296E+08  0.202972E+08  0.202972E+08  0.000000E+00  0.152296E+08
  0.116300E-04  0.152296E+08  0.152296E+08  0.202966E+08  0.202965E+08  0.000000E+00  0.152296E+08
  0.120242E-04  0.152296E+08  0.152296E+08  0.202959E+08  0.202959E+08  0.000000E+00  0.152296E+08
  0.124318E-04  0.152296E+08  0.152296E+08  0.202952E+08  0.202952E+08  0.000000E+00  0.152296E+08
  0.128531E-04  0.152296E+08  0.152296E+08  0.202944E+08  0.202944E+08  0.000000E+00  0.152296E+08
  0.132888E-04  0.152296E+08  0.152296E+08  0.202936E+08  0.202936E+08  0.000000E+00  0.152296E+08
  0.137392E-04  0.152296E+08  0.152296E+08  0.202927E+08  0.202927E+08  0.000000E+00  0.152296E+08
  0.142049E-04  0.152296E+08  0.152296E+08  0.202918E+08  0.202918E+08  0.000000E+00  0.152296E+08
  0.146864E-04  0.152296E+08  0.152296E+08  0.202908E+08  0.202908E+08  0.000000E+00  0.152296E+08
  0.151842E-04  0.152296E+08  0.152296E+08  0.202898E+08  0.202897E+08  0.000000E+00  0.152296E+08
  0.156989E-04  0.152296E+08  0.152296E+08  0.202886E+08  0.202886E+08  0.000000E+00  0.152296E+08
  0.162310E-04  0.152296E+08  0.152296E+08  0.202874E+08  0.202874E+08  0.000000E+00  0.152296E+08
  0.167811E-04  0.152296E+08  0.152296E+08  0.202861E+08  0.202861E+08  0.000000E+00  0.152296E+08
  0.173499E-04  0.152296E+08  0.152296E+08  0.202847E+08  0.202847E+08  0.000000E+00  0.152296E+08
  0.179380E-04  0.152296E+08  0.152296E+08  0.202832E+08  0.202832E+08  0.000000E+00  0.152296E+08
  0.185460E-04  0.152296E+08  0.152296E+08  0.202817E+08  0.202816E+08  0.000000E+00  0.152296E+08
  0.191746E-04  0.152296E+08  0.152296E+08  0.202800E+08  0.202799E+08  0.000000E+00  0.152296E+08
  0.198246E-04  0.152296E+08  0.152296E+08  0.202782E+08  0.202781E+08  0.000000E+00  0.152296E+08
  0.204965E-04  0.152296E+08  0.152296E+08  0.202762E+08  0.202762E+08  0.000000E+00  0.152296E+08
  0.211913E-04  0.152296E+08  0.152296E+08  0.202742E+08  0.202741E+08  0.000000E+00  0.152296E+08
  0.219095E-04  0.152296E+08  0.152296E+08  0.202720E+08  0.202719E+08  0.000000E+00  0.152296E+08
  0.226522E-04  0.152296E+08  0.152296E+08  0.202696E+08  0.202695E+08  0.000000E+00  0.152296E+08
  0.234200E-04  0.152296E+08  0.152296E+08  0.202671E+08  0.202670E+08  0.000000E+00  0.152296E+08
  0.242138E-04  0.152296E+08  0.152296E+08  0.202644E+08  0.202643E+08  0.000000E+00  0.152296E+08
  0.250345E-04  0.152296E+08  0.152296E+08  0.202615E+08  0.202614E+08  0.000000E+00  0.152296E+08
  0.258831E-04  0.152295E+08  0.152295E+08  0.202584E+08  0.202583E+08  0.000000E+00  0.152295E+08
  0.267604E-04  0.152295E+08  0.152295E+08  0.202551E+08  0.202550E+08  0.000000E+00  0.152295E+08
  0.276674E-04  0.152295E+08  0.152295E+08  0.202516E+08  0.202515E+08  0.000000E+00  0.152295E+08
  0.286052E-04  0.152295E+08  0.152295E+08  0.202478E+08  0.202477E+08  0.000000E+00  0.152295E+08
  0.295748E-04  0.152295E+08  0.152295E+08  0.202438E+08  0.202437E+08  0.000000E+00  0.152295E+08
  0.305772E-04  0.152295E+08  0.152295E+08  0.202395E+08  0.202394E+08  0.000000E+00  0.152295E+08
  0.316136E-04  0.152295E+08  0.152295E+08  0.202350E+08  0.202348E+08  0.000000E+00  0.152295E+08
  0.326852E-04  0.152295E+08  0.152295E+08  0.202300E+08  0.202299E+08  0.000000E+00  0.152295E+08
  0.337931E-04  0.152295E+08  0.152295E+08  0.202248E+08  0.202246E+08  0.000000E+00  0.152295E+08
  0.349385E-04  0.152294E+08  0.152294E+08  0.202192E+08  0.202190E+08  0.000000E+00  0.152294E+08
  0.361227E-04  0.152294E+08  0.152294E+08  0.202132E+08  0.202130E+08  0.000000E+00  0.152294E+08
  0.373471E-04  0.152294E+08  0.152294E+08  0.202068E+08  0.202066E+08  0.000000E+00  0.152294E+08
  0.386130E-04  0.152294E+08  0.152294E+08  0.202000E+08  0.201998E+08  0.000000E+00  0.152294E+08
  0.399218E-04  0.152294E+08  0.152294E+08  0.201927E+08  0.201925E+08  0.000000E+00  0.152294E+08
  0.412749E-04  0.152294E+08  0.152294E+08  0.201849E+08  0.201846E+08  0.000000E+00  0.152294E+08
  0.426740E-04  0.152293E+08  0.152293E+08  0.201765E+08  0.201763E+08  0.000000E+00  0.152293E+08
  0.441204E-04  0.152293E+08  0.152293E+08  0.201676E+08  0.201673E+08  0.000000E+00  0.152293E+08
  0.456159E-04  0.152293E+08  0.152293E+08  0.201581E+08  0.201578E+08  0.000000E+00  0.152293E+08
  0.471620E-04  0.152293E+08  0.152293E+08  0.201479E+08  0.201476E+08  0.000000E+00  0.152293E+08
  0.487606E-04  0.152292E+08  0.152292E+08  0.201371E+08  0.201367E+08  0.000000E+00  0.152292E+08
  0.504133E-04  0.152292E+08  0.152292E+08  0.201254E+08  0.201251E+08  0.000000E+00  0.152292E+08
  0.521221E-04  0.152292E+08  0.152292E+08  0.201130E+08  0.201127E+08  0.000000E+00  0.152292E+08
  0.538888E-04  0.152292E+08  0.152292E+08  0.200998E+08  0.200994E+08  0.000000E+00  0.152292E+08
  0.557153E-04  0.152291E+08  0.152291E+08  0.200856E+08  0.200852E+08  0.000000E+00  0.152291E+08
  0.576038E-04  0.152291E+08  0.152291E+08  0.200705E+08  0.200700E+08  0.000000E+00  0.152291E+08
  0.595563E-04  0.152290E+08  0.152290E+08  0.200543E+08  0.200538E+08  0.000000E+00  0.152290E+08
  0.615750E-04  0.152290E+08  0.152290E+08  0.200371E+08  0.200366E+08  0.000000E+00  0.152290E+08
  0.636621E-04  0.152289E+08  0.152289E+08  0.200187E+08  0.200181E+08  0.000000E+00  0.152289E+08
  0.658199E-04  0.152289E+08  0.152289E+08  0.199990E+08  0.199984E+08  0.000000E+00  0.152289E+08
  0.680509E-04  0.152288E+08  0.152288E+08  0.199780E+08  0.199773E+08  0.000000E+00  0.152288E+08
  0.703575E-04  0.152288E+08  0.152288E+08  0.199555E+08  0.199548E+08  0.000000E+00  0.152288E+08
  0.727422E-04  0.152287E+08  0.152287E+08  0.199315E+08  0.199308E+08  0.000000E+00  0.152287E+08
  0.752079E-04  0.152287E+08  0.152287E+08  0.199059E+08  0.199052E+08  0.000000E+00  0.152287E+08
  0.777570E-04  0.152286E+08  0.152286E+08  0.198786E+08  0.198778E+08  0.000000E+00  0.152286E+08
  0.803926E-04  0.152285E+08  0.152285E+08  0.198495E+08  0.198486E+08  0.000000E+00  0.152285E+08
  0.831175E-04  0.152284E+08  0.152284E+08  0.198183E+08  0.198174E+08  0.000000E+00  0.152284E+08
  0.859348E-04  0.152284E+08  0.152284E+08  0.197851E+08  0.197841E+08  0.000000E+00  0.152284E+08
  0.888476E-04  0.152283E+08  0.152283E+08  0.197496E+08  0.197486E+08  0.000000E+00  0.152283E+08
  0.918591E-04  0.152282E+08  0.152282E+08  0.197118E+08  0.197106E+08  0.000000E+00  0.152282E+08
  0.949726E-04  0.152281E+08  0.152281E+08  0.196714E+08  0.196702E+08  0.000000E+00  0.152281E+08
  0.981917E-04  0.152280E+08  0.152280E+08  0.196283E+08  0.196270E+08  0.000000E+00  0.152280E+08
  0.101520E-03  0.152279E+08  0.152279E+08  0.195824E+08  0.195810E+08  0.000000E+00  0.152279E+08
  0.104961E-03  0.152277E+08  0.152277E+08  0.195334E+08  0.195319E+08  0.000000E+00  0.152277E+08
  0.108519E-03  0.152276E+08  0.152276E+08  0.194811E+08  0.194796E+08  0.000000E+00  0.152276E+08
  0.112197E-03  0.152275E+08  0.152275E+08  0.194254E+08  0.194237E+08  0.000000E+00  0.152275E+08
  0.116000E-03  0.152273E+08  0.152273E+08  0.193660E+08  0.193642E+08  0.000000E+00  0.152273E+08
  0.119932E-03  0.152271E+08  0.152271E+08  0.193027E+08  0.193008E+08  0.000000E+00  0.152271E+08
  0.123997E-03  0.152270E+08  0.152270E+08  0.192353E+08  0.192333E+08  0.000000E+00  0.152270E+08
  0.128200E-03  0.152268E+08  0.152268E+08  0.191634E+08  0.191613E+08  0.000000E+00  0.152268E+08
  0.132545E-03  0.152266E+08  0.152266E+08  0.190869E+08  0.190846E+08  0.000000E+00  0.152266E+08
  0.137038E-03  0.152264E+08  0.152264E+08  0.190054E+08  0.190030E+08  0.000000E+00  0.152264E+08
  0.141683E-03  0.152261E+08  0.152261E+08  0.189187E+08  0.189161E+08  0.000000E+00  0.152261E+08
  0.146485E-03  0.152259E+08  0.152259E+08  0.188264E+08  0.188236E+08  0.000000E+00  0.152259E+08
  0.151450E-03  0.152256E+08  0.152256E+08  0.187281E+08  0.187252E+08  0.000000E+00  0.152256E+08
  0.156583E-03  0.152254E+08  0.152254E+08  0.186237E+08  0.186206E+08  0.000000E+00  0.152254E+08
  0.161891E-03  0.152251E+08  0.152251E+08  0.185126E+08  0.185093E+08  0.000000E+00  0.152251E+08
  0.167378E-03  0.152248E+08  0.152248E+08  0.183946E+08  0.183911E+08  0.000000E+00  0.152248E+08
  0.173051E-03  0.152244E+08  0.152244E+08  0.182692E+08  0.182655E+08  0.000000E+00  0.152244E+08
  0.178917E-03  0.152241E+08  0.152241E+08  0.181361E+08  0.181322E+08  0.000000E+00  0.152241E+08
  0.184981E-03  0.152237E+08  0.152237E+08  0.179948E+08  0.179906E+08  0.000000E+00  0.152237E+08
  0.191251E-03  0.152233E+08  0.152233E+08  0.178449E+08  0.178405E+08  0.000000E+00  0.152233E+08
  0.197734E-03  0.152228E+08  0.152228E+08  0.176859E+08  0.176813E+08  0.000000E+00  0.152228E+08
  0.204436E-03  0.152224E+08  0.152224E+08  0.175175E+08  0.175126E+08  0.000000E+00  0.152224E+08
  0.211366E-03  0.152219E+08  0.152219E+08  0.173391E+08  0.173339E+08  0.000000E+00  0.152219E+08
  0.218530E-03  0.152214E+08  0.152213E+08  0.171503E+08  0.171449E+08  0.000000E+00  0.152214E+08
  0.225937E-03  0.152208E+08  0.152208E+08  0.169506E+08  0.169449E+08  0.000000E+00  0.152208E+08
  0.233595E-03  0.152202E+08  0.152202E+08  0.167396E+08  0.167336E+08  0.000000E+00  0.152202E+08
  0.241513E-03  0.152195E+08  0.152195E+08  0.165167E+08  0.165105E+08  0.000000E+00  0.152195E+08
  0.249699E-03  0.152188E+08  0.152188E+08  0.162816E+08  0.162751E+08  0.000000E+00  0.152188E+08
  0.258162E-03  0.152181E+08  0.152181E+08  0.160338E+08  0.160270E+08  0.000000E+00  0.152181E+08
  0.266913E-03  0.152173E+08  0.152173E+08  0.157729E+08  0.157657E+08  0.000000E+00  0.152173E+08
  0.275960E-03  0.152165E+08  0.152165E+08  0.154984E+08  0.154909E+08  0.000000E+00  0.152165E+08
  0.285314E-03  0.152156E+08  0.152156E+08  0.152099E+08  0.152022E+08  0.000000E+00  0.152156E+08
  0.294984E-03  0.152147E+08  0.152146E+08  0.149073E+08  0.148992E+08  0.000000E+00  0.152147E+08
  0.304983E-03  0.152136E+08  0.152136E+08  0.145900E+08  0.145817E+08  0.000000E+00  0.152136E+08
  0.315320E-03  0.152126E+08  0.152125E+08  0.142581E+08  0.142494E+08  0.000000E+00  0.152126E+08
  0.326008E-03  0.152114E+08  0.152114E+08  0.139112E+08  0.139022E+08  0.000000E+00  0.152114E+08
  0.337058E-03  0.152102E+08  0.152102E+08  0.135493E+08  0.135401E+08  0.000000E+00  0.152102E+08
  0.348483E-03  0.152089E+08  0.152089E+08  0.131724E+08  0.131630E+08  0.000000E+00  0.152089E+08
  0.360295E-03  0.152075E+08  0.152075E+08  0.127807E+08  0.127711E+08  0.000000E+00  0.152075E+08
  0.372507E-03  0.152060E+08  0.152060E+08  0.123744E+08  0.123646E+08  0.000000E+00  0.152060E+08
  0.385133E-03  0.152044E+08  0.152044E+08  0.119538E+08  0.119439E+08  0.000000E+00  0.152044E+08
  0.398187E-03  0.152027E+08  0.152027E+08  0.115196E+08  0.115096E+08  0.000000E+00  0.152027E+08
  0.411684E-03  0.152010E+08  0.152009E+08  0.110724E+08  0.110624E+08  0.000000E+00  0.152010E+08
  0.425638E-03  0.151991E+08  0.151990E+08  0.106131E+08  0.106031E+08  0.000000E+00  0.151991E+08
  0.440065E-03  0.151970E+08  0.151970E+08  0.101429E+08  0.101329E+08  0.000000E+00  0.151970E+08
  0.454981E-03  0.151949E+08  0.151949E+08  0.966292E+07  0.965312E+07  0.000000E+00  0.151949E+08
  0.470403E-03  0.151926E+08  0.151926E+08  0.917481E+07  0.916523E+07  0.000000E+00  0.151926E+08
  0.486347E-03  0.151902E+08  0.151901E+08  0.868028E+07  0.867101E+07  0.000000E+00  0.151902E+08
  0.502832E-03  0.151876E+08  0.151876E+08  0.818134E+07  0.817245E+07  0.000000E+00  0.151876E+08
  0.519875E-03  0.151849E+08  0.151848E+08  0.768019E+07  0.767178E+07  0.000000E+00  0.151849E+08
  0.537497E-03  0.151820E+08  0.151819E+08  0.717931E+07  0.717147E+07  0.000000E+00  0.151819E+08
  0.555715E-03  0.151789E+08  0.151788E+08  0.668137E+07  0.667418E+07  0.000000E+00  0.151789E+08
  0.574551E-03  0.151756E+08  0.151756E+08  0.618925E+07  0.618280E+07  0.000000E+00  0.151756E+08
  0.594026E-03  0.151721E+08  0.151721E+08  0.570595E+07  0.570034E+07  0.000000E+00  0.151721E+08
  0.614160E-03  0.151685E+08  0.151684E+08  0.523468E+07  0.522997E+07  0.000000E+00  0.151685E+08
  0.634977E-03  0.151646E+08  0.151645E+08  0.477865E+07  0.477491E+07  0.000000E+00  0.151646E+08
  0.656500E-03  0.151605E+08  0.151604E+08  0.434112E+07  0.433839E+07  0.000000E+00  0.151605E+08
  0.678752E-03  0.151561E+08  0.151561E+08  0.392525E+07  0.392358E+07  0.000000E+00  0.151561E+08
  0.701758E-03  0.151515E+08  0.151514E+08  0.353409E+07  0.353347E+07  0.000000E+00  0.151515E+08
  0.725544E-03  0.151466E+08  0.151466E+08  0.317038E+07  0.317080E+07  0.000000E+00  0.151466E+08
  0.750137E-03  0.151415E+08  0.151414E+08  0.283655E+07  0.283796E+07  0.000000E+00  0.151415E+08
  0.775563E-03  0.151361E+08  0.151360E+08  0.253453E+07  0.253684E+07  0.000000E+00  0.151360E+08
  0.801851E-03  0.151303E+08  0.151303E+08  0.226566E+07  0.226876E+07  0.000000E+00  0.151303E+08
  0.829029E-03  0.151243E+08  0.151242E+08  0.203060E+07  0.203434E+07  0.000000E+00  0.151243E+08
  0.857129E-03  0.151179E+08  0.151178E+08  0.182922E+07  0.183342E+07  0.000000E+00  0.151179E+08
  0.886182E-03  0.151112E+08  0.151111E+08  0.166055E+07  0.166498E+07  0.000000E+00  0.151112E+08
  0.916219E-03  0.151041E+08  0.151040E+08  0.152269E+07  0.152714E+07  0.000000E+00  0.151041E+08
  0.947274E-03  0.150967E+08  0.150966E+08  0.141288E+07  0.141709E+07  0.000000E+00  0.150967E+08
  0.979383E-03  0.150888E+08  0.150887E+08  0.132751E+07  0.133124E+07  0.000000E+00  0.150888E+08
  0.101258E-02  0.150806E+08  0.150805E+08  0.126224E+07  0.126526E+07  0.000000E+00  0.150806E+08
  0.104690E-02  0.150719E+08  0.150718E+08  0.121219E+07  0.121430E+07  0.000000E+00  0.150719E+08
  0.108239E-02  0.150628E+08  0.150627E+08  0.117216E+07  0.117321E+07  0.000000E+00  0.150628E+08
  0.111907E-02  0.150533E+08  0.150531E+08  0.113697E+07  0.113685E+07  0.000000E+00  0.150533E+08
  0.115700E-02  0.150433E+08  0.150431E+08  0.110173E+07  0.110044E+07  0.000000E+00  0.150432E+08
  0.119622E-02  0.150327E+08  0.150326E+08  0.106228E+07  0.105988E+07  0.000000E+00  0.150327E+08
  0.123677E-02  0.150217E+08  0.150215E+08  0.101548E+07  0.101211E+07  0.000000E+00  0.150217E+08
  0.127869E-02  0.150101E+08  0.150099E+08  0.959541E+06  0.955415E+06  0.000000E+00  0.150101E+08
  0.132203E-02  0.149980E+08  0.149978E+08  0.894218E+06  0.889585E+06  0.000000E+00  0.149980E+08
  0.136684E-02  0.149853E+08  0.149851E+08  0.820846E+06  0.815972E+06  0.000000E+00  0.149852E+08
  0.141317E-02  0.149720E+08  0.149717E+08  0.742236E+06  0.737353E+06  0.000000E+00  0.149719E+08
  0.146107E-02  0.149580E+08  0.149578E+08  0.662338E+06  0.657602E+06  0.000000E+00  0.149580E+08
  0.151059E-02  0.149434E+08  0.149432E+08  0.585722E+06  0.581171E+06  0.000000E+00  0.149434E+08
  0.156179E-02  0.149282E+08  0.149279E+08  0.516911E+06  0.512430E+06  0.000000E+00  0.149281E+08
  0.161473E-02  0.149122E+08  0.149119E+08  0.459628E+06  0.454950E+06  0.000000E+00  0.149121E+08
  0.166946E-02  0.148955E+08  0.148952E+08  0.416107E+06  0.410830E+06  0.000000E+00  0.148954E+08
  0.172605E-02  0.148780E+08  0.148777E+08  0.386575E+06  0.380234E+06  0.000000E+00  0.148780E+08
  0.178455E-02  0.148598E+08  0.148594E+08  0.369077E+06  0.361235E+06  0.000000E+00  0.148597E+08
  0.184504E-02  0.148407E+08  0.148403E+08  0.000000E+00  0.000000E+00  0.000000E+00  0.148406E+08
  0.190758E-02  0.148208E+08  0.148204E+08  0.000000E+00  0.000000E+00  0.000000E+00  0.148207E+08
  0.197223E-02  0.148000E+08  0.147996E+08  0.000000E+00  0.000000E+00  0.000000E+00  0.147999E+08
  0.203908E-02  0.147783E+08  0.147779E+08  0.000000E+00  0.000000E+00  0.000000E+00  0.147783E+08
  0.210820E-02  0.147557E+08  0.147552E+08  0.000000E+00  0.000000E+00  0.000000E+00  0.147556E+08
  0.217966E-02  0.147321E+08  0.147316E+08  0.000000E+00  0.000000E+00  0.000000E+00  0.147320E+08
  0.225354E-02  0.147075E+08  0.147069E+08  0.000000E+00  0.000000E+00  0.000000E+00  0.147074E+08
  0.232992E-02  0.146819E+08  0.146813E+08  0.000000E+00  0.000000E+00  0.000000E+00  0.146818E+08
  0.240889E-02  0.146552E+08  0.146545E+08  0.000000E+00  0.000000E+00  0.000000E+00  0.146551E+08
  0.249054E-02  0.146273E+08  0.146266E+08  0.000000E+00  0.000000E+00  0.000000E+00  0.146272E+08
  0.257496E-02  0.145984E+08  0.145976E+08  0.000000E+00  0.000000E+00  0.000000E+00  0.145983E+08
  0.266224E-02  0.145682E+08  0.145675E+08  0.000000E+00  0.000000E+00  0.000000E+00  0.145681E+08
  0.275248E-02  0.145369E+08  0.145360E+08  0.000000E+00  0.000000E+00  0.000000E+00  0.145368E+08
  0.284577E-02  0.145043E+08  0.145034E+08  0.000000E+00  0.000000E+00  0.000000E+00  0.145041E+08
  0.294223E-02  0.144704E+08  0.144694E+08  0.000000E+00  0.000000E+00  0.000000E+00  0.144702E+08
  0.304196E-02  0.144352E+08  0.144341E+08  0.000000E+00  0.000000E+00  0.000000E+00  0.144350E+08
  0.314506E-02  0.143986E+08  0.143975E+08  0.000000E+00  0.000000E+00  0.000000E+00  0.143984E+08
  0.325166E-02  0.143606E+08  0.143594E+08  0.000000E+00  0.000000E+00  0.000000E+00  0.143604E+08
  0.336188E-02  0.143211E+08  0.143199E+08  0.000000E+00  0.000000E+00  0.000000E+00  0.143209E+08
  0.347583E-02  0.142802E+08  0.142788E+08  0.000000E+00  0.000000E+00  0.000000E+00  0.142800E+08
  0.359365E-02  0.142377E+08  0.142363E+08  0.000000E+00  0.000000E+00  0.000000E+00  0.142375E+08
  0.371545E-02  0.141937E+08  0.141922E+08  0.000000E+00  0.000000E+00  0.000000E+00  0.141934E+08
  0.384139E-02  0.141480E+08  0.141464E+08  0.000000E+00  0.000000E+00  0.000000E+00  0.141478E+08
  0.397159E-02  0.141007E+08  0.140990E+08  0.000000E+00  0.000000E+00  0.000000E+00  0.141005E+08
  0.410621E-02  0.140518E+08  0.140499E+08  0.000000E+00  0.000000E+00  0.000000E+00  0.140515E+08
  0.424539E-02  0.140011E+08  0.139991E+08  0.000000E+00  0.000000E+00  0.000000E+00  0.140008E+08
  0.438929E-02  0.139486E+08  0.139465E+08  0.000000E+00  0.000000E+00  0.000000E+00  0.139482E+08
  0.453806E-02  0.138943E+08  0.138921E+08  0.000000E+00  0.000000E+00  0.000000E+00  0.138939E+08
  0.469188E-02  0.138381E+08  0.138358E+08  0.000000E+00  0.000000E+00  0.000000E+00  0.138377E+08
  0.485091E-02  0.137801E+08  0.137775E+08  0.000000E+00  0.000000E+00  0.000000E+00  0.137797E+08
  0.501534E-02  0.137201E+08  0.137174E+08  0.000000E+00  0.000000E+00  0.000000E+00  0.137196E+08
  0.518533E-02  0.136581E+08  0.136552E+08  0.000000E+00  0.000000E+00  0.000000E+00  0.136576E+08
  0.536109E-02  0.135941E+08  0.135910E+08  0.000000E+00  0.000000E+00  0.000000E+00  0.135936E+08
  0.554280E-02  0.135280E+08  0.135248E+08  0.000000E+00  0.000000E+00  0.000000E+00  0.135275E+08
  0.573068E-02  0.134598E+08  0.134564E+08  0.000000E+00  0.000000E+00  0.000000E+00  0.134593E+08
  0.592492E-02  0.133895E+08  0.133858E+08  0.000000E+00  0.000000E+00  0.000000E+00  0.133889E+08
  0.612574E-02  0.133169E+08  0.133130E+08  0.000000E+00  0.000000E+00  0.000000E+00  0.133163E+08
  0.633338E-02  0.132422E+08  0.132380E+08  0.000000E+00  0.000000E+00  0.000000E+00  0.132415E+08
  0.654805E-02  0.131651E+08  0.131607E+08  0.000000E+00  0.000000E+00  0.000000E+00  0.131644E+08
  0.677000E-02  0.130858E+08  0.130811E+08  0.000000E+00  0.000000E+00  0.000000E+00  0.130850E+08
  0.699947E-02  0.130040E+08  0.129990E+08  0.000000E+00  0.000000E+00  0.000000E+00  0.130033E+08
  0.723671E-02  0.129199E+08  0.129146E+08  0.000000E+00  0.000000E+00  0.000000E+00  0.129191E+08
  0.748200E-02  0.128333E+08  0.128277E+08  0.000000E+00  0.000000E+00  0.000000E+00  0.128325E+08
  0.773561E-02  0.127443E+08  0.127383E+08  0.000000E+00  0.000000E+00  0.000000E+00  0.127434E+08
  0.799781E-02  0.126527E+08  0.126463E+08  0.000000E+00  0.000000E+00  0.000000E+00  0.126517E+08
  0.826889E-02  0.125586E+08  0.125518E+08  0.000000E+00  0.000000E+00  0.000000E+00  0.125575E+08
  0.854917E-02  0.124618E+08  0.124546E+08  0.000000E+00  0.000000E+00  0.000000E+00  0.124607E+08
  0.883894E-02  0.123624E+08  0.123548E+08  0.000000E+00  0.000000E+00  0.000000E+00  0.123613E+08
  0.913854E-02  0.122604E+08  0.122522E+08  0.000000E+00  0.000000E+00  0.000000E+00  0.122591E+08
  0.944829E-02  0.121555E+08  0.121469E+08  0.000000E+00  0.000000E+00  0.000000E+00  0.121542E+08
  0.976854E-02  0.120480E+08  0.120388E+08  0.000000E+00  0.000000E+00  0.000000E+00  0.120466E+08
  0.100996E-01  0.119376E+08  0.119279E+08  0.000000E+00  0.000000E+00  0.000000E+00  0.119361E+08
  0.104420E-01  0.118243E+08  0.118140E+08  0.000000E+00  0.000000E+00  0.000000E+00  0.118228E+08
  0.107959E-01  0.117082E+08  0.116973E+08  0.000000E+00  0.000000E+00  0.000000E+00  0.117065E+08
  0.111618E-01  0.115892E+08  0.115776E+08  0.000000E+00  0.000000E+00  0.000000E+00  0.115874E+08
  0.115402E-01  0.114672E+08  0.114549E+08  0.000000E+00  0.000000E+00  0.000000E+00  0.114653E+08
  0.119313E-01  0.113422E+08  0.113292E+08  0.000000E+00  0.000000E+00  0.000000E+00  0.113402E+08
  0.123357E-01  0.112142E+08  0.112005E+08  0.000000E+00  0.000000E+00  0.000000E+00  0.112121E+08
  0.127539E-01  0.110831E+08  0.110686E+08  0.000000E+00  0.000000E+00  0.000000E+00  0.110809E+08
  0.131862E-01  0.109490E+08  0.109336E+08  0.000000E+00  0.000000E+00  0.000000E+00  0.109466E+08
  0.136331E-01  0.108117E+08  0.107955E+08  0.000000E+00  0.000000E+00  0.000000E+00  0.108092E+08
  0.140952E-01  0.106713E+08  0.106542E+08  0.000000E+00  0.000000E+00  0.000000E+00  0.106687E+08
  0.145730E-01  0.105277E+08  0.105097E+08  0.000000E+00  0.000000E+00  0.000000E+00  0.105250E+08
  0.150669E-01  0.103810E+08  0.103620E+08  0.000000E+00  0.000000E+00  0.000000E+00  0.103781E+08
  0.155776E-01  0.102312E+08  0.102111E+08  0.000000E+00  0.000000E+00  0.000000E+00  0.102281E+08
  0.161056E-01  0.100781E+08  0.100570E+08  0.000000E+00  0.000000E+00  0.000000E+00  0.100749E+08
  0.166515E-01  0.992193E+07  0.989974E+07  0.000000E+00  0.000000E+00  0.000000E+00  0.991851E+07
  0.172159E-01  0.976260E+07  0.973928E+07  0.000000E+00  0.000000E+00  0.000000E+00  0.975900E+07
  0.177994E-01  0.960016E+07  0.957568E+07  0.000000E+00  0.000000E+00  0.000000E+00  0.959638E+07
  0.184028E-01  0.943465E+07  0.940898E+07  0.000000E+00  0.000000E+00  0.000000E+00  0.943069E+07
  0.190265E-01  0.926613E+07  0.923924E+07  0.000000E+00  0.000000E+00  0.000000E+00  0.926198E+07
  0.196714E-01  0.909467E+07  0.906654E+07  0.000000E+00  0.000000E+00  0.000000E+00  0.909033E+07
  0.203382E-01  0.892036E+07  0.889096E+07  0.000000E+00  0.000000E+00  0.000000E+00  0.891583E+07
  0.210276E-01  0.874331E+07  0.871264E+07  0.000000E+00  0.000000E+00  0.000000E+00  0.873858E+07
  0.217403E-01  0.856364E+07  0.853168E+07  0.000000E+00  0.000000E+00  0.000000E+00  0.855871E+07
  0.224772E-01  0.838152E+07  0.834827E+07  0.000000E+00  0.000000E+00  0.000000E+00  0.837639E+07
  0.232390E-01  0.819711E+07  0.816258E+07  0.000000E+00  0.000000E+00  0.000000E+00  0.819178E+07
  0.240267E-01  0.801064E+07  0.797484E+07  0.000000E+00  0.000000E+00  0.000000E+00  0.800511E+07
  0.248411E-01  0.782233E+07  0.778529E+07  0.000000E+00  0.000000E+00  0.000000E+00  0.781661E+07
  0.256831E-01  0.763245E+07  0.759422E+07  0.000000E+00  0.000000E+00  0.000000E+00  0.762655E+07
  0.265537E-01  0.744131E+07  0.740193E+07  0.000000E+00  0.000000E+00  0.000000E+00  0.743524E+07
  0.274537E-01  0.724926E+07  0.720878E+07  0.000000E+00  0.000000E+00  0.000000E+00  0.724302E+07
  0.283842E-01  0.705667E+07  0.701518E+07  0.000000E+00  0.000000E+00  0.000000E+00  0.705027E+07
  0.293463E-01  0.686395E+07  0.682154E+07  0.000000E+00  0.000000E+00  0.000000E+00  0.685741E+07
  0.303410E-01  0.667157E+07  0.662834E+07  0.000000E+00  0.000000E+00  0.000000E+00  0.666490E+07
  0.313694E-01  0.648000E+07  0.643608E+07  0.000000E+00  0.000000E+00  0.000000E+00  0.647322E+07
  0.324327E-01  0.628978E+07  0.624530E+07  0.000000E+00  0.000000E+00  0.000000E+00  0.628291E+07
  0.335320E-01  0.610145E+07  0.605659E+07  0.000000E+00  0.000000E+00  0.000000E+00  0.609452E+07
  0.346686E-01  0.591560E+07  0.587052E+07  0.000000E+00  0.000000E+00  0.000000E+00  0.590864E+07
  0.358437E-01  0.573282E+07  0.568772E+07  0.000000E+00  0.000000E+00  0.000000E+00  0.572586E+07
  0.370586E-01  0.555372E+07  0.550880E+07  0.000000E+00  0.000000E+00  0.000000E+00  0.554678E+07
  0.383147E-01  0.537802E+07  0.533350E+07  0.000000E+00  0.000000E+00  0.000000E+00  0.537115E+07
  0.396134E-01  0.520662E+07  0.516273E+07  0.000000E+00  0.000000E+00  0.000000E+00  0.519985E+07
  0.409561E-01  0.504058E+07  0.499755E+07  0.000000E+00  0.000000E+00  0.000000E+00  0.503394E+07
  0.423443E-01  0.488054E+07  0.483861E+07  0.000000E+00  0.000000E+00  0.000000E+00  0.487407E+07
  0.437796E-01  0.472699E+07  0.468640E+07  0.000000E+00  0.000000E+00  0.000000E+00  0.472073E+07
  0.452635E-01  0.458027E+07  0.454124E+07  0.000000E+00  0.000000E+00  0.000000E+00  0.457425E+07
  0.467977E-01  0.444050E+07  0.440325E+07  0.000000E+00  0.000000E+00  0.000000E+00  0.443475E+07
  0.483839E-01  0.430763E+07  0.427235E+07  0.000000E+00  0.000000E+00  0.000000E+00  0.430219E+07
  0.500239E-01  0.418137E+07  0.414823E+07  0.000000E+00  0.000000E+00  0.000000E+00  0.417626E+07
  0.517194E-01  0.406130E+07  0.403042E+07  0.000000E+00  0.000000E+00  0.000000E+00  0.405653E+07
  0.534725E-01  0.394682E+07  0.391830E+07  0.000000E+00  0.000000E+00  0.000000E+00  0.394242E+07
  0.552850E-01  0.383734E+07  0.381119E+07  0.000000E+00  0.000000E+00  0.000000E+00  0.383330E+07
  0.571588E-01  0.373225E+07  0.370847E+07  0.000000E+00  0.000000E+00  0.000000E+00  0.372858E+07
  0.590963E-01  0.363136E+07  0.360987E+07  0.000000E+00  0.000000E+00  0.000000E+00  0.362805E+07
  0.610993E-01  0.353638E+07  0.351703E+07  0.000000E+00  0.000000E+00  0.000000E+00  0.353340E+07
  0.631703E-01  0.344048E+07  0.342306E+07  0.000000E+00  0.000000E+00  0.000000E+00  0.343779E+07
  0.653114E-01  0.334504E+07  0.332930E+07  0.000000E+00  0.000000E+00  0.000000E+00  0.334261E+07
  0.675252E-01  0.324895E+07  0.323457E+07  0.000000E+00  0.000000E+00  0.000000E+00  0.324673E+07
  0.698139E-01  0.315116E+07  0.313781E+07  0.000000E+00  0.000000E+00  0.000000E+00  0.314910E+07
  0.721803E-01  0.305083E+07  0.303813E+07  0.000000E+00  0.000000E+00  0.000000E+00  0.304887E+07
  0.746268E-01  0.294743E+07  0.293501E+07  0.000000E+00  0.000000E+00  0.000000E+00  0.294551E+07
  0.771564E-01  0.284083E+07  0.282835E+07  0.000000E+00  0.000000E+00  0.000000E+00  0.283891E+07
  0.797716E-01  0.273141E+07  0.271856E+07  0.000000E+00  0.000000E+00  0.000000E+00  0.272943E+07
  0.824755E-01  0.261996E+07  0.260651E+07  0.000000E+00  0.000000E+00  0.000000E+00  0.261788E+07
  0.852709E-01  0.250766E+07  0.249346E+07  0.000000E+00  0.000000E+00  0.000000E+00  0.250546E+07
  0.881612E-01  0.239594E+07  0.238097E+07  0.000000E+00  0.000000E+00  0.000000E+00  0.239363E+07
  0.911495E-01  0.228646E+07  0.227079E+07  0.000000E+00  0.000000E+00  0.000000E+00  0.228404E+07
  0.942390E-01  0.218098E+07  0.216481E+07  0.000000E+00  0.000000E+00  0.000000E+00  0.217849E+07
  0.974333E-01  0.208134E+07  0.206495E+07  0.000000E+00  0.000000E+00  0.000000E+00  0.207881E+07
  0.100736E+00  0.198921E+07  0.197297E+07  0.000000E+00  0.000000E+00  0.000000E+00  0.198670E+07
  0.104150E+00  0.190580E+07  0.189010E+07  0.000000E+00  0.000000E+00  0.000000E+00  0.190338E+07
  0.107680E+00  0.183155E+07  0.181678E+07  0.000000E+00  0.000000E+00  0.000000E+00  0.182927E+07
  0.111330E+00  0.176594E+07  0.175242E+07  0.000000E+00  0.000000E+00  0.000000E+00  0.176385E+07
  0.115104E+00  0.170760E+07  0.169555E+07  0.000000E+00  0.000000E+00  0.000000E+00  0.170574E+07
  0.119005E+00  0.165452E+07  0.164400E+07  0.000000E+00  0.000000E+00  0.000000E+00  0.165289E+07
  0.123039E+00  0.160423E+07  0.159514E+07  0.000000E+00  0.000000E+00  0.000000E+00  0.160282E+07
  0.127209E+00  0.155397E+07  0.154606E+07  0.000000E+00  0.000000E+00  0.000000E+00  0.155275E+07
  0.131521E+00  0.150102E+07  0.149391E+07  0.000000E+00  0.000000E+00  0.000000E+00  0.149992E+07
  0.135979E+00  0.144342E+07  0.143669E+07  0.000000E+00  0.000000E+00  0.000000E+00  0.144238E+07
  0.140588E+00  0.138084E+07  0.137406E+07  0.000000E+00  0.000000E+00  0.000000E+00  0.137980E+07
  0.145353E+00  0.131473E+07  0.130761E+07  0.000000E+00  0.000000E+00  0.000000E+00  0.131363E+07
  0.150280E+00  0.124763E+07  0.124003E+07  0.000000E+00  0.000000E+00  0.000000E+00  0.124646E+07
  0.155374E+00  0.118234E+07  0.117430E+07  0.000000E+00  0.000000E+00  0.000000E+00  0.118110E+07
  0.160640E+00  0.112154E+07  0.111331E+07  0.000000E+00  0.000000E+00  0.000000E+00  0.112027E+07
  0.166085E+00  0.106773E+07  0.105964E+07  0.000000E+00  0.000000E+00  0.000000E+00  0.106648E+07
  0.171715E+00  0.102219E+07  0.101460E+07  0.000000E+00  0.000000E+00  0.000000E+00  0.102102E+07
  0.177535E+00  0.983925E+06  0.977125E+06  0.000000E+00  0.000000E+00  0.000000E+00  0.982876E+06
  0.183553E+00  0.950018E+06  0.944097E+06  0.000000E+00  0.000000E+00  0.000000E+00  0.949104E+06
  0.189774E+00  0.917053E+06  0.911906E+06  0.000000E+00  0.000000E+00  0.000000E+00  0.916259E+06
  0.196206E+00  0.882193E+06  0.877547E+06  0.000000E+00  0.000000E+00  0.000000E+00  0.881476E+06
  0.202857E+00  0.843759E+06  0.839283E+06  0.000000E+00  0.000000E+00  0.000000E+00  0.843068E+06
  0.209733E+00  0.802046E+06  0.797471E+06  0.000000E+00  0.000000E+00  0.000000E+00  0.801340E+06
  0.216842E+00  0.759426E+06  0.754651E+06  0.000000E+00  0.000000E+00  0.000000E+00  0.758689E+06
  0.224192E+00  0.719095E+06  0.714212E+06  0.000000E+00  0.000000E+00  0.000000E+00  0.718341E+06
  0.231791E+00  0.683632E+06  0.678867E+06  0.000000E+00  0.000000E+00  0.000000E+00  0.682897E+06
  0.239647E+00  0.653829E+06  0.649416E+06  0.000000E+00  0.000000E+00  0.000000E+00  0.653148E+06
  0.247770E+00  0.628066E+06  0.624125E+06  0.000000E+00  0.000000E+00  0.000000E+00  0.627457E+06
  0.256168E+00  0.603341E+06  0.599820E+06  0.000000E+00  0.000000E+00  0.000000E+00  0.602798E+06
  0.264851E+00  0.577235E+06  0.573953E+06  0.000000E+00  0.000000E+00  0.000000E+00  0.576729E+06
  0.273828E+00  0.549132E+06  0.545899E+06  0.000000E+00  0.000000E+00  0.000000E+00  0.548633E+06
  0.283110E+00  0.520410E+06  0.517147E+06  0.000000E+00  0.000000E+00  0.000000E+00  0.519906E+06
  0.292706E+00  0.493544E+06  0.490312E+06  0.000000E+00  0.000000E+00  0.000000E+00  0.493046E+06
  0.302627E+00  0.470046E+06  0.466978E+06  0.000000E+00  0.000000E+00  0.000000E+00  0.469572E+06
  0.312884E+00  0.449393E+06  0.446582E+06  0.000000E+00  0.000000E+00  0.000000E+00  0.448959E+06
  0.323490E+00  0.429835E+06  0.427256E+06  0.000000E+00  0.000000E+00  0.000000E+00  0.429437E+06
  0.334454E+00  0.409682E+06  0.407235E+06  0.000000E+00  0.000000E+00  0.000000E+00  0.409305E+06
  0.345791E+00  0.388975E+06  0.386577E+06  0.000000E+00  0.000000E+00  0.000000E+00  0.388605E+06
  0.357512E+00  0.369064E+06  0.366721E+06  0.000000E+00  0.000000E+00  0.000000E+00  0.368702E+06
  0.369629E+00  0.351078E+06  0.348853E+06  0.000000E+00  0.000000E+00  0.000000E+00  0.350735E+06
  0.382158E+00  0.334755E+06  0.332685E+06  0.000000E+00  0.000000E+00  0.000000E+00  0.334436E+06
  0.395111E+00  0.318989E+06  0.317047E+06  0.000000E+00  0.000000E+00  0.000000E+00  0.318689E+06
  0.408504E+00  0.303166E+06  0.301303E+06  0.000000E+00  0.000000E+00  0.000000E+00  0.302879E+06
  0.422350E+00  0.287781E+06  0.285982E+06  0.000000E+00  0.000000E+00  0.000000E+00  0.287504E+06
  0.436666E+00  0.273503E+06  0.271792E+06  0.000000E+00  0.000000E+00  0.000000E+00  0.273239E+06
  0.451466E+00  0.260266E+06  0.258658E+06  0.000000E+00  0.000000E+00  0.000000E+00  0.260018E+06
  0.466769E+00  0.247479E+06  0.245957E+06  0.000000E+00  0.000000E+00  0.000000E+00  0.247244E+06
  0.482590E+00  0.234991E+06  0.233534E+06  0.000000E+00  0.000000E+00  0.000000E+00  0.234766E+06
  0.498948E+00  0.223139E+06  0.221750E+06  0.000000E+00  0.000000E+00  0.000000E+00  0.222924E+06
  0.515859E+00  0.212036E+06  0.210723E+06  0.000000E+00  0.000000E+00  0.000000E+00  0.211833E+06
  0.533344E+00  0.201430E+06  0.200187E+06  0.000000E+00  0.000000E+00  0.000000E+00  0.201238E+06
  0.551422E+00  0.191208E+06  0.190024E+06  0.000000E+00  0.000000E+00  0.000000E+00  0.191026E+06
  0.570113E+00  0.181504E+06  0.180379E+06  0.000000E+00  0.000000E+00  0.000000E+00  0.181330E+06
  0.589437E+00  0.172325E+06  0.171259E+06  0.000000E+00  0.000000E+00  0.000000E+00  0.172161E+06
  0.609416E+00  0.163552E+06  0.162540E+06  0.000000E+00  0.000000E+00  0.000000E+00  0.163396E+06
  0.630072E+00  0.155179E+06  0.154218E+06  0.000000E+00  0.000000E+00  0.000000E+00  0.155030E+06
  0.651428E+00  0.147239E+06  0.146328E+06  0.000000E+00  0.000000E+00  0.000000E+00  0.147098E+06
  0.673509E+00  0.139683E+06  0.138818E+06  0.000000E+00  0.000000E+00  0.000000E+00  0.139549E+06
  0.696337E+00  0.132484E+06  0.131664E+06  0.000000E+00  0.000000E+00  0.000000E+00  0.132357E+06
  0.719940E+00  0.125646E+06  0.124869E+06  0.000000E+00  0.000000E+00  0.000000E+00  0.125526E+06
  0.744342E+00  0.119144E+06  0.118407E+06  0.000000E+00  0.000000E+00  0.000000E+00  0.119030E+06
  0.769572E+00  0.112960E+06  0.112261E+06  0.000000E+00  0.000000E+00  0.000000E+00  0.112852E+06
  0.795656E+00  0.107084E+06  0.106422E+06  0.000000E+00  0.000000E+00  0.000000E+00  0.106982E+06
  0.822625E+00  0.101499E+06  0.100871E+06  0.000000E+00  0.000000E+00  0.000000E+00  0.101402E+06
  0.850508E+00  0.961922E+05  0.955972E+05  0.000000E+00  0.000000E+00  0.000000E+00  0.961003E+05
  0.879336E+00  0.911504E+05  0.905866E+05  0.000000E+00  0.000000E+00  0.000000E+00  0.910634E+05
  0.909141E+00  0.863616E+05  0.858275E+05  0.000000E+00  0.000000E+00  0.000000E+00  0.862792E+05
  0.939957E+00  0.818151E+05  0.813091E+05  0.000000E+00  0.000000E+00  0.000000E+00  0.817370E+05
  0.971817E+00  0.774983E+05  0.770191E+05  0.000000E+00  0.000000E+00  0.000000E+00  0.774244E+05
  0.100476E+01  0.733999E+05  0.729460E+05  0.000000E+00  0.000000E+00  0.000000E+00  0.733298E+05
  0.103881E+01  0.695102E+05  0.690804E+05  0.000000E+00  0.000000E+00  0.000000E+00  0.694439E+05
  0.107402E+01  0.658179E+05  0.654109E+05  0.000000E+00  0.000000E+00  0.000000E+00  0.657551E+05
  0.111043E+01  0.623146E+05  0.619293E+05  0.000000E+00  0.000000E+00  0.000000E+00  0.622551E+05
  0.114807E+01  0.589905E+05  0.586258E+05  0.000000E+00  0.000000E+00  0.000000E+00  0.589342E+05
  0.118698E+01  0.558381E+05  0.554928E+05  0.000000E+00  0.000000E+00  0.000000E+00  0.557848E+05
  0.122721E+01  0.528483E+05  0.525215E+05  0.000000E+00  0.000000E+00  0.000000E+00  0.527978E+05
  0.126881E+01  0.500129E+05  0.497037E+05  0.000000E+00  0.000000E+00  0.000000E+00  0.499652E+05
  0.131182E+01  0.473245E+05  0.470320E+05  0.000000E+00  0.000000E+00  0.000000E+00  0.472794E+05
  0.135628E+01  0.447757E+05  0.444989E+05  0.000000E+00  0.000000E+00  0.000000E+00  0.447330E+05
  0.140225E+01  0.423596E+05  0.420977E+05  0.000000E+00  0.000000E+00  0.000000E+00  0.423192E+05
  0.144978E+01  0.400697E+05  0.398220E+05  0.000000E+00  0.000000E+00  0.000000E+00  0.400315E+05
  0.149892E+01  0.378998E+05  0.376655E+05  0.000000E+00  0.000000E+00  0.000000E+00  0.378637E+05
  0.154973E+01  0.358439E+05  0.356223E+05  0.000000E+00  0.000000E+00  0.000000E+00  0.358097E+05
  0.160226E+01  0.338960E+05  0.336865E+05  0.000000E+00  0.000000E+00  0.000000E+00  0.338637E+05
  0.165656E+01  0.320511E+05  0.318529E+05  0.000000E+00  0.000000E+00  0.000000E+00  0.320205E+05
  0.171271E+01  0.303035E+05  0.301162E+05  0.000000E+00  0.000000E+00  0.000000E+00  0.302746E+05
  0.177077E+01  0.286484E+05  0.284713E+05  0.000000E+00  0.000000E+00  0.000000E+00  0.286211E+05
  0.183079E+01  0.270812E+05  0.269138E+05  0.000000E+00  0.000000E+00  0.000000E+00  0.270553E+05
  0.189284E+01  0.255973E+05  0.254391E+05  0.000000E+00  0.000000E+00  0.000000E+00  0.255729E+05
  0.195700E+01  0.241927E+05  0.240431E+05  0.000000E+00  0.000000E+00  0.000000E+00  0.241696E+05
  0.202333E+01  0.228631E+05  0.227218E+05  0.000000E+00  0.000000E+00  0.000000E+00  0.228413E+05
  0.209191E+01  0.216046E+05  0.214711E+05  0.000000E+00  0.000000E+00  0.000000E+00  0.215840E+05
  0.216282E+01  0.204136E+05  0.202874E+05  0.000000E+00  0.000000E+00  0.000000E+00  0.203941E+05
  0.223613E+01  0.192866E+05  0.191674E+05  0.000000E+00  0.000000E+00  0.000000E+00  0.192682E+05
  0.231192E+01  0.182203E+05  0.181077E+05  0.000000E+00  0.000000E+00  0.000000E+00  0.182029E+05
  0.239028E+01  0.172116E+05  0.171052E+05  0.000000E+00  0.000000E+00  0.000000E+00  0.171951E+05
  0.247130E+01  0.162573E+05  0.161568E+05  0.000000E+00  0.000000E+00  0.000000E+00  0.162418E+05
  0.255507E+01  0.153547E+05  0.152597E+05  0.000000E+00  0.000000E+00  0.000000E+00  0.153400E+05
  0.264167E+01  0.145010E+05  0.144114E+05  0.000000E+00  0.000000E+00  0.000000E+00  0.144872E+05
  0.273121E+01  0.136938E+05  0.136091E+05  0.000000E+00  0.000000E+00  0.000000E+00  0.136807E+05
  0.282379E+01  0.129305E+05  0.128505E+05  0.000000E+00  0.000000E+00  0.000000E+00  0.129181E+05
  0.291950E+01  0.122088E+05  0.121333E+05  0.000000E+00  0.000000E+00  0.000000E+00  0.121971E+05
  0.301846E+01  0.115265E+05  0.114552E+05  0.000000E+00  0.000000E+00  0.000000E+00  0.115155E+05
  0.312077E+01  0.108815E+05  0.108142E+05  0.000000E+00  0.000000E+00  0.000000E+00  0.108711E+05
  0.322655E+01  0.102719E+05  0.102084E+05  0.000000E+00  0.000000E+00  0.000000E+00  0.102621E+05
  0.333591E+01  0.969572E+04  0.963577E+04  0.000000E+00  0.000000E+00  0.000000E+00  0.968647E+04
  0.344898E+01  0.915120E+04  0.909461E+04  0.000000E+00  0.000000E+00  0.000000E+00  0.914247E+04
  0.356588E+01  0.863666E+04  0.858325E+04  0.000000E+00  0.000000E+00  0.000000E+00  0.862842E+04
  0.368675E+01  0.815050E+04  0.810009E+04  0.000000E+00  0.000000E+00  0.000000E+00  0.814272E+04
  0.381172E+01  0.769117E+04  0.764360E+04  0.000000E+00  0.000000E+00  0.000000E+00  0.768383E+04
  0.394091E+01  0.725725E+04  0.721235E+04  0.000000E+00  0.000000E+00  0.000000E+00  0.725032E+04
  0.407449E+01  0.684732E+04  0.680496E+04  0.000000E+00  0.000000E+00  0.000000E+00  0.684078E+04
  0.421259E+01  0.646016E+04  0.642019E+04  0.000000E+00  0.000000E+00  0.000000E+00  0.645399E+04
  0.435538E+01  0.609449E+04  0.605678E+04  0.000000E+00  0.000000E+00  0.000000E+00  0.608867E+04
  0.450301E+01  0.574914E+04  0.571356E+04  0.000000E+00  0.000000E+00  0.000000E+00  0.574365E+04
  0.465564E+01  0.542301E+04  0.538945E+04  0.000000E+00  0.000000E+00  0.000000E+00  0.541783E+04
  0.481344E+01  0.511508E+04  0.508342E+04  0.000000E+00  0.000000E+00  0.000000E+00  0.511020E+04
  0.497659E+01  0.482434E+04  0.479447E+04  0.000000E+00  0.000000E+00  0.000000E+00  0.481973E+04
  0.514527E+01  0.454984E+04  0.452167E+04  0.000000E+00  0.000000E+00  0.000000E+00  0.454549E+04
  0.531968E+01  0.429070E+04  0.426413E+04  0.000000E+00  0.000000E+00  0.000000E+00  0.428660E+04
  0.549998E+01  0.404609E+04  0.402103E+04  0.000000E+00  0.000000E+00  0.000000E+00  0.404223E+04
  0.568641E+01  0.381520E+04  0.379157E+04  0.000000E+00  0.000000E+00  0.000000E+00  0.381155E+04
  0.587915E+01  0.359728E+04  0.357499E+04  0.000000E+00  0.000000E+00  0.000000E+00  0.359384E+04
  0.607843E+01  0.339161E+04  0.337059E+04  0.000000E+00  0.000000E+00  0.000000E+00  0.338836E+04
  0.628446E+01  0.319752E+04  0.317770E+04  0.000000E+00  0.000000E+00  0.000000E+00  0.319446E+04
  0.649747E+01  0.301437E+04  0.299568E+04  0.000000E+00  0.000000E+00  0.000000E+00  0.301149E+04
  0.671770E+01  0.284156E+04  0.282393E+04  0.000000E+00  0.000000E+00  0.000000E+00  0.283884E+04
  0.694539E+01  0.267851E+04  0.266190E+04  0.000000E+00  0.000000E+00  0.000000E+00  0.267595E+04
  0.718081E+01  0.252468E+04  0.250901E+04  0.000000E+00  0.000000E+00  0.000000E+00  0.252226E+04
  0.742420E+01  0.237956E+04  0.236479E+04  0.000000E+00  0.000000E+00  0.000000E+00  0.237728E+04
  0.767585E+01  0.224267E+04  0.222874E+04  0.000000E+00  0.000000E+00  0.000000E+00  0.224052E+04
  0.793602E+01  0.211354E+04  0.210041E+04  0.000000E+00  0.000000E+00  0.000000E+00  0.211151E+04
  0.820502E+01  0.199174E+04  0.197936E+04  0.000000E+00  0.000000E+00  0.000000E+00  0.198983E+04
  0.848312E+01  0.187688E+04  0.186521E+04  0.000000E+00  0.000000E+00  0.000000E+00  0.187508E+04
  0.877066E+01  0.176854E+04  0.175754E+04  0.000000E+00  0.000000E+00  0.000000E+00  0.176684E+04
  0.906794E+01  0.166638E+04  0.165601E+04  0.000000E+00  0.000000E+00  0.000000E+00  0.166478E+04
  0.937530E+01  0.157005E+04  0.156027E+04  0.000000E+00  0.000000E+00  0.000000E+00  0.156854E+04
  0.969308E+01  0.147921E+04  0.146999E+04  0.000000E+00  0.000000E+00  0.000000E+00  0.147779E+04
  0.100216E+02  0.139356E+04  0.138487E+04  0.000000E+00  0.000000E+00  0.000000E+00  0.139222E+04
  0.103613E+02  0.131281E+04  0.130462E+04  0.000000E+00  0.000000E+00  0.000000E+00  0.131155E+04
  0.107125E+02  0.123669E+04  0.122896E+04  0.000000E+00  0.000000E+00  0.000000E+00  0.123549E+04
  0.110756E+02  0.116492E+04  0.115764E+04  0.000000E+00  0.000000E+00  0.000000E+00  0.116380E+04
  0.114510E+02  0.109727E+04  0.109041E+04  0.000000E+00  0.000000E+00  0.000000E+00  0.109621E+04
  0.118392E+02  0.103350E+04  0.102703E+04  0.000000E+00  0.000000E+00  0.000000E+00  0.103250E+04
  0.122404E+02  0.973394E+03  0.967297E+03  0.000000E+00  0.000000E+00  0.000000E+00  0.972453E+03
  0.126553E+02  0.916744E+03  0.910996E+03  0.000000E+00  0.000000E+00  0.000000E+00  0.915857E+03
  0.130843E+02  0.863355E+03  0.857936E+03  0.000000E+00  0.000000E+00  0.000000E+00  0.862519E+03
  0.135278E+02  0.813038E+03  0.807929E+03  0.000000E+00  0.000000E+00  0.000000E+00  0.812250E+03
  0.139863E+02  0.765624E+03  0.760807E+03  0.000000E+00  0.000000E+00  0.000000E+00  0.764881E+03
  0.144604E+02  0.720943E+03  0.716401E+03  0.000000E+00  0.000000E+00  0.000000E+00  0.720242E+03
  0.149505E+02  0.678843E+03  0.674561E+03  0.000000E+00  0.000000E+00  0.000000E+00  0.678182E+03
  0.154573E+02  0.639174E+03  0.635136E+03  0.000000E+00  0.000000E+00  0.000000E+00  0.638550E+03
  0.159812E+02  0.601799E+03  0.597991E+03  0.000000E+00  0.000000E+00  0.000000E+00  0.601211E+03
  0.165229E+02  0.566587E+03  0.562996E+03  0.000000E+00  0.000000E+00  0.000000E+00  0.566033E+03
  0.170829E+02  0.533414E+03  0.530027E+03  0.000000E+00  0.000000E+00  0.000000E+00  0.532891E+03
  0.176619E+02  0.502164E+03  0.498969E+03  0.000000E+00  0.000000E+00  0.000000E+00  0.501671E+03
  0.182606E+02  0.472725E+03  0.469712E+03  0.000000E+00  0.000000E+00  0.000000E+00  0.472260E+03
  0.188795E+02  0.444996E+03  0.442154E+03  0.000000E+00  0.000000E+00  0.000000E+00  0.444558E+03
  0.195195E+02  0.418877E+03  0.416195E+03  0.000000E+00  0.000000E+00  0.000000E+00  0.418463E+03
  0.201811E+02  0.394277E+03  0.391746E+03  0.000000E+00  0.000000E+00  0.000000E+00  0.393886E+03
  0.208651E+02  0.371107E+03  0.368718E+03  0.000000E+00  0.000000E+00  0.000000E+00  0.370738E+03
  0.215723E+02  0.349286E+03  0.347032E+03  0.000000E+00  0.000000E+00  0.000000E+00  0.348938E+03
  0.223035E+02  0.328735E+03  0.326607E+03  0.000000E+00  0.000000E+00  0.000000E+00  0.328407E+03
  0.230595E+02  0.309383E+03  0.307374E+03  0.000000E+00  0.000000E+00  0.000000E+00  0.309073E+03
  0.238411E+02  0.291159E+03  0.289262E+03  0.000000E+00  0.000000E+00  0.000000E+00  0.290866E+03
  0.246492E+02  0.273999E+03  0.272207E+03  0.000000E+00  0.000000E+00  0.000000E+00  0.273723E+03
  0.254847E+02  0.257841E+03  0.256148E+03  0.000000E+00  0.000000E+00  0.000000E+00  0.257580E+03
  0.263485E+02  0.242627E+03  0.241028E+03  0.000000E+00  0.000000E+00  0.000000E+00  0.242380E+03
  0.272416E+02  0.228303E+03  0.226792E+03  0.000000E+00  0.000000E+00  0.000000E+00  0.228070E+03
  0.281650E+02  0.214817E+03  0.213388E+03  0.000000E+00  0.000000E+00  0.000000E+00  0.214596E+03
  0.291196E+02  0.202120E+03  0.200770E+03  0.000000E+00  0.000000E+00  0.000000E+00  0.201912E+03
  0.301066E+02  0.190168E+03  0.188890E+03  0.000000E+00  0.000000E+00  0.000000E+00  0.189971E+03
  0.311271E+02  0.178916E+03  0.177707E+03  0.000000E+00  0.000000E+00  0.000000E+00  0.178729E+03
  0.321822E+02  0.168324E+03  0.167180E+03  0.000000E+00  0.000000E+00  0.000000E+00  0.168147E+03
  0.332730E+02  0.158354E+03  0.157271E+03  0.000000E+00  0.000000E+00  0.000000E+00  0.158187E+03
  0.344008E+02  0.148969E+03  0.147943E+03  0.000000E+00  0.000000E+00  0.000000E+00  0.148811E+03
  0.355668E+02  0.140136E+03  0.139164E+03  0.000000E+00  0.000000E+00  0.000000E+00  0.139986E+03
  0.367723E+02  0.131822E+03  0.130901E+03  0.000000E+00  0.000000E+00  0.000000E+00  0.131680E+03
  0.380187E+02  0.123997E+03  0.123124E+03  0.000000E+00  0.000000E+00  0.000000E+00  0.123862E+03
  0.393074E+02  0.116632E+03  0.115804E+03  0.000000E+00  0.000000E+00  0.000000E+00  0.116505E+03
  0.406397E+02  0.109702E+03  0.108916E+03  0.000000E+00  0.000000E+00  0.000000E+00  0.109581E+03
  0.420172E+02  0.103179E+03  0.102433E+03  0.000000E+00  0.000000E+00  0.000000E+00  0.103064E+03
  0.434414E+02  0.970417E+02  0.963326E+02  0.000000E+00  0.000000E+00  0.000000E+00  0.969322E+02
  0.449138E+02  0.912660E+02  0.905921E+02  0.000000E+00  0.000000E+00  0.000000E+00  0.911620E+02
  0.464362E+02  0.858311E+02  0.851901E+02  0.000000E+00  0.000000E+00  0.000000E+00  0.857322E+02
  0.480101E+02  0.807173E+02  0.801073E+02  0.000000E+00  0.000000E+00  0.000000E+00  0.806231E+02
  0.496375E+02  0.759054E+02  0.753245E+02  0.000000E+00  0.000000E+00  0.000000E+00  0.758158E+02
  0.513199E+02  0.713781E+02  0.708246E+02  0.000000E+00  0.000000E+00  0.000000E+00  0.712927E+02
  0.530594E+02  0.671184E+02  0.665907E+02  0.000000E+00  0.000000E+00  0.000000E+00  0.670369E+02
  0.548579E+02  0.631108E+02  0.626073E+02  0.000000E+00  0.000000E+00  0.000000E+00  0.630331E+02
  0.567173E+02  0.593404E+02  0.588596E+02  0.000000E+00  0.000000E+00  0.000000E+00  0.592662E+02
  0.586397E+02  0.557934E+02  0.553339E+02  0.000000E+00  0.000000E+00  0.000000E+00  0.557225E+02
  0.606273E+02  0.524564E+02  0.520170E+02  0.000000E+00  0.000000E+00  0.000000E+00  0.523886E+02
  0.626823E+02  0.493174E+02  0.488968E+02  0.000000E+00  0.000000E+00  0.000000E+00  0.492525E+02
  0.648069E+02  0.463645E+02  0.459616E+02  0.000000E+00  0.000000E+00  0.000000E+00  0.463023E+02
  0.670036E+02  0.435867E+02  0.432005E+02  0.000000E+00  0.000000E+00  0.000000E+00  0.435271E+02
  0.692747E+02  0.409740E+02  0.406033E+02  0.000000E+00  0.000000E+00  0.000000E+00  0.409168E+02
  0.716227E+02  0.385163E+02  0.381603E+02  0.000000E+00  0.000000E+00  0.000000E+00  0.384614E+02
  0.740504E+02  0.362048E+02  0.358625E+02  0.000000E+00  0.000000E+00  0.000000E+00  0.361520E+02
  0.765604E+02  0.340306E+02  0.337012E+02  0.000000E+00  0.000000E+00  0.000000E+00  0.339797E+02
  0.791553E+02  0.319857E+02  0.316685E+02  0.000000E+00  0.000000E+00  0.000000E+00  0.319367E+02
  0.818384E+02  0.300624E+02  0.297566E+02  0.000000E+00  0.000000E+00  0.000000E+00  0.300153E+02
  0.846122E+02  0.282537E+02  0.279586E+02  0.000000E+00  0.000000E+00  0.000000E+00  0.282082E+02
  0.874802E+02  0.265526E+02  0.262675E+02  0.000000E+00  0.000000E+00  0.000000E+00  0.265086E+02
  0.904453E+02  0.249530E+02  0.246773E+02  0.000000E+00  0.000000E+00  0.000000E+00  0.249104E+02
  0.935109E+02  0.234486E+02  0.231817E+02  0.000000E+00  0.000000E+00  0.000000E+00  0.234074E+02
  0.966806E+02  0.220339E+02  0.217753E+02  0.000000E+00  0.000000E+00  0.000000E+00  0.219940E+02
  0.999576E+02  0.207036E+02  0.204528E+02  0.000000E+00  0.000000E+00  0.000000E+00  0.206649E+02
  0.103346E+03  0.194527E+02  0.192092E+02  0.000000E+00  0.000000E+00  0.000000E+00  0.194151E+02
  0.106849E+03  0.182764E+02  0.180397E+02  0.000000E+00  0.000000E+00  0.000000E+00  0.182399E+02
  0.110470E+03  0.171704E+02  0.169402E+02  0.000000E+00  0.000000E+00  0.000000E+00  0.171349E+02
  0.114215E+03  0.161305E+02  0.159063E+02  0.000000E+00  0.000000E+00  0.000000E+00  0.160959E+02
  0.118086E+03  0.151527E+02  0.149342E+02  0.000000E+00  0.000000E+00  0.000000E+00  0.151190E+02
  0.122089E+03  0.142334E+02  0.140202E+02  0.000000E+00  0.000000E+00  0.000000E+00  0.142005E+02
  0.126227E+03  0.133691E+02  0.131609E+02  0.000000E+00  0.000000E+00  0.000000E+00  0.133369E+02
  0.130505E+03  0.125565E+02  0.123530E+02  0.000000E+00  0.000000E+00  0.000000E+00  0.125251E+02
  0.134928E+03  0.117925E+02  0.115935E+02  0.000000E+00  0.000000E+00  0.000000E+00  0.117618E+02
  0.139502E+03  0.110743E+02  0.108794E+02  0.000000E+00  0.000000E+00  0.000000E+00  0.110442E+02
  0.144230E+03  0.103991E+02  0.102081E+02  0.000000E+00  0.000000E+00  0.000000E+00  0.103697E+02
  0.149119E+03  0.976444E+01  0.957714E+01  0.000000E+00  0.000000E+00  0.000000E+00  0.973553E+01
  0.154173E+03  0.916780E+01  0.898399E+01  0.000000E+00  0.000000E+00  0.000000E+00  0.913944E+01
  0.159399E+03  0.860693E+01  0.842641E+01  0.000000E+00  0.000000E+00  0.000000E+00  0.857907E+01
  0.164802E+03  0.807976E+01  0.790234E+01  0.000000E+00  0.000000E+00  0.000000E+00  0.805238E+01
  0.170388E+03  0.758423E+01  0.740976E+01  0.000000E+00  0.000000E+00  0.000000E+00  0.755731E+01
  0.176164E+03  0.711846E+01  0.694678E+01  0.000000E+00  0.000000E+00  0.000000E+00  0.709196E+01
  0.182135E+03  0.668070E+01  0.651168E+01  0.000000E+00  0.000000E+00  0.000000E+00  0.665461E+01
  0.188308E+03  0.626927E+01  0.610278E+01  0.000000E+00  0.000000E+00  0.000000E+00  0.624357E+01
  0.194691E+03  0.588259E+01  0.571852E+01  0.000000E+00  0.000000E+00  0.000000E+00  0.585727E+01
  0.201290E+03  0.551918E+01  0.535742E+01  0.000000E+00  0.000000E+00  0.000000E+00  0.549421E+01
