  0.108800E-04  0.118275E+07  0.118275E+07  0.157696E+07  0.157696E+07  0.000000E+00  0.118275E+07
  0.112487E-04  0.118275E+07  0.118275E+07  0.157695E+07  0.157695E+07  0.000000E+00  0.118275E+07
  0.116300E-04  0.118275E+07  0.118275E+07  0.157695E+07  0.157695E+07  0.000000E+00  0.118275E+07
  0.120242E-04  0.118275E+07  0.118275E+07  0.157695E+07  0.157694E+07  0.000000E+00  0.118275E+07
  0.124318E-04  0.118275E+07  0.118275E+07  0.157694E+07  0.157694E+07  0.000000E+00  0.118275E+07
  0.128531E-04  0.118275E+07  0.118275E+07  0.157694E+07  0.157694E+07  0.000000E+00  0.118275E+07
  0.132888E-04  0.118275E+07  0.118275E+07  0.157693E+07  0.157693E+07  0.000000E+00  0.118275E+07
  0.137392E-04  0.118275E+07  0.118275E+07  0.157693E+07  0.157693E+07  0.000000E+00  0.118275E+07
  0.142049E-04  0.118275E+07  0.118275E+07  0.157692E+07  0.157692E+07  0.000000E+00  0.118275E+07
  0.146864E-04  0.118275E+07  0.118275E+07  0.157692E+07  0.157692E+07  0.000000E+00  0.118275E+07
  0.151842E-04  0.118275E+07  0.118275E+07  0.157691E+07  0.157691E+07  0.000000E+00  0.118275E+07
  0.156989E-04  0.118275E+07  0.118275E+07  0.157691E+07  0.157690E+07  0.000000E+00  0.118275E+07
  0.162310E-04  0.118275E+07  0.118275E+07  0.157690E+07  0.157690E+07  0.000000E+00  0.118275E+07
  0.167811E-04  0.118275E+07  0.118275E+07  0.157689E+07  0.157689E+07  0.000000E+00  0.118275E+07
  0.173499E-04  0.118275E+07  0.118275E+07  0.157689E+07  0.157688E+07  0.000000E+00  0.118275E+07
  0.179380E-04  0.118275E+07  0.118275E+07  0.157688E+07  0.157688E+07  0.000000E+00  0.118275E+07
  0.185460E-04  0.118275E+07  0.118275E+07  0.157687E+07  0.157687E+07  0.000000E+00  0.118275E+07
  0.191746E-04  0.118275E+07  0.118275E+07  0.157686E+07  0.157686E+07  0.000000E+00  0.118275E+07
  0.198246E-04  0.118275E+07  0.118275E+07  0.157685E+07  0.157685E+07  0.000000E+00  0.118275E+07
  0.204965E-04  0.118275E+07  0.118275E+07  0.157684E+07  0.157684E+07  0.000000E+00  0.118275E+07
  0.211913E-04  0.118275E+07  0.118275E+07  0.157683E+07  0.157683E+07  0.000000E+00  0.118275E+07
  0.219095E-04  0.118275E+07  0.118275E+07  0.157682E+07  0.157681E+07  0.000000E+00  0.118275E+07
  0.226522E-04  0.118275E+07  0.118275E+07  0.157680E+07  0.157680E+07  0.000000E+00  0.118275E+07
  0.234200E-04  0.118275E+07  0.118275E+07  0.157679E+07  0.157679E+07  0.000000E+00  0.118275E+07
  0.242138E-04  0.118275E+07  0.118275E+07  0.157678E+07  0.157677E+07  0.000000E+00  0.118275E+07
  0.250345E-04  0.118275E+07  0.118275E+07  0.157676E+07  0.157676E+07  0.000000E+00  0.118275E+07
  0.258831E-04  0.118275E+07  0.118275E+07  0.157674E+07  0.157674E+07  0.000000E+00  0.118275E+07
  0.267604E-04  0.118275E+07  0.118275E+07  0.157673E+07  0.157672E+07  0.000000E+00  0.118275E+07
  0.276674E-04  0.118275E+07  0.118275E+07  0.157671E+07  0.157670E+07  0.000000E+00  0.118275E+07
  0.286052E-04  0.118275E+07  0.118275E+07  0.157669E+07  0.157668E+07  0.000000E+00  0.118275E+07
  0.295748E-04  0.118275E+07  0.118275E+07  0.157666E+07  0.157666E+07  0.000000E+00  0.118275E+07
  0.305772E-04  0.118275E+07  0.118274E+07  0.157664E+07  0.157663E+07  0.000000E+00  0.118275E+07
  0.316136E-04  0.118274E+07  0.118274E+07  0.157662E+07  0.157661E+07  0.000000E+00  0.118274E+07
  0.326852E-04  0.118274E+07  0.118274E+07  0.157659E+07  0.157658E+07  0.000000E+00  0.118274E+07
  0.337931E-04  0.118274E+07  0.118274E+07  0.157656E+07  0.157655E+07  0.000000E+00  0.118274E+07
  0.349385E-04  0.118274E+07  0.118274E+07  0.157653E+07  0.157652E+07  0.000000E+00  0.118274E+07
  0.361227E-04  0.118274E+07  0.118274E+07  0.157650E+07  0.157649E+07  0.000000E+00  0.118274E+07
  0.373471E-04  0.118274E+07  0.118274E+07  0.157646E+07  0.157645E+07  0.000000E+00  0.118274E+07
  0.386130E-04  0.118274E+07  0.118274E+07  0.157643E+07  0.157642E+07  0.000000E+00  0.118274E+07
  0.399218E-04  0.118274E+07  0.118274E+07  0.157639E+07  0.157638E+07  0.000000E+00  0.118274E+07
  0.412749E-04  0.118274E+07  0.118274E+07  0.157635E+07  0.157633E+07  0.000000E+00  0.118274E+07
  0.426740E-04  0.118274E+07  0.118274E+07  0.157630E+07  0.157629E+07  0.000000E+00  0.118274E+07
  0.441204E-04  0.118274E+07  0.118274E+07  0.157625E+07  0.157624E+07  0.000000E+00  0.118274E+07
  0.456159E-04  0.118274E+07  0.118274E+07  0.157620E+07  0.157618E+07  0.000000E+00  0.118274E+07
  0.471620E-04  0.118274E+07  0.118274E+07  0.157615E+07  0.157613E+07  0.000000E+00  0.118274E+07
  0.487606E-04  0.118274E+07  0.118274E+07  0.157609E+07  0.157607E+07  0.000000E+00  0.118274E+07
  0.504133E-04  0.118274E+07  0.118273E+07  0.157602E+07  0.157600E+07  0.000000E+00  0.118274E+07
  0.521221E-04  0.118273E+07  0.118273E+07  0.157596E+07  0.157593E+07  0.000000E+00  0.118273E+07
  0.538888E-04  0.118273E+07  0.118273E+07  0.157588E+07  0.157586E+07  0.000000E+00  0.118273E+07
  0.557153E-04  0.118273E+07  0.118273E+07  0.157581E+07  0.157578E+07  0.000000E+00  0.118273E+07
  0.576038E-04  0.118273E+07  0.118273E+07  0.157572E+07  0.157570E+07  0.000000E+00  0.118273E+07
  0.595563E-04  0.118273E+07  0.118273E+07  0.157564E+07  0.157561E+07  0.000000E+00  0.118273E+07
  0.615750E-04  0.118273E+07  0.118273E+07  0.157554E+07  0.157551E+07  0.000000E+00  0.118273E+07
  0.636621E-04  0.118273E+07  0.118272E+07  0.157544E+07  0.157541E+07  0.000000E+00  0.118273E+07
  0.658199E-04  0.118272E+07  0.118272E+07  0.157533E+07  0.157530E+07  0.000000E+00  0.118272E+07
  0.680509E-04  0.118272E+07  0.118272E+07  0.157522E+07  0.157518E+07  0.000000E+00  0.118272E+07
  0.703575E-04  0.118272E+07  0.118272E+07  0.157510E+07  0.157506E+07  0.000000E+00  0.118272E+07
  0.727422E-04  0.118272E+07  0.118272E+07  0.157497E+07  0.157492E+07  0.000000E+00  0.118272E+07
  0.752079E-04  0.118272E+07  0.118271E+07  0.157482E+07  0.157478E+07  0.000000E+00  0.118272E+07
  0.777570E-04  0.118271E+07  0.118271E+07  0.157467E+07  0.157463E+07  0.000000E+00  0.118271E+07
  0.803926E-04  0.118271E+07  0.118271E+07  0.157451E+07  0.157446E+07  0.000000E+00  0.118271E+07
  0.831175E-04  0.118271E+07  0.118271E+07  0.157434E+07  0.157429E+07  0.000000E+00  0.118271E+07
  0.859348E-04  0.118270E+07  0.118270E+07  0.157416E+07  0.157410E+07  0.000000E+00  0.118270E+07
  0.888476E-04  0.118270E+07  0.118270E+07  0.157396E+07  0.157390E+07  0.000000E+00  0.118270E+07
  0.918591E-04  0.118270E+07  0.118270E+07  0.157376E+07  0.157369E+07  0.000000E+00  0.118270E+07
  0.949726E-04  0.118269E+07  0.118269E+07  0.157353E+07  0.157346E+07  0.000000E+00  0.118269E+07
  0.981917E-04  0.118269E+07  0.118269E+07  0.157329E+07  0.157322E+07  0.000000E+00  0.118269E+07
  0.101520E-03  0.118269E+07  0.118268E+07  0.157304E+07  0.157296E+07  0.000000E+00  0.118269E+07
  0.104961E-03  0.118268E+07  0.118268E+07  0.157276E+07  0.157268E+07  0.000000E+00  0.118268E+07
  0.108519E-03  0.118268E+07  0.118267E+07  0.157247E+07  0.157238E+07  0.000000E+00  0.118268E+07
  0.112197E-03  0.118267E+07  0.118267E+07  0.157216E+07  0.157206E+07  0.000000E+00  0.118267E+07
  0.116000E-03  0.118267E+07  0.118266E+07  0.157183E+07  0.157172E+07  0.000000E+00  0.118267E+07
  0.119932E-03  0.118266E+07  0.118266E+07  0.157147E+07  0.157136E+07  0.000000E+00  0.118266E+07
  0.123997E-03  0.118265E+07  0.118265E+07  0.157109E+07  0.157097E+07  0.000000E+00  0.118265E+07
  0.128200E-03  0.118265E+07  0.118264E+07  0.157068E+07  0.157055E+07  0.000000E+00  0.118265E+07
  0.132545E-03  0.118264E+07  0.118264E+07  0.157025E+07  0.157011E+07  0.000000E+00  0.118264E+07
  0.137038E-03  0.118263E+07  0.118263E+07  0.156979E+07  0.156964E+07  0.000000E+00  0.118263E+07
  0.141683E-03  0.118262E+07  0.118262E+07  0.156929E+07  0.156913E+07  0.000000E+00  0.118262E+07
  0.146485E-03  0.118262E+07  0.118261E+07  0.156876E+07  0.156859E+07  0.000000E+00  0.118261E+07
  0.151450E-03  0.118261E+07  0.118260E+07  0.156819E+07  0.156801E+07  0.000000E+00  0.118261E+07
  0.156583E-03  0.118260E+07  0.118259E+07  0.156759E+07  0.156739E+07  0.000000E+00  0.118260E+07
  0.161891E-03  0.118258E+07  0.118258E+07  0.156694E+07  0.156673E+07  0.000000E+00  0.118258E+07
  0.167378E-03  0.118257E+07  0.118257E+07  0.156625E+07  0.156603E+07  0.000000E+00  0.118257E+07
  0.173051E-03  0.118256E+07  0.118255E+07  0.156551E+07  0.156527E+07  0.000000E+00  0.118256E+07
  0.178917E-03  0.118255E+07  0.118254E+07  0.156472E+07  0.156447E+07  0.000000E+00  0.118255E+07
  0.184981E-03  0.118253E+07  0.118253E+07  0.156388E+07  0.156360E+07  0.000000E+00  0.118253E+07
  0.191251E-03  0.118252E+07  0.118251E+07  0.156297E+07  0.156268E+07  0.000000E+00  0.118252E+07
  0.197734E-03  0.118250E+07  0.118250E+07  0.156201E+07  0.156170E+07  0.000000E+00  0.118250E+07
  0.204436E-03  0.118249E+07  0.118248E+07  0.156098E+07  0.156065E+07  0.000000E+00  0.118249E+07
  0.211366E-03  0.118247E+07  0.118246E+07  0.155988E+07  0.155953E+07  0.000000E+00  0.118247E+07
  0.218530E-03  0.118245E+07  0.118244E+07  0.155871E+07  0.155833E+07  0.000000E+00  0.118245E+07
  0.225937E-03  0.118243E+07  0.118242E+07  0.155746E+07  0.155705E+07  0.000000E+00  0.118243E+07
  0.233595E-03  0.118241E+07  0.118239E+07  0.155612E+07  0.155569E+07  0.000000E+00  0.118240E+07
  0.241513E-03  0.118238E+07  0.118237E+07  0.155469E+07  0.155423E+07  0.000000E+00  0.118238E+07
  0.249699E-03  0.118236E+07  0.118234E+07  0.155316E+07  0.155267E+07  0.000000E+00  0.118236E+07
  0.258162E-03  0.118233E+07  0.118231E+07  0.155153E+07  0.155101E+07  0.000000E+00  0.118233E+07
  0.266913E-03  0.118230E+07  0.118228E+07  0.154978E+07  0.154923E+07  0.000000E+00  0.118230E+07
  0.275960E-03  0.118227E+07  0.118225E+07  0.154792E+07  0.154733E+07  0.000000E+00  0.118227E+07
  0.285314E-03  0.118224E+07  0.118222E+07  0.154594E+07  0.154530E+07  0.000000E+00  0.118223E+07
  0.294984E-03  0.118220E+07  0.118218E+07  0.154382E+07  0.154314E+07  0.000000E+00  0.118220E+07
  0.304983E-03  0.118216E+07  0.118214E+07  0.154155E+07  0.154083E+07  0.000000E+00  0.118216E+07
  0.315320E-03  0.118212E+07  0.118210E+07  0.153914E+07  0.153837E+07  0.000000E+00  0.118212E+07
  0.326008E-03  0.118208E+07  0.118206E+07  0.153656E+07  0.153574E+07  0.000000E+00  0.118208E+07
  0.337058E-03  0.118203E+07  0.118201E+07  0.153380E+07  0.153293E+07  0.000000E+00  0.118203E+07
  0.348483E-03  0.118198E+07  0.118196E+07  0.153087E+07  0.152993E+07  0.000000E+00  0.118198E+07
  0.360295E-03  0.118193E+07  0.118190E+07  0.152773E+07  0.152674E+07  0.000000E+00  0.118193E+07
  0.372507E-03  0.118187E+07  0.118184E+07  0.152439E+07  0.152333E+07  0.000000E+00  0.118187E+07
  0.385133E-03  0.118181E+07  0.118178E+07  0.152082E+07  0.151969E+07  0.000000E+00  0.118181E+07
  0.398187E-03  0.118175E+07  0.118172E+07  0.151702E+07  0.151581E+07  0.000000E+00  0.118175E+07
  0.411684E-03  0.118168E+07  0.118164E+07  0.151296E+07  0.151167E+07  0.000000E+00  0.118168E+07
  0.425638E-03  0.118161E+07  0.118157E+07  0.150863E+07  0.150726E+07  0.000000E+00  0.118160E+07
  0.440065E-03  0.118153E+07  0.118149E+07  0.150402E+07  0.150256E+07  0.000000E+00  0.118153E+07
  0.454981E-03  0.118144E+07  0.118140E+07  0.149911E+07  0.149755E+07  0.000000E+00  0.118144E+07
  0.470403E-03  0.118135E+07  0.118131E+07  0.149387E+07  0.149221E+07  0.000000E+00  0.118135E+07
  0.486347E-03  0.118126E+07  0.118121E+07  0.148829E+07  0.148653E+07  0.000000E+00  0.118126E+07
  0.502832E-03  0.118116E+07  0.118110E+07  0.148234E+07  0.148047E+07  0.000000E+00  0.118115E+07
  0.519875E-03  0.118105E+07  0.118099E+07  0.147602E+07  0.147402E+07  0.000000E+00  0.118105E+07
  0.537497E-03  0.118093E+07  0.118087E+07  0.146928E+07  0.146716E+07  0.000000E+00  0.118093E+07
  0.555715E-03  0.118081E+07  0.118074E+07  0.146211E+07  0.145986E+07  0.000000E+00  0.118080E+07
  0.574551E-03  0.118067E+07  0.118060E+07  0.145447E+07  0.145209E+07  0.000000E+00  0.118067E+07
  0.594026E-03  0.118053E+07  0.118046E+07  0.144636E+07  0.144382E+07  0.000000E+00  0.118053E+07
  0.614160E-03  0.118038E+07  0.118030E+07  0.143773E+07  0.143504E+07  0.000000E+00  0.118038E+07
  0.634977E-03  0.118022E+07  0.118013E+07  0.142856E+07  0.142570E+07  0.000000E+00  0.118021E+07
  0.656500E-03  0.118004E+07  0.117995E+07  0.141881E+07  0.141579E+07  0.000000E+00  0.118004E+07
  0.678752E-03  0.117986E+07  0.117976E+07  0.140846E+07  0.140526E+07  0.000000E+00  0.117986E+07
  0.701758E-03  0.117966E+07  0.117956E+07  0.139748E+07  0.139408E+07  0.000000E+00  0.117966E+07
  0.725544E-03  0.117945E+07  0.117934E+07  0.138582E+07  0.138223E+07  0.000000E+00  0.117945E+07
  0.750137E-03  0.117923E+07  0.117911E+07  0.137346E+07  0.136967E+07  0.000000E+00  0.117922E+07
  0.775563E-03  0.117899E+07  0.117886E+07  0.136036E+07  0.135635E+07  0.000000E+00  0.117899E+07
  0.801851E-03  0.117873E+07  0.117860E+07  0.134649E+07  0.134226E+07  0.000000E+00  0.117873E+07
  0.829029E-03  0.117846E+07  0.117832E+07  0.133180E+07  0.132734E+07  0.000000E+00  0.117846E+07
  0.857129E-03  0.117817E+07  0.117802E+07  0.131626E+07  0.131156E+07  0.000000E+00  0.117817E+07
  0.886182E-03  0.117786E+07  0.117770E+07  0.129984E+07  0.129490E+07  0.000000E+00  0.117786E+07
  0.916219E-03  0.117753E+07  0.117736E+07  0.128250E+07  0.127730E+07  0.000000E+00  0.117753E+07
  0.947274E-03  0.117718E+07  0.117699E+07  0.126419E+07  0.125874E+07  0.000000E+00  0.117717E+07
  0.979383E-03  0.117680E+07  0.117660E+07  0.124490E+07  0.123917E+07  0.000000E+00  0.117680E+07
  0.101258E-02  0.117640E+07  0.117619E+07  0.122457E+07  0.121858E+07  0.000000E+00  0.117640E+07
  0.104690E-02  0.117598E+07  0.117575E+07  0.120319E+07  0.119692E+07  0.000000E+00  0.117597E+07
  0.108239E-02  0.117553E+07  0.117528E+07  0.118071E+07  0.117417E+07  0.000000E+00  0.117552E+07
  0.111907E-02  0.117504E+07  0.117478E+07  0.115712E+07  0.115031E+07  0.000000E+00  0.117503E+07
  0.115700E-02  0.117453E+07  0.117425E+07  0.113238E+07  0.112530E+07  0.000000E+00  0.117452E+07
  0.119622E-02  0.117398E+07  0.117368E+07  0.110649E+07  0.109915E+07  0.000000E+00  0.117397E+07
  0.123677E-02  0.117340E+07  0.117308E+07  0.107942E+07  0.107182E+07  0.000000E+00  0.117339E+07
  0.127869E-02  0.117278E+07  0.117244E+07  0.105118E+07  0.104333E+07  0.000000E+00  0.117277E+07
  0.132203E-02  0.117212E+07  0.117176E+07  0.102176E+07  0.101368E+07  0.000000E+00  0.117211E+07
  0.136684E-02  0.117142E+07  0.117103E+07  0.991160E+06  0.982866E+06  0.000000E+00  0.117141E+07
  0.141317E-02  0.117067E+07  0.117026E+07  0.959412E+06  0.950925E+06  0.000000E+00  0.117066E+07
  0.146107E-02  0.116988E+07  0.116944E+07  0.926538E+06  0.917886E+06  0.000000E+00  0.116987E+07
  0.151059E-02  0.116904E+07  0.116857E+07  0.892582E+06  0.883795E+06  0.000000E+00  0.116903E+07
  0.156179E-02  0.116815E+07  0.116765E+07  0.857595E+06  0.848709E+06  0.000000E+00  0.116814E+07
  0.161473E-02  0.116721E+07  0.116667E+07  0.821646E+06  0.812705E+06  0.000000E+00  0.116719E+07
  0.166946E-02  0.116620E+07  0.116563E+07  0.784821E+06  0.775870E+06  0.000000E+00  0.116619E+07
  0.172605E-02  0.116514E+07  0.116453E+07  0.747218E+06  0.738311E+06  0.000000E+00  0.116512E+07
  0.178455E-02  0.116402E+07  0.116336E+07  0.708958E+06  0.700153E+06  0.000000E+00  0.116400E+07
  0.184504E-02  0.116282E+07  0.116212E+07  0.670176E+06  0.661538E+06  0.000000E+00  0.116280E+07
  0.190758E-02  0.116156E+07  0.116081E+07  0.631030E+06  0.622626E+06  0.000000E+00  0.116154E+07
  0.197223E-02  0.116023E+07  0.115943E+07  0.591694E+06  0.583598E+06  0.000000E+00  0.116020E+07
  0.203908E-02  0.115882E+07  0.115796E+07  0.552362E+06  0.544650E+06  0.000000E+00  0.115879E+07
  0.210820E-02  0.115733E+07  0.115642E+07  0.513248E+06  0.505999E+06  0.000000E+00  0.115730E+07
  0.217966E-02  0.115576E+07  0.115478E+07  0.474578E+06  0.467872E+06  0.000000E+00  0.115573E+07
  0.225354E-02  0.115410E+07  0.115306E+07  0.436598E+06  0.430513E+06  0.000000E+00  0.115407E+07
  0.232992E-02  0.115235E+07  0.115124E+07  0.399562E+06  0.394173E+06  0.000000E+00  0.115232E+07
  0.240889E-02  0.115051E+07  0.114933E+07  0.363730E+06  0.359108E+06  0.000000E+00  0.115047E+07
  0.249054E-02  0.114857E+07  0.114731E+07  0.329368E+06  0.325573E+06  0.000000E+00  0.114853E+07
  0.257496E-02  0.114654E+07  0.114519E+07  0.296736E+06  0.293819E+06  0.000000E+00  0.114650E+07
  0.266224E-02  0.114440E+07  0.114296E+07  0.266085E+06  0.264079E+06  0.000000E+00  0.114435E+07
  0.275248E-02  0.114215E+07  0.114062E+07  0.237646E+06  0.236568E+06  0.000000E+00  0.114211E+07
  0.284577E-02  0.113980E+07  0.113817E+07  0.211624E+06  0.211468E+06  0.000000E+00  0.113975E+07
  0.294223E-02  0.113733E+07  0.113559E+07  0.188187E+06  0.188921E+06  0.000000E+00  0.113728E+07
  0.304196E-02  0.113475E+07  0.113290E+07  0.167456E+06  0.169024E+06  0.000000E+00  0.113469E+07
  0.314506E-02  0.113205E+07  0.113007E+07  0.149497E+06  0.151812E+06  0.000000E+00  0.113199E+07
  0.325166E-02  0.112923E+07  0.112712E+07  0.134314E+06  0.137259E+06  0.000000E+00  0.112916E+07
  0.336188E-02  0.112628E+07  0.112404E+07  0.121839E+06  0.125270E+06  0.000000E+00  0.112621E+07
  0.347583E-02  0.112321E+07  0.112082E+07  0.111928E+06  0.115675E+06  0.000000E+00  0.112314E+07
  0.359365E-02  0.112001E+07  0.111746E+07  0.104362E+06  0.108236E+06  0.000000E+00  0.111993E+07
  0.371545E-02  0.111668E+07  0.111396E+07  0.988463E+05  0.102645E+06  0.000000E+00  0.111660E+07
  0.384139E-02  0.111322E+07  0.111032E+07  0.950206E+05  0.985405E+05  0.000000E+00  0.111312E+07
  0.397159E-02  0.110962E+07  0.110654E+07  0.924708E+05  0.955168E+05  0.000000E+00  0.110952E+07
  0.410621E-02  0.110588E+07  0.110260E+07  0.907479E+05  0.931487E+05  0.000000E+00  0.110577E+07
  0.424539E-02  0.110200E+07  0.109851E+07  0.893918E+05  0.910139E+05  0.000000E+00  0.110189E+07
  0.438929E-02  0.109798E+07  0.109426E+07  0.879600E+05  0.887218E+05  0.000000E+00  0.109786E+07
  0.453806E-02  0.109381E+07  0.108986E+07  0.860600E+05  0.859432E+05  0.000000E+00  0.109369E+07
  0.469188E-02  0.108950E+07  0.108529E+07  0.833810E+05  0.824384E+05  0.000000E+00  0.108936E+07
  0.485091E-02  0.108503E+07  0.108056E+07  0.797239E+05  0.780811E+05  0.000000E+00  0.108489E+07
  0.501534E-02  0.108042E+07  0.107566E+07  0.750248E+05  0.728731E+05  0.000000E+00  0.108027E+07
  0.518533E-02  0.107565E+07  0.107059E+07  0.693671E+05  0.669479E+05  0.000000E+00  0.107549E+07
  0.536109E-02  0.107072E+07  0.106535E+07  0.629797E+05  0.605587E+05  0.000000E+00  0.107055E+07
  0.554280E-02  0.106563E+07  0.105992E+07  0.562171E+05  0.540497E+05  0.000000E+00  0.106545E+07
  0.573068E-02  0.106038E+07  0.105432E+07  0.495201E+05  0.478122E+05  0.000000E+00  0.106019E+07
  0.592492E-02  0.105497E+07  0.104853E+07  0.433601E+05  0.422277E+05  0.000000E+00  0.105477E+07
  0.612574E-02  0.104939E+07  0.104255E+07  0.381703E+05  0.376062E+05  0.000000E+00  0.104917E+07
  0.633338E-02  0.104364E+07  0.103638E+07  0.342730E+05  0.341291E+05  0.000000E+00  0.104341E+07
  0.654805E-02  0.103771E+07  0.103001E+07  0.318160E+05  0.318082E+05  0.000000E+00  0.103747E+07
  0.677000E-02  0.103162E+07  0.102345E+07  0.307308E+05  0.304726E+05  0.000000E+00  0.103136E+07
  0.699947E-02  0.102535E+07  0.101669E+07  0.000000E+00  0.000000E+00  0.000000E+00  0.102507E+07
  0.723671E-02  0.101890E+07  0.100972E+07  0.000000E+00  0.000000E+00  0.000000E+00  0.101861E+07
  0.748200E-02  0.101227E+07  0.100254E+07  0.000000E+00  0.000000E+00  0.000000E+00  0.101196E+07
  0.773561E-02  0.100546E+07  0.995154E+06  0.000000E+00  0.000000E+00  0.000000E+00  0.100514E+07
  0.799781E-02  0.998470E+06  0.987556E+06  0.000000E+00  0.000000E+00  0.000000E+00  0.998126E+06
  0.826889E-02  0.991295E+06  0.979743E+06  0.000000E+00  0.000000E+00  0.000000E+00  0.990931E+06
  0.854917E-02  0.983936E+06  0.971714E+06  0.000000E+00  0.000000E+00  0.000000E+00  0.983551E+06
  0.883894E-02  0.976390E+06  0.963464E+06  0.000000E+00  0.000000E+00  0.000000E+00  0.975983E+06
  0.913854E-02  0.968657E+06  0.954993E+06  0.000000E+00  0.000000E+00  0.000000E+00  0.968227E+06
  0.944829E-02  0.960736E+06  0.946299E+06  0.000000E+00  0.000000E+00  0.000000E+00  0.960282E+06
  0.976854E-02  0.952626E+06  0.937380E+06  0.000000E+00  0.000000E+00  0.000000E+00  0.952146E+06
  0.100996E-01  0.944327E+06  0.928234E+06  0.000000E+00  0.000000E+00  0.000000E+00  0.943820E+06
  0.104420E-01  0.935836E+06  0.918860E+06  0.000000E+00  0.000000E+00  0.000000E+00  0.935302E+06
  0.107959E-01  0.927156E+06  0.909258E+06  0.000000E+00  0.000000E+00  0.000000E+00  0.926592E+06
  0.111618E-01  0.918285E+06  0.899426E+06  0.000000E+00  0.000000E+00  0.000000E+00  0.917691E+06
  0.115402E-01  0.909223E+06  0.889366E+06  0.000000E+00  0.000000E+00  0.000000E+00  0.908597E+06
  0.119313E-01  0.899970E+06  0.879076E+06  0.000000E+00  0.000000E+00  0.000000E+00  0.899312E+06
  0.123357E-01  0.890528E+06  0.868558E+06  0.000000E+00  0.000000E+00  0.000000E+00  0.889836E+06
  0.127539E-01  0.880896E+06  0.857812E+06  0.000000E+00  0.000000E+00  0.000000E+00  0.880169E+06
  0.131862E-01  0.871075E+06  0.846842E+06  0.000000E+00  0.000000E+00  0.000000E+00  0.870312E+06
  0.136331E-01  0.861068E+06  0.835649E+06  0.000000E+00  0.000000E+00  0.000000E+00  0.860267E+06
  0.140952E-01  0.850874E+06  0.824236E+06  0.000000E+00  0.000000E+00  0.000000E+00  0.850035E+06
  0.145730E-01  0.840497E+06  0.812607E+06  0.000000E+00  0.000000E+00  0.000000E+00  0.839618E+06
  0.150669E-01  0.829937E+06  0.800767E+06  0.000000E+00  0.000000E+00  0.000000E+00  0.829019E+06
  0.155776E-01  0.819199E+06  0.788722E+06  0.000000E+00  0.000000E+00  0.000000E+00  0.818239E+06
  0.161056E-01  0.808283E+06  0.776479E+06  0.000000E+00  0.000000E+00  0.000000E+00  0.807282E+06
  0.166515E-01  0.797195E+06  0.764044E+06  0.000000E+00  0.000000E+00  0.000000E+00  0.796151E+06
  0.172159E-01  0.785937E+06  0.751429E+06  0.000000E+00  0.000000E+00  0.000000E+00  0.784850E+06
  0.177994E-01  0.774514E+06  0.738642E+06  0.000000E+00  0.000000E+00  0.000000E+00  0.773384E+06
  0.184028E-01  0.762930E+06  0.725695E+06  0.000000E+00  0.000000E+00  0.000000E+00  0.761758E+06
  0.190265E-01  0.751192E+06  0.712602E+06  0.000000E+00  0.000000E+00  0.000000E+00  0.749976E+06
  0.196714E-01  0.739305E+06  0.699377E+06  0.000000E+00  0.000000E+00  0.000000E+00  0.738047E+06
  0.203382E-01  0.727275E+06  0.686037E+06  0.000000E+00  0.000000E+00  0.000000E+00  0.725976E+06
  0.210276E-01  0.715110E+06  0.672598E+06  0.000000E+00  0.000000E+00  0.000000E+00  0.713771E+06
  0.217403E-01  0.702819E+06  0.659082E+06  0.000000E+00  0.000000E+00  0.000000E+00  0.701441E+06
  0.224772E-01  0.690409E+06  0.645509E+06  0.000000E+00  0.000000E+00  0.000000E+00  0.688995E+06
  0.232390E-01  0.677892E+06  0.631902E+06  0.000000E+00  0.000000E+00  0.000000E+00  0.676443E+06
  0.240267E-01  0.665276E+06  0.618286E+06  0.000000E+00  0.000000E+00  0.000000E+00  0.663796E+06
  0.248411E-01  0.652575E+06  0.604688E+06  0.000000E+00  0.000000E+00  0.000000E+00  0.651067E+06
  0.256831E-01  0.639800E+06  0.591134E+06  0.000000E+00  0.000000E+00  0.000000E+00  0.638267E+06
  0.265537E-01  0.626964E+06  0.577654E+06  0.000000E+00  0.000000E+00  0.000000E+00  0.625411E+06
  0.274537E-01  0.614083E+06  0.564278E+06  0.000000E+00  0.000000E+00  0.000000E+00  0.612515E+06
  0.283842E-01  0.601172E+06  0.551037E+06  0.000000E+00  0.000000E+00  0.000000E+00  0.599593E+06
  0.293463E-01  0.588246E+06  0.537962E+06  0.000000E+00  0.000000E+00  0.000000E+00  0.586663E+06
  0.303410E-01  0.575324E+06  0.525084E+06  0.000000E+00  0.000000E+00  0.000000E+00  0.573742E+06
  0.313694E-01  0.562424E+06  0.512433E+06  0.000000E+00  0.000000E+00  0.000000E+00  0.560849E+06
  0.324327E-01  0.549562E+06  0.500037E+06  0.000000E+00  0.000000E+00  0.000000E+00  0.548003E+06
  0.335320E-01  0.536760E+06  0.487923E+06  0.000000E+00  0.000000E+00  0.000000E+00  0.535222E+06
  0.346686E-01  0.524037E+06  0.476114E+06  0.000000E+00  0.000000E+00  0.000000E+00  0.522527E+06
  0.358437E-01  0.511409E+06  0.464628E+06  0.000000E+00  0.000000E+00  0.000000E+00  0.509936E+06
  0.370586E-01  0.498896E+06  0.453479E+06  0.000000E+00  0.000000E+00  0.000000E+00  0.497466E+06
  0.383147E-01  0.486470E+06  0.442626E+06  0.000000E+00  0.000000E+00  0.000000E+00  0.485089E+06
  0.396134E-01  0.474113E+06  0.432036E+06  0.000000E+00  0.000000E+00  0.000000E+00  0.472788E+06
  0.409561E-01  0.461933E+06  0.421797E+06  0.000000E+00  0.000000E+00  0.000000E+00  0.460669E+06
  0.423443E-01  0.449947E+06  0.411899E+06  0.000000E+00  0.000000E+00  0.000000E+00  0.448749E+06
  0.437796E-01  0.438161E+06  0.402313E+06  0.000000E+00  0.000000E+00  0.000000E+00  0.437032E+06
  0.452635E-01  0.426572E+06  0.392995E+06  0.000000E+00  0.000000E+00  0.000000E+00  0.425515E+06
  0.467977E-01  0.415168E+06  0.383885E+06  0.000000E+00  0.000000E+00  0.000000E+00  0.414183E+06
  0.483839E-01  0.403930E+06  0.374913E+06  0.000000E+00  0.000000E+00  0.000000E+00  0.403016E+06
  0.500239E-01  0.392836E+06  0.366003E+06  0.000000E+00  0.000000E+00  0.000000E+00  0.391991E+06
  0.517194E-01  0.381871E+06  0.357085E+06  0.000000E+00  0.000000E+00  0.000000E+00  0.381090E+06
  0.534725E-01  0.371024E+06  0.348097E+06  0.000000E+00  0.000000E+00  0.000000E+00  0.370302E+06
  0.552850E-01  0.360297E+06  0.338991E+06  0.000000E+00  0.000000E+00  0.000000E+00  0.359626E+06
  0.571588E-01  0.349711E+06  0.329752E+06  0.000000E+00  0.000000E+00  0.000000E+00  0.349083E+06
  0.590963E-01  0.339324E+06  0.320409E+06  0.000000E+00  0.000000E+00  0.000000E+00  0.338728E+06
  0.610993E-01  0.329395E+06  0.311229E+06  0.000000E+00  0.000000E+00  0.000000E+00  0.328823E+06
  0.631703E-01  0.319333E+06  0.301586E+06  0.000000E+00  0.000000E+00  0.000000E+00  0.318774E+06
  0.653114E-01  0.309399E+06  0.291780E+06  0.000000E+00  0.000000E+00  0.000000E+00  0.308844E+06
  0.675252E-01  0.299586E+06  0.281842E+06  0.000000E+00  0.000000E+00  0.000000E+00  0.299027E+06
  0.698139E-01  0.289891E+06  0.271829E+06  0.000000E+00  0.000000E+00  0.000000E+00  0.289322E+06
  0.721803E-01  0.280324E+06  0.261826E+06  0.000000E+00  0.000000E+00  0.000000E+00  0.279742E+06
  0.746268E-01  0.270913E+06  0.251945E+06  0.000000E+00  0.000000E+00  0.000000E+00  0.270315E+06
  0.771564E-01  0.261695E+06  0.242317E+06  0.000000E+00  0.000000E+00  0.000000E+00  0.261084E+06
  0.797716E-01  0.252712E+06  0.233071E+06  0.000000E+00  0.000000E+00  0.000000E+00  0.252093E+06
  0.824755E-01  0.243993E+06  0.224314E+06  0.000000E+00  0.000000E+00  0.000000E+00  0.243373E+06
  0.852709E-01  0.235548E+06  0.216107E+06  0.000000E+00  0.000000E+00  0.000000E+00  0.234936E+06
  0.881612E-01  0.227368E+06  0.208466E+06  0.000000E+00  0.000000E+00  0.000000E+00  0.226772E+06
  0.911495E-01  0.219431E+06  0.201358E+06  0.000000E+00  0.000000E+00  0.000000E+00  0.218862E+06
  0.942390E-01  0.211721E+06  0.194718E+06  0.000000E+00  0.000000E+00  0.000000E+00  0.211186E+06
  0.974333E-01  0.204232E+06  0.188460E+06  0.000000E+00  0.000000E+00  0.000000E+00  0.203735E+06
  0.100736E+00  0.196960E+06  0.182477E+06  0.000000E+00  0.000000E+00  0.000000E+00  0.196504E+06
  0.104150E+00  0.189893E+06  0.176646E+06  0.000000E+00  0.000000E+00  0.000000E+00  0.189476E+06
  0.107680E+00  0.183006E+06  0.170837E+06  0.000000E+00  0.000000E+00  0.000000E+00  0.182623E+06
  0.111330E+00  0.176269E+06  0.164941E+06  0.000000E+00  0.000000E+00  0.000000E+00  0.175912E+06
  0.115104E+00  0.169666E+06  0.158904E+06  0.000000E+00  0.000000E+00  0.000000E+00  0.169327E+06
  0.119005E+00  0.163198E+06  0.152739E+06  0.000000E+00  0.000000E+00  0.000000E+00  0.162868E+06
  0.123039E+00  0.156876E+06  0.146514E+06  0.000000E+00  0.000000E+00  0.000000E+00  0.156550E+06
  0.127209E+00  0.150710E+06  0.140334E+06  0.000000E+00  0.000000E+00  0.000000E+00  0.150383E+06
  0.131521E+00  0.144709E+06  0.134318E+06  0.000000E+00  0.000000E+00  0.000000E+00  0.144382E+06
  0.135979E+00  0.138904E+06  0.128595E+06  0.000000E+00  0.000000E+00  0.000000E+00  0.138579E+06
  0.140588E+00  0.133329E+06  0.123266E+06  0.000000E+00  0.000000E+00  0.000000E+00  0.133012E+06
  0.145353E+00  0.127998E+06  0.118353E+06  0.000000E+00  0.000000E+00  0.000000E+00  0.127694E+06
  0.150280E+00  0.122882E+06  0.113788E+06  0.000000E+00  0.000000E+00  0.000000E+00  0.122596E+06
  0.155374E+00  0.117946E+06  0.109453E+06  0.000000E+00  0.000000E+00  0.000000E+00  0.117678E+06
  0.160640E+00  0.113169E+06  0.105240E+06  0.000000E+00  0.000000E+00  0.000000E+00  0.112919E+06
  0.166085E+00  0.108540E+06  0.101071E+06  0.000000E+00  0.000000E+00  0.000000E+00  0.108305E+06
  0.171715E+00  0.104039E+06  0.968985E+05  0.000000E+00  0.000000E+00  0.000000E+00  0.103814E+06
  0.177535E+00  0.996593E+05  0.927400E+05  0.000000E+00  0.000000E+00  0.000000E+00  0.994414E+05
  0.183553E+00  0.954185E+05  0.886709E+05  0.000000E+00  0.000000E+00  0.000000E+00  0.952060E+05
  0.189774E+00  0.913336E+05  0.847721E+05  0.000000E+00  0.000000E+00  0.000000E+00  0.911270E+05
  0.196206E+00  0.874113E+05  0.810899E+05  0.000000E+00  0.000000E+00  0.000000E+00  0.872122E+05
  0.202857E+00  0.836563E+05  0.776300E+05  0.000000E+00  0.000000E+00  0.000000E+00  0.834665E+05
  0.209733E+00  0.800534E+05  0.743462E+05  0.000000E+00  0.000000E+00  0.000000E+00  0.798736E+05
  0.216842E+00  0.765772E+05  0.711710E+05  0.000000E+00  0.000000E+00  0.000000E+00  0.764070E+05
  0.224192E+00  0.732259E+05  0.680761E+05  0.000000E+00  0.000000E+00  0.000000E+00  0.730637E+05
  0.231791E+00  0.699991E+05  0.650624E+05  0.000000E+00  0.000000E+00  0.000000E+00  0.698436E+05
  0.239647E+00  0.668844E+05  0.621391E+05  0.000000E+00  0.000000E+00  0.000000E+00  0.667349E+05
  0.247770E+00  0.638913E+05  0.593395E+05  0.000000E+00  0.000000E+00  0.000000E+00  0.637479E+05
  0.256168E+00  0.610257E+05  0.566787E+05  0.000000E+00  0.000000E+00  0.000000E+00  0.608888E+05
  0.264851E+00  0.582735E+05  0.541347E+05  0.000000E+00  0.000000E+00  0.000000E+00  0.581432E+05
  0.273828E+00  0.556336E+05  0.516926E+05  0.000000E+00  0.000000E+00  0.000000E+00  0.555095E+05
  0.283110E+00  0.530988E+05  0.493388E+05  0.000000E+00  0.000000E+00  0.000000E+00  0.529804E+05
  0.292706E+00  0.506625E+05  0.470702E+05  0.000000E+00  0.000000E+00  0.000000E+00  0.505494E+05
  0.302627E+00  0.483279E+05  0.448975E+05  0.000000E+00  0.000000E+00  0.000000E+00  0.482199E+05
  0.312884E+00  0.460891E+05  0.428180E+05  0.000000E+00  0.000000E+00  0.000000E+00  0.459861E+05
  0.323490E+00  0.439454E+05  0.408288E+05  0.000000E+00  0.000000E+00  0.000000E+00  0.438473E+05
  0.334454E+00  0.418903E+05  0.389204E+05  0.000000E+00  0.000000E+00  0.000000E+00  0.417967E+05
  0.345791E+00  0.399225E+05  0.370918E+05  0.000000E+00  0.000000E+00  0.000000E+00  0.398334E+05
  0.357512E+00  0.380377E+05  0.353401E+05  0.000000E+00  0.000000E+00  0.000000E+00  0.379527E+05
  0.369629E+00  0.362345E+05  0.336651E+05  0.000000E+00  0.000000E+00  0.000000E+00  0.361536E+05
  0.382158E+00  0.345085E+05  0.320618E+05  0.000000E+00  0.000000E+00  0.000000E+00  0.344314E+05
  0.395111E+00  0.328583E+05  0.305288E+05  0.000000E+00  0.000000E+00  0.000000E+00  0.327849E+05
  0.408504E+00  0.312795E+05  0.290619E+05  0.000000E+00  0.000000E+00  0.000000E+00  0.312097E+05
  0.422350E+00  0.297715E+05  0.276610E+05  0.000000E+00  0.000000E+00  0.000000E+00  0.297050E+05
  0.436666E+00  0.283297E+05  0.263215E+05  0.000000E+00  0.000000E+00  0.000000E+00  0.282665E+05
  0.451466E+00  0.269530E+05  0.250424E+05  0.000000E+00  0.000000E+00  0.000000E+00  0.268928E+05
  0.466769E+00  0.256382E+05  0.238209E+05  0.000000E+00  0.000000E+00  0.000000E+00  0.255810E+05
  0.482590E+00  0.243827E+05  0.226545E+05  0.000000E+00  0.000000E+00  0.000000E+00  0.243283E+05
  0.498948E+00  0.231846E+05  0.215414E+05  0.000000E+00  0.000000E+00  0.000000E+00  0.231329E+05
  0.515859E+00  0.220413E+05  0.204791E+05  0.000000E+00  0.000000E+00  0.000000E+00  0.219921E+05
  0.533344E+00  0.209501E+05  0.194653E+05  0.000000E+00  0.000000E+00  0.000000E+00  0.209033E+05
  0.551422E+00  0.199093E+05  0.184984E+05  0.000000E+00  0.000000E+00  0.000000E+00  0.198649E+05
  0.570113E+00  0.189169E+05  0.175763E+05  0.000000E+00  0.000000E+00  0.000000E+00  0.188746E+05
  0.589437E+00  0.179706E+05  0.166971E+05  0.000000E+00  0.000000E+00  0.000000E+00  0.179305E+05
  0.609416E+00  0.170686E+05  0.158591E+05  0.000000E+00  0.000000E+00  0.000000E+00  0.170305E+05
  0.630072E+00  0.162090E+05  0.150605E+05  0.000000E+00  0.000000E+00  0.000000E+00  0.161729E+05
  0.651428E+00  0.153903E+05  0.142998E+05  0.000000E+00  0.000000E+00  0.000000E+00  0.153560E+05
  0.673509E+00  0.146107E+05  0.135755E+05  0.000000E+00  0.000000E+00  0.000000E+00  0.145781E+05
  0.696337E+00  0.138685E+05  0.128859E+05  0.000000E+00  0.000000E+00  0.000000E+00  0.138376E+05
  0.719940E+00  0.131620E+05  0.122294E+05  0.000000E+00  0.000000E+00  0.000000E+00  0.131326E+05
  0.744342E+00  0.124896E+05  0.116047E+05  0.000000E+00  0.000000E+00  0.000000E+00  0.124617E+05
  0.769572E+00  0.118496E+05  0.110100E+05  0.000000E+00  0.000000E+00  0.000000E+00  0.118231E+05
  0.795656E+00  0.112406E+05  0.104442E+05  0.000000E+00  0.000000E+00  0.000000E+00  0.112155E+05
  0.822625E+00  0.106612E+05  0.990592E+04  0.000000E+00  0.000000E+00  0.000000E+00  0.106374E+05
  0.850508E+00  0.101102E+05  0.939394E+04  0.000000E+00  0.000000E+00  0.000000E+00  0.100876E+05
  0.879336E+00  0.958621E+04  0.890711E+04  0.000000E+00  0.000000E+00  0.000000E+00  0.956482E+04
  0.909141E+00  0.908820E+04  0.844439E+04  0.000000E+00  0.000000E+00  0.000000E+00  0.906792E+04
  0.939957E+00  0.861496E+04  0.800469E+04  0.000000E+00  0.000000E+00  0.000000E+00  0.859574E+04
  0.971817E+00  0.816525E+04  0.758685E+04  0.000000E+00  0.000000E+00  0.000000E+00  0.814703E+04
  0.100476E+01  0.773791E+04  0.718979E+04  0.000000E+00  0.000000E+00  0.000000E+00  0.772065E+04
  0.103881E+01  0.733195E+04  0.681259E+04  0.000000E+00  0.000000E+00  0.000000E+00  0.731559E+04
  0.107402E+01  0.694632E+04  0.645428E+04  0.000000E+00  0.000000E+00  0.000000E+00  0.693082E+04
  0.111043E+01  0.658017E+04  0.611409E+04  0.000000E+00  0.000000E+00  0.000000E+00  0.656549E+04
  0.114807E+01  0.623257E+04  0.579111E+04  0.000000E+00  0.000000E+00  0.000000E+00  0.621867E+04
  0.118698E+01  0.590266E+04  0.548457E+04  0.000000E+00  0.000000E+00  0.000000E+00  0.588949E+04
  0.122721E+01  0.558952E+04  0.519362E+04  0.000000E+00  0.000000E+00  0.000000E+00  0.557705E+04
  0.126881E+01  0.529231E+04  0.491747E+04  0.000000E+00  0.000000E+00  0.000000E+00  0.528051E+04
  0.131182E+01  0.501032E+04  0.465545E+04  0.000000E+00  0.000000E+00  0.000000E+00  0.499915E+04
  0.135628E+01  0.474281E+04  0.440690E+04  0.000000E+00  0.000000E+00  0.000000E+00  0.473223E+04
  0.140225E+01  0.448910E+04  0.417116E+04  0.000000E+00  0.000000E+00  0.000000E+00  0.447909E+04
  0.144978E+01  0.424846E+04  0.394757E+04  0.000000E+00  0.000000E+00  0.000000E+00  0.423899E+04
  0.149892E+01  0.402026E+04  0.373553E+04  0.000000E+00  0.000000E+00  0.000000E+00  0.401129E+04
  0.154973E+01  0.380389E+04  0.353448E+04  0.000000E+00  0.000000E+00  0.000000E+00  0.379540E+04
  0.160226E+01  0.359878E+04  0.334390E+04  0.000000E+00  0.000000E+00  0.000000E+00  0.359075E+04
  0.165656E+01  0.340438E+04  0.316327E+04  0.000000E+00  0.000000E+00  0.000000E+00  0.339679E+04
  0.171271E+01  0.322013E+04  0.299208E+04  0.000000E+00  0.000000E+00  0.000000E+00  0.321295E+04
  0.177077E+01  0.304554E+04  0.282985E+04  0.000000E+00  0.000000E+00  0.000000E+00  0.303875E+04
  0.183079E+01  0.288014E+04  0.267616E+04  0.000000E+00  0.000000E+00  0.000000E+00  0.287371E+04
  0.189284E+01  0.272345E+04  0.253058E+04  0.000000E+00  0.000000E+00  0.000000E+00  0.271738E+04
  0.195700E+01  0.257504E+04  0.239267E+04  0.000000E+00  0.000000E+00  0.000000E+00  0.256929E+04
  0.202333E+01  0.243448E+04  0.226207E+04  0.000000E+00  0.000000E+00  0.000000E+00  0.242905E+04
  0.209191E+01  0.230138E+04  0.213840E+04  0.000000E+00  0.000000E+00  0.000000E+00  0.229625E+04
  0.216282E+01  0.217536E+04  0.202130E+04  0.000000E+00  0.000000E+00  0.000000E+00  0.217051E+04
  0.223613E+01  0.205604E+04  0.191043E+04  0.000000E+00  0.000000E+00  0.000000E+00  0.205145E+04
  0.231192E+01  0.194309E+04  0.180548E+04  0.000000E+00  0.000000E+00  0.000000E+00  0.193876E+04
  0.239028E+01  0.183617E+04  0.170614E+04  0.000000E+00  0.000000E+00  0.000000E+00  0.183208E+04
  0.247130E+01  0.173499E+04  0.161212E+04  0.000000E+00  0.000000E+00  0.000000E+00  0.173112E+04
  0.255507E+01  0.163923E+04  0.152314E+04  0.000000E+00  0.000000E+00  0.000000E+00  0.163558E+04
  0.264167E+01  0.154863E+04  0.143895E+04  0.000000E+00  0.000000E+00  0.000000E+00  0.154518E+04
  0.273121E+01  0.146292E+04  0.135931E+04  0.000000E+00  0.000000E+00  0.000000E+00  0.145965E+04
  0.282379E+01  0.138183E+04  0.128397E+04  0.000000E+00  0.000000E+00  0.000000E+00  0.137875E+04
  0.291950E+01  0.130514E+04  0.121271E+04  0.000000E+00  0.000000E+00  0.000000E+00  0.130223E+04
  0.301846E+01  0.123260E+04  0.114531E+04  0.000000E+00  0.000000E+00  0.000000E+00  0.122985E+04
  0.312077E+01  0.116401E+04  0.108157E+04  0.000000E+00  0.000000E+00  0.000000E+00  0.116141E+04
  0.322655E+01  0.109915E+04  0.102130E+04  0.000000E+00  0.000000E+00  0.000000E+00  0.109669E+04
  0.333591E+01  0.103781E+04  0.964310E+03  0.000000E+00  0.000000E+00  0.000000E+00  0.103550E+04
  0.344898E+01  0.979827E+03  0.910429E+03  0.000000E+00  0.000000E+00  0.000000E+00  0.977642E+03
  0.356588E+01  0.925011E+03  0.859494E+03  0.000000E+00  0.000000E+00  0.000000E+00  0.922947E+03
  0.368675E+01  0.873194E+03  0.811346E+03  0.000000E+00  0.000000E+00  0.000000E+00  0.871246E+03
  0.381172E+01  0.824221E+03  0.765840E+03  0.000000E+00  0.000000E+00  0.000000E+00  0.822382E+03
  0.394091E+01  0.777942E+03  0.722838E+03  0.000000E+00  0.000000E+00  0.000000E+00  0.776207E+03
  0.407449E+01  0.734210E+03  0.682202E+03  0.000000E+00  0.000000E+00  0.000000E+00  0.732572E+03
  0.421259E+01  0.692891E+03  0.643808E+03  0.000000E+00  0.000000E+00  0.000000E+00  0.691345E+03
  0.435538E+01  0.653850E+03  0.607531E+03  0.000000E+00  0.000000E+00  0.000000E+00  0.652391E+03
  0.450301E+01  0.616967E+03  0.573259E+03  0.000000E+00  0.000000E+00  0.000000E+00  0.615590E+03
  0.465564E+01  0.582123E+03  0.540882E+03  0.000000E+00  0.000000E+00  0.000000E+00  0.580824E+03
  0.481344E+01  0.549211E+03  0.510300E+03  0.000000E+00  0.000000E+00  0.000000E+00  0.547985E+03
  0.497659E+01  0.518124E+03  0.481414E+03  0.000000E+00  0.000000E+00  0.000000E+00  0.516968E+03
  0.514527E+01  0.488767E+03  0.454135E+03  0.000000E+00  0.000000E+00  0.000000E+00  0.487677E+03
  0.531968E+01  0.461045E+03  0.428376E+03  0.000000E+00  0.000000E+00  0.000000E+00  0.460016E+03
  0.549998E+01  0.434870E+03  0.404053E+03  0.000000E+00  0.000000E+00  0.000000E+00  0.433899E+03
  0.568641E+01  0.410155E+03  0.381088E+03  0.000000E+00  0.000000E+00  0.000000E+00  0.409239E+03
  0.587915E+01  0.386821E+03  0.359405E+03  0.000000E+00  0.000000E+00  0.000000E+00  0.385957E+03
  0.607843E+01  0.364790E+03  0.338935E+03  0.000000E+00  0.000000E+00  0.000000E+00  0.363976E+03
  0.628446E+01  0.343994E+03  0.319610E+03  0.000000E+00  0.000000E+00  0.000000E+00  0.343226E+03
  0.649747E+01  0.324365E+03  0.301370E+03  0.000000E+00  0.000000E+00  0.000000E+00  0.323640E+03
  0.671770E+01  0.305838E+03  0.284155E+03  0.000000E+00  0.000000E+00  0.000000E+00  0.305155E+03
  0.694539E+01  0.288354E+03  0.267909E+03  0.000000E+00  0.000000E+00  0.000000E+00  0.287710E+03
  0.718081E+01  0.271855E+03  0.252577E+03  0.000000E+00  0.000000E+00  0.000000E+00  0.271248E+03
  0.742420E+01  0.256285E+03  0.238109E+03  0.000000E+00  0.000000E+00  0.000000E+00  0.255713E+03
  0.767585E+01  0.241593E+03  0.224457E+03  0.000000E+00  0.000000E+00  0.000000E+00  0.241053E+03
  0.793602E+01  0.227730E+03  0.211575E+03  0.000000E+00  0.000000E+00  0.000000E+00  0.227221E+03
  0.820502E+01  0.214651E+03  0.199422E+03  0.000000E+00  0.000000E+00  0.000000E+00  0.214172E+03
  0.848312E+01  0.202314E+03  0.187958E+03  0.000000E+00  0.000000E+00  0.000000E+00  0.201862E+03
  0.877066E+01  0.190676E+03  0.177144E+03  0.000000E+00  0.000000E+00  0.000000E+00  0.190250E+03
  0.906794E+01  0.179698E+03  0.166943E+03  0.000000E+00  0.000000E+00  0.000000E+00  0.179297E+03
  0.937530E+01  0.169343E+03  0.157321E+03  0.000000E+00  0.000000E+00  0.000000E+00  0.168965E+03
  0.969308E+01  0.159577E+03  0.148245E+03  0.000000E+00  0.000000E+00  0.000000E+00  0.159220E+03
  0.100216E+02  0.150366E+03  0.139686E+03  0.000000E+00  0.000000E+00  0.000000E+00  0.150030E+03
  0.103613E+02  0.141681E+03  0.131615E+03  0.000000E+00  0.000000E+00  0.000000E+00  0.141364E+03
  0.107125E+02  0.133491E+03  0.124005E+03  0.000000E+00  0.000000E+00  0.000000E+00  0.133192E+03
  0.110756E+02  0.125768E+03  0.116828E+03  0.000000E+00  0.000000E+00  0.000000E+00  0.125486E+03
  0.114510E+02  0.118486E+03  0.110062E+03  0.000000E+00  0.000000E+00  0.000000E+00  0.118221E+03
  0.118392E+02  0.111620E+03  0.103682E+03  0.000000E+00  0.000000E+00  0.000000E+00  0.111370E+03
  0.122404E+02  0.105148E+03  0.976674E+02  0.000000E+00  0.000000E+00  0.000000E+00  0.104912E+03
  0.126553E+02  0.990467E+02  0.919977E+02  0.000000E+00  0.000000E+00  0.000000E+00  0.988247E+02
  0.130843E+02  0.932953E+02  0.866532E+02  0.000000E+00  0.000000E+00  0.000000E+00  0.930861E+02
  0.135278E+02  0.878734E+02  0.816149E+02  0.000000E+00  0.000000E+00  0.000000E+00  0.876763E+02
  0.139863E+02  0.827631E+02  0.768660E+02  0.000000E+00  0.000000E+00  0.000000E+00  0.825774E+02
  0.144604E+02  0.779467E+02  0.723902E+02  0.000000E+00  0.000000E+00  0.000000E+00  0.777717E+02
  0.149505E+02  0.734077E+02  0.681723E+02  0.000000E+00  0.000000E+00  0.000000E+00  0.732428E+02
  0.154573E+02  0.691299E+02  0.641971E+02  0.000000E+00  0.000000E+00  0.000000E+00  0.689746E+02
  0.159812E+02  0.650985E+02  0.604507E+02  0.000000E+00  0.000000E+00  0.000000E+00  0.649521E+02
  0.165229E+02  0.612997E+02  0.569205E+02  0.000000E+00  0.000000E+00  0.000000E+00  0.611618E+02
  0.170829E+02  0.577203E+02  0.535943E+02  0.000000E+00  0.000000E+00  0.000000E+00  0.575904E+02
  0.176619E+02  0.543479E+02  0.504603E+02  0.000000E+00  0.000000E+00  0.000000E+00  0.542255E+02
  0.182606E+02  0.511702E+02  0.475073E+02  0.000000E+00  0.000000E+00  0.000000E+00  0.510549E+02
  0.188795E+02  0.481765E+02  0.447252E+02  0.000000E+00  0.000000E+00  0.000000E+00  0.480678E+02
  0.195195E+02  0.453561E+02  0.421042E+02  0.000000E+00  0.000000E+00  0.000000E+00  0.452537E+02
  0.201811E+02  0.426994E+02  0.396352E+02  0.000000E+00  0.000000E+00  0.000000E+00  0.426029E+02
  0.208651E+02  0.401966E+02  0.373093E+02  0.000000E+00  0.000000E+00  0.000000E+00  0.401056E+02
  0.215723E+02  0.378390E+02  0.351184E+02  0.000000E+00  0.000000E+00  0.000000E+00  0.377533E+02
  0.223035E+02  0.356184E+02  0.330547E+02  0.000000E+00  0.000000E+00  0.000000E+00  0.355377E+02
  0.230595E+02  0.335270E+02  0.311111E+02  0.000000E+00  0.000000E+00  0.000000E+00  0.334509E+02
  0.238411E+02  0.315571E+02  0.292803E+02  0.000000E+00  0.000000E+00  0.000000E+00  0.314854E+02
  0.246492E+02  0.297019E+02  0.275562E+02  0.000000E+00  0.000000E+00  0.000000E+00  0.296343E+02
  0.254847E+02  0.279548E+02  0.259324E+02  0.000000E+00  0.000000E+00  0.000000E+00  0.278911E+02
  0.263485E+02  0.263095E+02  0.244034E+02  0.000000E+00  0.000000E+00  0.000000E+00  0.262495E+02
  0.272416E+02  0.247602E+02  0.229634E+02  0.000000E+00  0.000000E+00  0.000000E+00  0.247036E+02
  0.281650E+02  0.233013E+02  0.216075E+02  0.000000E+00  0.000000E+00  0.000000E+00  0.232479E+02
  0.291196E+02  0.219277E+02  0.203309E+02  0.000000E+00  0.000000E+00  0.000000E+00  0.218774E+02
  0.301066E+02  0.206342E+02  0.191287E+02  0.000000E+00  0.000000E+00  0.000000E+00  0.205868E+02
  0.311271E+02  0.194164E+02  0.179969E+02  0.000000E+00  0.000000E+00  0.000000E+00  0.193717E+02
  0.321822E+02  0.182700E+02  0.169313E+02  0.000000E+00  0.000000E+00  0.000000E+00  0.182278E+02
  0.332730E+02  0.171906E+02  0.159280E+02  0.000000E+00  0.000000E+00  0.000000E+00  0.171508E+02
  0.344008E+02  0.161744E+02  0.149835E+02  0.000000E+00  0.000000E+00  0.000000E+00  0.161369E+02
  0.355668E+02  0.152179E+02  0.140945E+02  0.000000E+00  0.000000E+00  0.000000E+00  0.151825E+02
  0.367723E+02  0.143175E+02  0.132575E+02  0.000000E+00  0.000000E+00  0.000000E+00  0.142841E+02
  0.380187E+02  0.134699E+02  0.124696E+02  0.000000E+00  0.000000E+00  0.000000E+00  0.134384E+02
  0.393074E+02  0.126720E+02  0.117280E+02  0.000000E+00  0.000000E+00  0.000000E+00  0.126423E+02
  0.406397E+02  0.119211E+02  0.110300E+02  0.000000E+00  0.000000E+00  0.000000E+00  0.118931E+02
  0.420172E+02  0.112143E+02  0.103730E+02  0.000000E+00  0.000000E+00  0.000000E+00  0.111878E+02
  0.434414E+02  0.105491E+02  0.975460E+01  0.000000E+00  0.000000E+00  0.000000E+00  0.105241E+02
  0.449138E+02  0.992311E+01  0.917262E+01  0.000000E+00  0.000000E+00  0.000000E+00  0.989947E+01
  0.464362E+02  0.933393E+01  0.862489E+01  0.000000E+00  0.000000E+00  0.000000E+00  0.931160E+01
  0.480101E+02  0.877951E+01  0.810945E+01  0.000000E+00  0.000000E+00  0.000000E+00  0.875840E+01
  0.496375E+02  0.825774E+01  0.762436E+01  0.000000E+00  0.000000E+00  0.000000E+00  0.823779E+01
  0.513199E+02  0.776678E+01  0.716790E+01  0.000000E+00  0.000000E+00  0.000000E+00  0.774792E+01
  0.530594E+02  0.730478E+01  0.673835E+01  0.000000E+00  0.000000E+00  0.000000E+00  0.728694E+01
  0.548579E+02  0.687007E+01  0.633416E+01  0.000000E+00  0.000000E+00  0.000000E+00  0.685319E+01
  0.567173E+02  0.646105E+01  0.595385E+01  0.000000E+00  0.000000E+00  0.000000E+00  0.644507E+01
  0.586397E+02  0.607621E+01  0.559600E+01  0.000000E+00  0.000000E+00  0.000000E+00  0.606108E+01
  0.606273E+02  0.571413E+01  0.525930E+01  0.000000E+00  0.000000E+00  0.000000E+00  0.569980E+01
  0.626823E+02  0.537347E+01  0.494252E+01  0.000000E+00  0.000000E+00  0.000000E+00  0.535990E+01
  0.648069E+02  0.505299E+01  0.464448E+01  0.000000E+00  0.000000E+00  0.000000E+00  0.504012E+01
  0.670036E+02  0.475148E+01  0.436407E+01  0.000000E+00  0.000000E+00  0.000000E+00  0.473928E+01
  0.692747E+02  0.446785E+01  0.410029E+01  0.000000E+00  0.000000E+00  0.000000E+00  0.445627E+01
  0.716227E+02  0.420104E+01  0.385212E+01  0.000000E+00  0.000000E+00  0.000000E+00  0.419005E+01
  0.740504E+02  0.395005E+01  0.361867E+01  0.000000E+00  0.000000E+00  0.000000E+00  0.393961E+01
  0.765604E+02  0.371396E+01  0.339906E+01  0.000000E+00  0.000000E+00  0.000000E+00  0.370404E+01
  0.791553E+02  0.349188E+01  0.319249E+01  0.000000E+00  0.000000E+00  0.000000E+00  0.348245E+01
  0.818384E+02  0.328300E+01  0.299817E+01  0.000000E+00  0.000000E+00  0.000000E+00  0.327403E+01
  0.846122E+02  0.308653E+01  0.281539E+01  0.000000E+00  0.000000E+00  0.000000E+00  0.307799E+01
  0.874802E+02  0.290175E+01  0.264347E+01  0.000000E+00  0.000000E+00  0.000000E+00  0.289361E+01
  0.904453E+02  0.272795E+01  0.248177E+01  0.000000E+00  0.000000E+00  0.000000E+00  0.272020E+01
  0.935109E+02  0.256450E+01  0.232968E+01  0.000000E+00  0.000000E+00  0.000000E+00  0.255711E+01
  0.966806E+02  0.241078E+01  0.218664E+01  0.000000E+00  0.000000E+00  0.000000E+00  0.240372E+01
  0.999576E+02  0.226621E+01  0.205211E+01  0.000000E+00  0.000000E+00  0.000000E+00  0.225947E+01
  0.103346E+03  0.213026E+01  0.192560E+01  0.000000E+00  0.000000E+00  0.000000E+00  0.212382E+01
  0.106849E+03  0.200241E+01  0.180661E+01  0.000000E+00  0.000000E+00  0.000000E+00  0.199625E+01
  0.110470E+03  0.188219E+01  0.169472E+01  0.000000E+00  0.000000E+00  0.000000E+00  0.187629E+01
  0.114215E+03  0.176914E+01  0.158950E+01  0.000000E+00  0.000000E+00  0.000000E+00  0.176349E+01
  0.118086E+03  0.166284E+01  0.149056E+01  0.000000E+00  0.000000E+00  0.000000E+00  0.165742E+01
  0.122089E+03  0.156288E+01  0.139752E+01  0.000000E+00  0.000000E+00  0.000000E+00  0.155768E+01
  0.126227E+03  0.146890E+01  0.131004E+01  0.000000E+00  0.000000E+00  0.000000E+00  0.146390E+01
  0.130505E+03  0.138054E+01  0.122779E+01  0.000000E+00  0.000000E+00  0.000000E+00  0.137572E+01
  0.134928E+03  0.129745E+01  0.115045E+01  0.000000E+00  0.000000E+00  0.000000E+00  0.129282E+01
  0.139502E+03  0.121933E+01  0.107774E+01  0.000000E+00  0.000000E+00  0.000000E+00  0.121487E+01
  0.144230E+03  0.114589E+01  0.100938E+01  0.000000E+00  0.000000E+00  0.000000E+00  0.114159E+01
  0.149119E+03  0.107684E+01  0.945122E+00  0.000000E+00  0.000000E+00  0.000000E+00  0.107270E+01
  0.154173E+03  0.101193E+01  0.884714E+00  0.000000E+00  0.000000E+00  0.000000E+00  0.100793E+01
  0.159399E+03  0.950905E+00  0.827929E+00  0.000000E+00  0.000000E+00  0.000000E+00  0.947031E+00
  0.164802E+03  0.893537E+00  0.774557E+00  0.000000E+00  0.000000E+00  0.000000E+00  0.889790E+00
  0.170388E+03  0.839609E+00  0.724395E+00  0.000000E+00  0.000000E+00  0.000000E+00  0.835980E+00
  0.176164E+03  0.788911E+00  0.677250E+00  0.000000E+00  0.000000E+00  0.000000E+00  0.785394E+00
  0.182135E+03  0.741257E+00  0.632949E+00  0.000000E+00  0.000000E+00  0.000000E+00  0.737846E+00
  0.188308E+03  0.696463E+00  0.591321E+00  0.000000E+00  0.000000E+00  0.000000E+00  0.693152E+00
  0.194691E+03  0.654358E+00  0.552211E+00  0.000000E+00  0.000000E+00  0.000000E+00  0.651141E+00
  0.201290E+03  0.614779E+00  0.515466E+00  0.000000E+00  0.000000E+00  0.000000E+00  0.611651E+00
