  0.108800E-04  0.227035E+07  0.227035E+07  0.302696E+07  0.302696E+07  0.000000E+00  0.227035E+07
  0.112487E-04  0.227035E+07  0.227035E+07  0.302695E+07  0.302695E+07  0.000000E+00  0.227035E+07
  0.116300E-04  0.227035E+07  0.227035E+07  0.302694E+07  0.302693E+07  0.000000E+00  0.227035E+07
  0.120242E-04  0.227035E+07  0.227035E+07  0.302692E+07  0.302692E+07  0.000000E+00  0.227035E+07
  0.124318E-04  0.227035E+07  0.227035E+07  0.302691E+07  0.302690E+07  0.000000E+00  0.227035E+07
  0.128531E-04  0.227035E+07  0.227035E+07  0.302689E+07  0.302689E+07  0.000000E+00  0.227035E+07
  0.132888E-04  0.227035E+07  0.227035E+07  0.302687E+07  0.302687E+07  0.000000E+00  0.227035E+07
  0.137392E-04  0.227035E+07  0.227035E+07  0.302686E+07  0.302685E+07  0.000000E+00  0.227035E+07
  0.142049E-04  0.227035E+07  0.227035E+07  0.302684E+07  0.302683E+07  0.000000E+00  0.227035E+07
  0.146864E-04  0.227035E+07  0.227035E+07  0.302682E+07  0.302681E+07  0.000000E+00  0.227035E+07
  0.151842E-04  0.227035E+07  0.227035E+07  0.302680E+07  0.302679E+07  0.000000E+00  0.227035E+07
  0.156989E-04  0.227035E+07  0.227035E+07  0.302677E+07  0.302677E+07  0.000000E+00  0.227035E+07
  0.162310E-04  0.227035E+07  0.227035E+07  0.302675E+07  0.302674E+07  0.000000E+00  0.227035E+07
  0.167811E-04  0.227035E+07  0.227035E+07  0.302672E+07  0.302672E+07  0.000000E+00  0.227035E+07
  0.173499E-04  0.227035E+07  0.227035E+07  0.302669E+07  0.302669E+07  0.000000E+00  0.227035E+07
  0.179380E-04  0.227035E+07  0.227035E+07  0.302666E+07  0.302666E+07  0.000000E+00  0.227035E+07
  0.185460E-04  0.227034E+07  0.227034E+07  0.302663E+07  0.302662E+07  0.000000E+00  0.227034E+07
  0.191746E-04  0.227034E+07  0.227034E+07  0.302659E+07  0.302659E+07  0.000000E+00  0.227034E+07
  0.198246E-04  0.227034E+07  0.227034E+07  0.302656E+07  0.302655E+07  0.000000E+00  0.227034E+07
  0.204965E-04  0.227034E+07  0.227034E+07  0.302652E+07  0.302651E+07  0.000000E+00  0.227034E+07
  0.211913E-04  0.227034E+07  0.227034E+07  0.302647E+07  0.302647E+07  0.000000E+00  0.227034E+07
  0.219095E-04  0.227034E+07  0.227034E+07  0.302643E+07  0.302642E+07  0.000000E+00  0.227034E+07
  0.226522E-04  0.227034E+07  0.227034E+07  0.302638E+07  0.302637E+07  0.000000E+00  0.227034E+07
  0.234200E-04  0.227034E+07  0.227034E+07  0.302633E+07  0.302632E+07  0.000000E+00  0.227034E+07
  0.242138E-04  0.227034E+07  0.227034E+07  0.302627E+07  0.302626E+07  0.000000E+00  0.227034E+07
  0.250345E-04  0.227034E+07  0.227034E+07  0.302621E+07  0.302620E+07  0.000000E+00  0.227034E+07
  0.258831E-04  0.227034E+07  0.227034E+07  0.302615E+07  0.302614E+07  0.000000E+00  0.227034E+07
  0.267604E-04  0.227034E+07  0.227034E+07  0.302608E+07  0.302607E+07  0.000000E+00  0.227034E+07
  0.276674E-04  0.227034E+07  0.227034E+07  0.302601E+07  0.302600E+07  0.000000E+00  0.227034E+07
  0.286052E-04  0.227034E+07  0.227034E+07  0.302593E+07  0.302592E+07  0.000000E+00  0.227034E+07
  0.295748E-04  0.227034E+07  0.227034E+07  0.302585E+07  0.302584E+07  0.000000E+00  0.227034E+07
  0.305772E-04  0.227034E+07  0.227034E+07  0.302576E+07  0.302575E+07  0.000000E+00  0.227034E+07
  0.316136E-04  0.227033E+07  0.227033E+07  0.302567E+07  0.302565E+07  0.000000E+00  0.227033E+07
  0.326852E-04  0.227033E+07  0.227033E+07  0.302557E+07  0.302555E+07  0.000000E+00  0.227033E+07
  0.337931E-04  0.227033E+07  0.227033E+07  0.302546E+07  0.302544E+07  0.000000E+00  0.227033E+07
  0.349385E-04  0.227033E+07  0.227033E+07  0.302534E+07  0.302532E+07  0.000000E+00  0.227033E+07
  0.361227E-04  0.227033E+07  0.227033E+07  0.302522E+07  0.302520E+07  0.000000E+00  0.227033E+07
  0.373471E-04  0.227033E+07  0.227033E+07  0.302509E+07  0.302506E+07  0.000000E+00  0.227033E+07
  0.386130E-04  0.227033E+07  0.227033E+07  0.302495E+07  0.302492E+07  0.000000E+00  0.227033E+07
  0.399218E-04  0.227033E+07  0.227033E+07  0.302480E+07  0.302477E+07  0.000000E+00  0.227033E+07
  0.412749E-04  0.227032E+07  0.227032E+07  0.302463E+07  0.302461E+07  0.000000E+00  0.227032E+07
  0.426740E-04  0.227032E+07  0.227032E+07  0.302446E+07  0.302443E+07  0.000000E+00  0.227032E+07
  0.441204E-04  0.227032E+07  0.227032E+07  0.302428E+07  0.302425E+07  0.000000E+00  0.227032E+07
  0.456159E-04  0.227032E+07  0.227032E+07  0.302408E+07  0.302405E+07  0.000000E+00  0.227032E+07
  0.471620E-04  0.227032E+07  0.227032E+07  0.302387E+07  0.302383E+07  0.000000E+00  0.227032E+07
  0.487606E-04  0.227031E+07  0.227031E+07  0.302365E+07  0.302361E+07  0.000000E+00  0.227031E+07
  0.504133E-04  0.227031E+07  0.227031E+07  0.302341E+07  0.302336E+07  0.000000E+00  0.227031E+07
  0.521221E-04  0.227031E+07  0.227031E+07  0.302315E+07  0.302310E+07  0.000000E+00  0.227031E+07
  0.538888E-04  0.227030E+07  0.227030E+07  0.302287E+07  0.302283E+07  0.000000E+00  0.227030E+07
  0.557153E-04  0.227030E+07  0.227030E+07  0.302258E+07  0.302253E+07  0.000000E+00  0.227030E+07
  0.576038E-04  0.227030E+07  0.227030E+07  0.302227E+07  0.302221E+07  0.000000E+00  0.227030E+07
  0.595563E-04  0.227030E+07  0.227029E+07  0.302193E+07  0.302187E+07  0.000000E+00  0.227030E+07
  0.615750E-04  0.227029E+07  0.227029E+07  0.302157E+07  0.302151E+07  0.000000E+00  0.227029E+07
  0.636621E-04  0.227029E+07  0.227029E+07  0.302119E+07  0.302112E+07  0.000000E+00  0.227029E+07
  0.658199E-04  0.227028E+07  0.227028E+07  0.302078E+07  0.302071E+07  0.000000E+00  0.227028E+07
  0.680509E-04  0.227028E+07  0.227028E+07  0.302034E+07  0.302027E+07  0.000000E+00  0.227028E+07
  0.703575E-04  0.227027E+07  0.227027E+07  0.301988E+07  0.301980E+07  0.000000E+00  0.227027E+07
  0.727422E-04  0.227027E+07  0.227027E+07  0.301938E+07  0.301929E+07  0.000000E+00  0.227027E+07
  0.752079E-04  0.227026E+07  0.227026E+07  0.301884E+07  0.301875E+07  0.000000E+00  0.227026E+07
  0.777570E-04  0.227026E+07  0.227025E+07  0.301827E+07  0.301817E+07  0.000000E+00  0.227026E+07
  0.803926E-04  0.227025E+07  0.227025E+07  0.301766E+07  0.301756E+07  0.000000E+00  0.227025E+07
  0.831175E-04  0.227024E+07  0.227024E+07  0.301701E+07  0.301690E+07  0.000000E+00  0.227024E+07
  0.859348E-04  0.227024E+07  0.227023E+07  0.301631E+07  0.301619E+07  0.000000E+00  0.227024E+07
  0.888476E-04  0.227023E+07  0.227023E+07  0.301557E+07  0.301544E+07  0.000000E+00  0.227023E+07
  0.918591E-04  0.227022E+07  0.227022E+07  0.301477E+07  0.301464E+07  0.000000E+00  0.227022E+07
  0.949726E-04  0.227021E+07  0.227021E+07  0.301392E+07  0.301378E+07  0.000000E+00  0.227021E+07
  0.981917E-04  0.227020E+07  0.227020E+07  0.301301E+07  0.301286E+07  0.000000E+00  0.227020E+07
  0.101520E-03  0.227019E+07  0.227019E+07  0.301204E+07  0.301188E+07  0.000000E+00  0.227019E+07
  0.104961E-03  0.227018E+07  0.227018E+07  0.301101E+07  0.301083E+07  0.000000E+00  0.227018E+07
  0.108519E-03  0.227017E+07  0.227016E+07  0.300990E+07  0.300970E+07  0.000000E+00  0.227017E+07
  0.112197E-03  0.227015E+07  0.227015E+07  0.300871E+07  0.300851E+07  0.000000E+00  0.227015E+07
  0.116000E-03  0.227014E+07  0.227014E+07  0.300745E+07  0.300723E+07  0.000000E+00  0.227014E+07
  0.119932E-03  0.227013E+07  0.227012E+07  0.300609E+07  0.300586E+07  0.000000E+00  0.227013E+07
  0.123997E-03  0.227011E+07  0.227011E+07  0.300465E+07  0.300440E+07  0.000000E+00  0.227011E+07
  0.128200E-03  0.227009E+07  0.227009E+07  0.300310E+07  0.300284E+07  0.000000E+00  0.227009E+07
  0.132545E-03  0.227008E+07  0.227007E+07  0.300145E+07  0.300117E+07  0.000000E+00  0.227008E+07
  0.137038E-03  0.227006E+07  0.227005E+07  0.299969E+07  0.299938E+07  0.000000E+00  0.227006E+07
  0.141683E-03  0.227004E+07  0.227003E+07  0.299781E+07  0.299748E+07  0.000000E+00  0.227004E+07
  0.146485E-03  0.227002E+07  0.227001E+07  0.299579E+07  0.299545E+07  0.000000E+00  0.227002E+07
  0.151450E-03  0.226999E+07  0.226999E+07  0.299364E+07  0.299327E+07  0.000000E+00  0.226999E+07
  0.156583E-03  0.226997E+07  0.226996E+07  0.299135E+07  0.299095E+07  0.000000E+00  0.226997E+07
  0.161891E-03  0.226994E+07  0.226994E+07  0.298890E+07  0.298847E+07  0.000000E+00  0.226994E+07
  0.167378E-03  0.226991E+07  0.226991E+07  0.298628E+07  0.298582E+07  0.000000E+00  0.226991E+07
  0.173051E-03  0.226988E+07  0.226988E+07  0.298348E+07  0.298300E+07  0.000000E+00  0.226988E+07
  0.178917E-03  0.226985E+07  0.226985E+07  0.298049E+07  0.297998E+07  0.000000E+00  0.226985E+07
  0.184981E-03  0.226982E+07  0.226981E+07  0.297730E+07  0.297675E+07  0.000000E+00  0.226982E+07
  0.191251E-03  0.226978E+07  0.226977E+07  0.297389E+07  0.297330E+07  0.000000E+00  0.226978E+07
  0.197734E-03  0.226974E+07  0.226973E+07  0.297026E+07  0.296963E+07  0.000000E+00  0.226974E+07
  0.204436E-03  0.226970E+07  0.226969E+07  0.296637E+07  0.296570E+07  0.000000E+00  0.226970E+07
  0.211366E-03  0.226966E+07  0.226965E+07  0.296222E+07  0.296151E+07  0.000000E+00  0.226966E+07
  0.218530E-03  0.226961E+07  0.226960E+07  0.295780E+07  0.295703E+07  0.000000E+00  0.226961E+07
  0.225937E-03  0.226956E+07  0.226955E+07  0.295307E+07  0.295226E+07  0.000000E+00  0.226956E+07
  0.233595E-03  0.226950E+07  0.226949E+07  0.294803E+07  0.294716E+07  0.000000E+00  0.226950E+07
  0.241513E-03  0.226944E+07  0.226943E+07  0.294265E+07  0.294172E+07  0.000000E+00  0.226944E+07
  0.249699E-03  0.226938E+07  0.226937E+07  0.293690E+07  0.293592E+07  0.000000E+00  0.226938E+07
  0.258162E-03  0.226932E+07  0.226930E+07  0.293078E+07  0.292972E+07  0.000000E+00  0.226932E+07
  0.266913E-03  0.226924E+07  0.226923E+07  0.292424E+07  0.292312E+07  0.000000E+00  0.226924E+07
  0.275960E-03  0.226917E+07  0.226915E+07  0.291727E+07  0.291607E+07  0.000000E+00  0.226917E+07
  0.285314E-03  0.226909E+07  0.226907E+07  0.290983E+07  0.290856E+07  0.000000E+00  0.226909E+07
  0.294984E-03  0.226900E+07  0.226898E+07  0.290190E+07  0.290054E+07  0.000000E+00  0.226900E+07
  0.304983E-03  0.226891E+07  0.226889E+07  0.289345E+07  0.289200E+07  0.000000E+00  0.226891E+07
  0.315320E-03  0.226881E+07  0.226879E+07  0.288444E+07  0.288290E+07  0.000000E+00  0.226881E+07
  0.326008E-03  0.226870E+07  0.226868E+07  0.287483E+07  0.287319E+07  0.000000E+00  0.226870E+07
  0.337058E-03  0.226859E+07  0.226856E+07  0.286460E+07  0.286286E+07  0.000000E+00  0.226859E+07
  0.348483E-03  0.226847E+07  0.226844E+07  0.285370E+07  0.285184E+07  0.000000E+00  0.226847E+07
  0.360295E-03  0.226834E+07  0.226831E+07  0.284209E+07  0.284012E+07  0.000000E+00  0.226834E+07
  0.372507E-03  0.226820E+07  0.226817E+07  0.282973E+07  0.282763E+07  0.000000E+00  0.226820E+07
  0.385133E-03  0.226806E+07  0.226802E+07  0.281657E+07  0.281434E+07  0.000000E+00  0.226806E+07
  0.398187E-03  0.226790E+07  0.226786E+07  0.280257E+07  0.280020E+07  0.000000E+00  0.226790E+07
  0.411684E-03  0.226773E+07  0.226769E+07  0.278767E+07  0.278516E+07  0.000000E+00  0.226773E+07
  0.425638E-03  0.226755E+07  0.226751E+07  0.277183E+07  0.276916E+07  0.000000E+00  0.226755E+07
  0.440065E-03  0.226736E+07  0.226732E+07  0.275499E+07  0.275216E+07  0.000000E+00  0.226736E+07
  0.454981E-03  0.226716E+07  0.226711E+07  0.273709E+07  0.273409E+07  0.000000E+00  0.226716E+07
  0.470403E-03  0.226694E+07  0.226689E+07  0.271808E+07  0.271491E+07  0.000000E+00  0.226694E+07
  0.486347E-03  0.226671E+07  0.226665E+07  0.269790E+07  0.269453E+07  0.000000E+00  0.226671E+07
  0.502832E-03  0.226646E+07  0.226640E+07  0.267648E+07  0.267292E+07  0.000000E+00  0.226646E+07
  0.519875E-03  0.226619E+07  0.226613E+07  0.265376E+07  0.264999E+07  0.000000E+00  0.226619E+07
  0.537497E-03  0.226591E+07  0.226584E+07  0.262967E+07  0.262569E+07  0.000000E+00  0.226591E+07
  0.555715E-03  0.226561E+07  0.226554E+07  0.260414E+07  0.259994E+07  0.000000E+00  0.226561E+07
  0.574551E-03  0.226529E+07  0.226521E+07  0.257712E+07  0.257269E+07  0.000000E+00  0.226528E+07
  0.594026E-03  0.226494E+07  0.226486E+07  0.254852E+07  0.254385E+07  0.000000E+00  0.226494E+07
  0.614160E-03  0.226458E+07  0.226449E+07  0.251827E+07  0.251336E+07  0.000000E+00  0.226457E+07
  0.634977E-03  0.226419E+07  0.226409E+07  0.248632E+07  0.248116E+07  0.000000E+00  0.226418E+07
  0.656500E-03  0.226377E+07  0.226367E+07  0.245258E+07  0.244716E+07  0.000000E+00  0.226377E+07
  0.678752E-03  0.226332E+07  0.226322E+07  0.241699E+07  0.241131E+07  0.000000E+00  0.226332E+07
  0.701758E-03  0.226285E+07  0.226274E+07  0.237949E+07  0.237354E+07  0.000000E+00  0.226285E+07
  0.725544E-03  0.226235E+07  0.226223E+07  0.234001E+07  0.233378E+07  0.000000E+00  0.226234E+07
  0.750137E-03  0.226181E+07  0.226168E+07  0.229848E+07  0.229199E+07  0.000000E+00  0.226180E+07
  0.775563E-03  0.226123E+07  0.226110E+07  0.225487E+07  0.224810E+07  0.000000E+00  0.226123E+07
  0.801851E-03  0.226062E+07  0.226048E+07  0.220911E+07  0.220207E+07  0.000000E+00  0.226062E+07
  0.829029E-03  0.225997E+07  0.225982E+07  0.216117E+07  0.215387E+07  0.000000E+00  0.225997E+07
  0.857129E-03  0.225928E+07  0.225911E+07  0.211102E+07  0.210346E+07  0.000000E+00  0.225927E+07
  0.886182E-03  0.225854E+07  0.225836E+07  0.205864E+07  0.205082E+07  0.000000E+00  0.225854E+07
  0.916219E-03  0.225776E+07  0.225757E+07  0.200401E+07  0.199596E+07  0.000000E+00  0.225775E+07
  0.947274E-03  0.225692E+07  0.225672E+07  0.194715E+07  0.193888E+07  0.000000E+00  0.225692E+07
  0.979383E-03  0.225604E+07  0.225582E+07  0.188808E+07  0.187961E+07  0.000000E+00  0.225603E+07
  0.101258E-02  0.225509E+07  0.225486E+07  0.182684E+07  0.181820E+07  0.000000E+00  0.225508E+07
  0.104690E-02  0.225409E+07  0.225384E+07  0.176350E+07  0.175472E+07  0.000000E+00  0.225408E+07
  0.108239E-02  0.225302E+07  0.225276E+07  0.169814E+07  0.168925E+07  0.000000E+00  0.225301E+07
  0.111907E-02  0.225189E+07  0.225161E+07  0.163087E+07  0.162192E+07  0.000000E+00  0.225188E+07
  0.115700E-02  0.225069E+07  0.225039E+07  0.156185E+07  0.155288E+07  0.000000E+00  0.225068E+07
  0.119622E-02  0.224941E+07  0.224909E+07  0.149123E+07  0.148230E+07  0.000000E+00  0.224940E+07
  0.123677E-02  0.224806E+07  0.224772E+07  0.141923E+07  0.141039E+07  0.000000E+00  0.224805E+07
  0.127869E-02  0.224663E+07  0.224626E+07  0.134609E+07  0.133740E+07  0.000000E+00  0.224661E+07
  0.132203E-02  0.224511E+07  0.224471E+07  0.127207E+07  0.126361E+07  0.000000E+00  0.224509E+07
  0.136684E-02  0.224350E+07  0.224308E+07  0.119749E+07  0.118933E+07  0.000000E+00  0.224348E+07
  0.141317E-02  0.224179E+07  0.224134E+07  0.112269E+07  0.111490E+07  0.000000E+00  0.224178E+07
  0.146107E-02  0.223999E+07  0.223951E+07  0.104806E+07  0.104072E+07  0.000000E+00  0.223998E+07
  0.151059E-02  0.223809E+07  0.223757E+07  0.974004E+06  0.967199E+06  0.000000E+00  0.223807E+07
  0.156179E-02  0.223607E+07  0.223553E+07  0.900967E+06  0.894775E+06  0.000000E+00  0.223605E+07
  0.161473E-02  0.223395E+07  0.223336E+07  0.829417E+06  0.823913E+06  0.000000E+00  0.223393E+07
  0.166946E-02  0.223170E+07  0.223108E+07  0.759837E+06  0.755093E+06  0.000000E+00  0.223168E+07
  0.172605E-02  0.222934E+07  0.222867E+07  0.692721E+06  0.688800E+06  0.000000E+00  0.222931E+07
  0.178455E-02  0.222684E+07  0.222613E+07  0.628560E+06  0.625516E+06  0.000000E+00  0.222682E+07
  0.184504E-02  0.222422E+07  0.222346E+07  0.567836E+06  0.565705E+06  0.000000E+00  0.222419E+07
  0.190758E-02  0.222145E+07  0.222064E+07  0.511000E+06  0.509803E+06  0.000000E+00  0.222143E+07
  0.197223E-02  0.221855E+07  0.221768E+07  0.458463E+06  0.458198E+06  0.000000E+00  0.221852E+07
  0.203908E-02  0.221549E+07  0.221457E+07  0.410576E+06  0.411217E+06  0.000000E+00  0.221546E+07
  0.210820E-02  0.221229E+07  0.221131E+07  0.367614E+06  0.369107E+06  0.000000E+00  0.221226E+07
  0.217966E-02  0.220893E+07  0.220788E+07  0.329756E+06  0.332019E+06  0.000000E+00  0.220889E+07
  0.225354E-02  0.220540E+07  0.220429E+07  0.297072E+06  0.299993E+06  0.000000E+00  0.220537E+07
  0.232992E-02  0.220171E+07  0.220052E+07  0.269507E+06  0.272944E+06  0.000000E+00  0.220168E+07
  0.240889E-02  0.219785E+07  0.219658E+07  0.246870E+06  0.250655E+06  0.000000E+00  0.219781E+07
  0.249054E-02  0.219382E+07  0.219246E+07  0.228830E+06  0.232774E+06  0.000000E+00  0.219377E+07
  0.257496E-02  0.218960E+07  0.218815E+07  0.214915E+06  0.218814E+06  0.000000E+00  0.218955E+07
  0.266224E-02  0.218519E+07  0.218365E+07  0.204525E+06  0.208171E+06  0.000000E+00  0.218514E+07
  0.275248E-02  0.218060E+07  0.217896E+07  0.196949E+06  0.200139E+06  0.000000E+00  0.218055E+07
  0.284577E-02  0.217581E+07  0.217406E+07  0.191394E+06  0.193947E+06  0.000000E+00  0.217576E+07
  0.294223E-02  0.217082E+07  0.216895E+07  0.187026E+06  0.188796E+06  0.000000E+00  0.217076E+07
  0.304196E-02  0.216563E+07  0.216364E+07  0.183018E+06  0.183909E+06  0.000000E+00  0.216556E+07
  0.314506E-02  0.216022E+07  0.215810E+07  0.178607E+06  0.178584E+06  0.000000E+00  0.216016E+07
  0.325166E-02  0.215461E+07  0.215235E+07  0.173151E+06  0.172253E+06  0.000000E+00  0.215454E+07
  0.336188E-02  0.214877E+07  0.214636E+07  0.166190E+06  0.164526E+06  0.000000E+00  0.214869E+07
  0.347583E-02  0.214271E+07  0.214014E+07  0.157485E+06  0.155236E+06  0.000000E+00  0.214262E+07
  0.359365E-02  0.213641E+07  0.213368E+07  0.147061E+06  0.144461E+06  0.000000E+00  0.213633E+07
  0.371545E-02  0.212988E+07  0.212698E+07  0.135204E+06  0.132517E+06  0.000000E+00  0.212979E+07
  0.384139E-02  0.212311E+07  0.212002E+07  0.122444E+06  0.119930E+06  0.000000E+00  0.212301E+07
  0.397159E-02  0.211609E+07  0.211280E+07  0.109497E+06  0.107374E+06  0.000000E+00  0.211599E+07
  0.410621E-02  0.210882E+07  0.210532E+07  0.971791E+05  0.955765E+05  0.000000E+00  0.210871E+07
  0.424539E-02  0.210129E+07  0.209757E+07  0.862850E+05  0.852106E+05  0.000000E+00  0.210117E+07
  0.438929E-02  0.209349E+07  0.208954E+07  0.774649E+05  0.767820E+05  0.000000E+00  0.209337E+07
  0.453806E-02  0.208543E+07  0.208122E+07  0.711017E+05  0.705291E+05  0.000000E+00  0.208530E+07
  0.469188E-02  0.207709E+07  0.207261E+07  0.672206E+05  0.663628E+05  0.000000E+00  0.207695E+07
  0.485091E-02  0.206847E+07  0.206371E+07  0.654545E+05  0.638637E+05  0.000000E+00  0.206832E+07
  0.501534E-02  0.205957E+07  0.205451E+07  0.000000E+00  0.000000E+00  0.000000E+00  0.205941E+07
  0.518533E-02  0.205037E+07  0.204500E+07  0.000000E+00  0.000000E+00  0.000000E+00  0.205020E+07
  0.536109E-02  0.204088E+07  0.203518E+07  0.000000E+00  0.000000E+00  0.000000E+00  0.204070E+07
  0.554280E-02  0.203109E+07  0.202503E+07  0.000000E+00  0.000000E+00  0.000000E+00  0.203090E+07
  0.573068E-02  0.202100E+07  0.201456E+07  0.000000E+00  0.000000E+00  0.000000E+00  0.202079E+07
  0.592492E-02  0.201059E+07  0.200376E+07  0.000000E+00  0.000000E+00  0.000000E+00  0.201038E+07
  0.612574E-02  0.199987E+07  0.199263E+07  0.000000E+00  0.000000E+00  0.000000E+00  0.199965E+07
  0.633338E-02  0.198884E+07  0.198115E+07  0.000000E+00  0.000000E+00  0.000000E+00  0.198860E+07
  0.654805E-02  0.197748E+07  0.196932E+07  0.000000E+00  0.000000E+00  0.000000E+00  0.197722E+07
  0.677000E-02  0.196579E+07  0.195714E+07  0.000000E+00  0.000000E+00  0.000000E+00  0.196552E+07
  0.699947E-02  0.195377E+07  0.194461E+07  0.000000E+00  0.000000E+00  0.000000E+00  0.195348E+07
  0.723671E-02  0.194142E+07  0.193171E+07  0.000000E+00  0.000000E+00  0.000000E+00  0.194111E+07
  0.748200E-02  0.192873E+07  0.191844E+07  0.000000E+00  0.000000E+00  0.000000E+00  0.192840E+07
  0.773561E-02  0.191570E+07  0.190481E+07  0.000000E+00  0.000000E+00  0.000000E+00  0.191535E+07
  0.799781E-02  0.190232E+07  0.189079E+07  0.000000E+00  0.000000E+00  0.000000E+00  0.190196E+07
  0.826889E-02  0.188859E+07  0.187640E+07  0.000000E+00  0.000000E+00  0.000000E+00  0.188821E+07
  0.854917E-02  0.187452E+07  0.186162E+07  0.000000E+00  0.000000E+00  0.000000E+00  0.187411E+07
  0.883894E-02  0.186009E+07  0.184645E+07  0.000000E+00  0.000000E+00  0.000000E+00  0.185966E+07
  0.913854E-02  0.184530E+07  0.183090E+07  0.000000E+00  0.000000E+00  0.000000E+00  0.184485E+07
  0.944829E-02  0.183016E+07  0.181495E+07  0.000000E+00  0.000000E+00  0.000000E+00  0.182968E+07
  0.976854E-02  0.181466E+07  0.179860E+07  0.000000E+00  0.000000E+00  0.000000E+00  0.181416E+07
  0.100996E-01  0.179880E+07  0.178185E+07  0.000000E+00  0.000000E+00  0.000000E+00  0.179827E+07
  0.104420E-01  0.178258E+07  0.176471E+07  0.000000E+00  0.000000E+00  0.000000E+00  0.178202E+07
  0.107959E-01  0.176599E+07  0.174716E+07  0.000000E+00  0.000000E+00  0.000000E+00  0.176540E+07
  0.111618E-01  0.174905E+07  0.172921E+07  0.000000E+00  0.000000E+00  0.000000E+00  0.174842E+07
  0.115402E-01  0.173174E+07  0.171086E+07  0.000000E+00  0.000000E+00  0.000000E+00  0.173108E+07
  0.119313E-01  0.171406E+07  0.169210E+07  0.000000E+00  0.000000E+00  0.000000E+00  0.171337E+07
  0.123357E-01  0.169603E+07  0.167294E+07  0.000000E+00  0.000000E+00  0.000000E+00  0.169530E+07
  0.127539E-01  0.167763E+07  0.165339E+07  0.000000E+00  0.000000E+00  0.000000E+00  0.167687E+07
  0.131862E-01  0.165888E+07  0.163343E+07  0.000000E+00  0.000000E+00  0.000000E+00  0.165808E+07
  0.136331E-01  0.163977E+07  0.161309E+07  0.000000E+00  0.000000E+00  0.000000E+00  0.163893E+07
  0.140952E-01  0.162030E+07  0.159235E+07  0.000000E+00  0.000000E+00  0.000000E+00  0.161942E+07
  0.145730E-01  0.160049E+07  0.157123E+07  0.000000E+00  0.000000E+00  0.000000E+00  0.159957E+07
  0.150669E-01  0.158033E+07  0.154974E+07  0.000000E+00  0.000000E+00  0.000000E+00  0.157936E+07
  0.155776E-01  0.155982E+07  0.152788E+07  0.000000E+00  0.000000E+00  0.000000E+00  0.155882E+07
  0.161056E-01  0.153898E+07  0.150566E+07  0.000000E+00  0.000000E+00  0.000000E+00  0.153793E+07
  0.166515E-01  0.151781E+07  0.148309E+07  0.000000E+00  0.000000E+00  0.000000E+00  0.151672E+07
  0.172159E-01  0.149632E+07  0.146019E+07  0.000000E+00  0.000000E+00  0.000000E+00  0.149518E+07
  0.177994E-01  0.147452E+07  0.143697E+07  0.000000E+00  0.000000E+00  0.000000E+00  0.147333E+07
  0.184028E-01  0.145240E+07  0.141344E+07  0.000000E+00  0.000000E+00  0.000000E+00  0.145118E+07
  0.190265E-01  0.143000E+07  0.138963E+07  0.000000E+00  0.000000E+00  0.000000E+00  0.142873E+07
  0.196714E-01  0.140731E+07  0.136556E+07  0.000000E+00  0.000000E+00  0.000000E+00  0.140600E+07
  0.203382E-01  0.138435E+07  0.134124E+07  0.000000E+00  0.000000E+00  0.000000E+00  0.138300E+07
  0.210276E-01  0.136114E+07  0.131671E+07  0.000000E+00  0.000000E+00  0.000000E+00  0.135974E+07
  0.217403E-01  0.133769E+07  0.129199E+07  0.000000E+00  0.000000E+00  0.000000E+00  0.133625E+07
  0.224772E-01  0.131401E+07  0.126712E+07  0.000000E+00  0.000000E+00  0.000000E+00  0.131253E+07
  0.232390E-01  0.129013E+07  0.124212E+07  0.000000E+00  0.000000E+00  0.000000E+00  0.128862E+07
  0.240267E-01  0.126607E+07  0.121703E+07  0.000000E+00  0.000000E+00  0.000000E+00  0.126452E+07
  0.248411E-01  0.124184E+07  0.119188E+07  0.000000E+00  0.000000E+00  0.000000E+00  0.124027E+07
  0.256831E-01  0.121748E+07  0.116673E+07  0.000000E+00  0.000000E+00  0.000000E+00  0.121588E+07
  0.265537E-01  0.119301E+07  0.114160E+07  0.000000E+00  0.000000E+00  0.000000E+00  0.119139E+07
  0.274537E-01  0.116846E+07  0.111655E+07  0.000000E+00  0.000000E+00  0.000000E+00  0.116682E+07
  0.283842E-01  0.114385E+07  0.109162E+07  0.000000E+00  0.000000E+00  0.000000E+00  0.114220E+07
  0.293463E-01  0.111922E+07  0.106685E+07  0.000000E+00  0.000000E+00  0.000000E+00  0.111757E+07
  0.303410E-01  0.109460E+07  0.104230E+07  0.000000E+00  0.000000E+00  0.000000E+00  0.109295E+07
  0.313694E-01  0.107003E+07  0.101801E+07  0.000000E+00  0.000000E+00  0.000000E+00  0.106839E+07
  0.324327E-01  0.104554E+07  0.994032E+06  0.000000E+00  0.000000E+00  0.000000E+00  0.104392E+07
  0.335320E-01  0.102117E+07  0.970401E+06  0.000000E+00  0.000000E+00  0.000000E+00  0.101957E+07
  0.346686E-01  0.996955E+06  0.947162E+06  0.000000E+00  0.000000E+00  0.000000E+00  0.995386E+06
  0.358437E-01  0.972929E+06  0.924348E+06  0.000000E+00  0.000000E+00  0.000000E+00  0.971399E+06
  0.370586E-01  0.949127E+06  0.901989E+06  0.000000E+00  0.000000E+00  0.000000E+00  0.947642E+06
  0.383147E-01  0.925497E+06  0.880020E+06  0.000000E+00  0.000000E+00  0.000000E+00  0.924065E+06
  0.396134E-01  0.902005E+06  0.858387E+06  0.000000E+00  0.000000E+00  0.000000E+00  0.900631E+06
  0.409561E-01  0.878854E+06  0.837276E+06  0.000000E+00  0.000000E+00  0.000000E+00  0.877544E+06
  0.423443E-01  0.856077E+06  0.816690E+06  0.000000E+00  0.000000E+00  0.000000E+00  0.854836E+06
  0.437796E-01  0.833684E+06  0.796603E+06  0.000000E+00  0.000000E+00  0.000000E+00  0.832516E+06
  0.452635E-01  0.811669E+06  0.776964E+06  0.000000E+00  0.000000E+00  0.000000E+00  0.810576E+06
  0.467977E-01  0.790006E+06  0.757700E+06  0.000000E+00  0.000000E+00  0.000000E+00  0.788989E+06
  0.483839E-01  0.768659E+06  0.738718E+06  0.000000E+00  0.000000E+00  0.000000E+00  0.767716E+06
  0.500239E-01  0.747586E+06  0.719922E+06  0.000000E+00  0.000000E+00  0.000000E+00  0.746714E+06
  0.517194E-01  0.726753E+06  0.701220E+06  0.000000E+00  0.000000E+00  0.000000E+00  0.725949E+06
  0.534725E-01  0.706141E+06  0.682537E+06  0.000000E+00  0.000000E+00  0.000000E+00  0.705397E+06
  0.552850E-01  0.685751E+06  0.663827E+06  0.000000E+00  0.000000E+00  0.000000E+00  0.685060E+06
  0.571588E-01  0.665622E+06  0.645089E+06  0.000000E+00  0.000000E+00  0.000000E+00  0.664975E+06
  0.590963E-01  0.645864E+06  0.626403E+06  0.000000E+00  0.000000E+00  0.000000E+00  0.645251E+06
  0.610993E-01  0.626970E+06  0.608274E+06  0.000000E+00  0.000000E+00  0.000000E+00  0.626381E+06
  0.631703E-01  0.607814E+06  0.589535E+06  0.000000E+00  0.000000E+00  0.000000E+00  0.607238E+06
  0.653114E-01  0.588896E+06  0.570730E+06  0.000000E+00  0.000000E+00  0.000000E+00  0.588324E+06
  0.675252E-01  0.570199E+06  0.551885E+06  0.000000E+00  0.000000E+00  0.000000E+00  0.569622E+06
  0.698139E-01  0.551723E+06  0.533060E+06  0.000000E+00  0.000000E+00  0.000000E+00  0.551135E+06
  0.721803E-01  0.533488E+06  0.514354E+06  0.000000E+00  0.000000E+00  0.000000E+00  0.532885E+06
  0.746268E-01  0.515546E+06  0.495910E+06  0.000000E+00  0.000000E+00  0.000000E+00  0.514928E+06
  0.771564E-01  0.497976E+06  0.477902E+06  0.000000E+00  0.000000E+00  0.000000E+00  0.497344E+06
  0.797716E-01  0.480857E+06  0.460503E+06  0.000000E+00  0.000000E+00  0.000000E+00  0.480216E+06
  0.824755E-01  0.464247E+06  0.443849E+06  0.000000E+00  0.000000E+00  0.000000E+00  0.463605E+06
  0.852709E-01  0.448168E+06  0.428018E+06  0.000000E+00  0.000000E+00  0.000000E+00  0.447533E+06
  0.881612E-01  0.432599E+06  0.413013E+06  0.000000E+00  0.000000E+00  0.000000E+00  0.431982E+06
  0.911495E-01  0.417502E+06  0.398784E+06  0.000000E+00  0.000000E+00  0.000000E+00  0.416913E+06
  0.942390E-01  0.402845E+06  0.385246E+06  0.000000E+00  0.000000E+00  0.000000E+00  0.402291E+06
  0.974333E-01  0.388612E+06  0.372300E+06  0.000000E+00  0.000000E+00  0.000000E+00  0.388098E+06
  0.100736E+00  0.374794E+06  0.359828E+06  0.000000E+00  0.000000E+00  0.000000E+00  0.374322E+06
  0.104150E+00  0.361365E+06  0.347688E+06  0.000000E+00  0.000000E+00  0.000000E+00  0.360934E+06
  0.107680E+00  0.348276E+06  0.335719E+06  0.000000E+00  0.000000E+00  0.000000E+00  0.347880E+06
  0.111330E+00  0.335466E+06  0.323780E+06  0.000000E+00  0.000000E+00  0.000000E+00  0.335098E+06
  0.115104E+00  0.322902E+06  0.311800E+06  0.000000E+00  0.000000E+00  0.000000E+00  0.322553E+06
  0.119005E+00  0.310590E+06  0.299794E+06  0.000000E+00  0.000000E+00  0.000000E+00  0.310250E+06
  0.123039E+00  0.298551E+06  0.287848E+06  0.000000E+00  0.000000E+00  0.000000E+00  0.298214E+06
  0.127209E+00  0.286804E+06  0.276079E+06  0.000000E+00  0.000000E+00  0.000000E+00  0.286466E+06
  0.131521E+00  0.275374E+06  0.264627E+06  0.000000E+00  0.000000E+00  0.000000E+00  0.275035E+06
  0.135979E+00  0.264317E+06  0.253652E+06  0.000000E+00  0.000000E+00  0.000000E+00  0.263981E+06
  0.140588E+00  0.253705E+06  0.243293E+06  0.000000E+00  0.000000E+00  0.000000E+00  0.253377E+06
  0.145353E+00  0.243560E+06  0.233585E+06  0.000000E+00  0.000000E+00  0.000000E+00  0.243246E+06
  0.150280E+00  0.233831E+06  0.224428E+06  0.000000E+00  0.000000E+00  0.000000E+00  0.233534E+06
  0.155374E+00  0.224443E+06  0.215666E+06  0.000000E+00  0.000000E+00  0.000000E+00  0.224167E+06
  0.160640E+00  0.215359E+06  0.207168E+06  0.000000E+00  0.000000E+00  0.000000E+00  0.215101E+06
  0.166085E+00  0.206554E+06  0.198839E+06  0.000000E+00  0.000000E+00  0.000000E+00  0.206311E+06
  0.171715E+00  0.197989E+06  0.190613E+06  0.000000E+00  0.000000E+00  0.000000E+00  0.197756E+06
  0.177535E+00  0.189652E+06  0.182503E+06  0.000000E+00  0.000000E+00  0.000000E+00  0.189427E+06
  0.183553E+00  0.181578E+06  0.174604E+06  0.000000E+00  0.000000E+00  0.000000E+00  0.181359E+06
  0.189774E+00  0.173802E+06  0.167019E+06  0.000000E+00  0.000000E+00  0.000000E+00  0.173589E+06
  0.196206E+00  0.166337E+06  0.159802E+06  0.000000E+00  0.000000E+00  0.000000E+00  0.166131E+06
  0.202857E+00  0.159192E+06  0.152963E+06  0.000000E+00  0.000000E+00  0.000000E+00  0.158996E+06
  0.209733E+00  0.152338E+06  0.146440E+06  0.000000E+00  0.000000E+00  0.000000E+00  0.152152E+06
  0.216842E+00  0.145724E+06  0.140138E+06  0.000000E+00  0.000000E+00  0.000000E+00  0.145548E+06
  0.224192E+00  0.139347E+06  0.134026E+06  0.000000E+00  0.000000E+00  0.000000E+00  0.139180E+06
  0.231791E+00  0.133206E+06  0.128105E+06  0.000000E+00  0.000000E+00  0.000000E+00  0.133046E+06
  0.239647E+00  0.127278E+06  0.122375E+06  0.000000E+00  0.000000E+00  0.000000E+00  0.127124E+06
  0.247770E+00  0.121582E+06  0.116878E+06  0.000000E+00  0.000000E+00  0.000000E+00  0.121434E+06
  0.256168E+00  0.116129E+06  0.111637E+06  0.000000E+00  0.000000E+00  0.000000E+00  0.115988E+06
  0.264851E+00  0.110892E+06  0.106615E+06  0.000000E+00  0.000000E+00  0.000000E+00  0.110757E+06
  0.273828E+00  0.105869E+06  0.101796E+06  0.000000E+00  0.000000E+00  0.000000E+00  0.105741E+06
  0.283110E+00  0.101045E+06  0.971598E+05  0.000000E+00  0.000000E+00  0.000000E+00  0.100923E+06
  0.292706E+00  0.964089E+05  0.926966E+05  0.000000E+00  0.000000E+00  0.000000E+00  0.962919E+05
  0.302627E+00  0.919661E+05  0.884212E+05  0.000000E+00  0.000000E+00  0.000000E+00  0.918545E+05
  0.312884E+00  0.877058E+05  0.843255E+05  0.000000E+00  0.000000E+00  0.000000E+00  0.875993E+05
  0.323490E+00  0.836265E+05  0.804059E+05  0.000000E+00  0.000000E+00  0.000000E+00  0.835250E+05
  0.334454E+00  0.797156E+05  0.766468E+05  0.000000E+00  0.000000E+00  0.000000E+00  0.796189E+05
  0.345791E+00  0.759710E+05  0.730459E+05  0.000000E+00  0.000000E+00  0.000000E+00  0.758789E+05
  0.357512E+00  0.723843E+05  0.695968E+05  0.000000E+00  0.000000E+00  0.000000E+00  0.722965E+05
  0.369629E+00  0.689529E+05  0.662978E+05  0.000000E+00  0.000000E+00  0.000000E+00  0.688693E+05
  0.382158E+00  0.656683E+05  0.631401E+05  0.000000E+00  0.000000E+00  0.000000E+00  0.655887E+05
  0.395111E+00  0.625281E+05  0.601209E+05  0.000000E+00  0.000000E+00  0.000000E+00  0.624523E+05
  0.408504E+00  0.595237E+05  0.572322E+05  0.000000E+00  0.000000E+00  0.000000E+00  0.594516E+05
  0.422350E+00  0.566540E+05  0.544732E+05  0.000000E+00  0.000000E+00  0.000000E+00  0.565853E+05
  0.436666E+00  0.539104E+05  0.518352E+05  0.000000E+00  0.000000E+00  0.000000E+00  0.538450E+05
  0.451466E+00  0.512906E+05  0.493164E+05  0.000000E+00  0.000000E+00  0.000000E+00  0.512284E+05
  0.466769E+00  0.487886E+05  0.469108E+05  0.000000E+00  0.000000E+00  0.000000E+00  0.487295E+05
  0.482590E+00  0.463994E+05  0.446136E+05  0.000000E+00  0.000000E+00  0.000000E+00  0.463431E+05
  0.498948E+00  0.441195E+05  0.424215E+05  0.000000E+00  0.000000E+00  0.000000E+00  0.440660E+05
  0.515859E+00  0.419437E+05  0.403295E+05  0.000000E+00  0.000000E+00  0.000000E+00  0.418929E+05
  0.533344E+00  0.398672E+05  0.383330E+05  0.000000E+00  0.000000E+00  0.000000E+00  0.398189E+05
  0.551422E+00  0.378867E+05  0.364287E+05  0.000000E+00  0.000000E+00  0.000000E+00  0.378408E+05
  0.570113E+00  0.359981E+05  0.346129E+05  0.000000E+00  0.000000E+00  0.000000E+00  0.359544E+05
  0.589437E+00  0.341973E+05  0.328815E+05  0.000000E+00  0.000000E+00  0.000000E+00  0.341559E+05
  0.609416E+00  0.324808E+05  0.312311E+05  0.000000E+00  0.000000E+00  0.000000E+00  0.324415E+05
  0.630072E+00  0.308452E+05  0.296584E+05  0.000000E+00  0.000000E+00  0.000000E+00  0.308078E+05
  0.651428E+00  0.292872E+05  0.281604E+05  0.000000E+00  0.000000E+00  0.000000E+00  0.292518E+05
  0.673509E+00  0.278037E+05  0.267339E+05  0.000000E+00  0.000000E+00  0.000000E+00  0.277700E+05
  0.696337E+00  0.263913E+05  0.253759E+05  0.000000E+00  0.000000E+00  0.000000E+00  0.263593E+05
  0.719940E+00  0.250468E+05  0.240832E+05  0.000000E+00  0.000000E+00  0.000000E+00  0.250165E+05
  0.744342E+00  0.237672E+05  0.228528E+05  0.000000E+00  0.000000E+00  0.000000E+00  0.237384E+05
  0.769572E+00  0.225493E+05  0.216818E+05  0.000000E+00  0.000000E+00  0.000000E+00  0.225220E+05
  0.795656E+00  0.213904E+05  0.205676E+05  0.000000E+00  0.000000E+00  0.000000E+00  0.213645E+05
  0.822625E+00  0.202879E+05  0.195074E+05  0.000000E+00  0.000000E+00  0.000000E+00  0.202633E+05
  0.850508E+00  0.192393E+05  0.184992E+05  0.000000E+00  0.000000E+00  0.000000E+00  0.192160E+05
  0.879336E+00  0.182422E+05  0.175405E+05  0.000000E+00  0.000000E+00  0.000000E+00  0.182201E+05
  0.909141E+00  0.172945E+05  0.166293E+05  0.000000E+00  0.000000E+00  0.000000E+00  0.172736E+05
  0.939957E+00  0.163940E+05  0.157634E+05  0.000000E+00  0.000000E+00  0.000000E+00  0.163741E+05
  0.971817E+00  0.155382E+05  0.149405E+05  0.000000E+00  0.000000E+00  0.000000E+00  0.155194E+05
  0.100476E+01  0.147250E+05  0.141586E+05  0.000000E+00  0.000000E+00  0.000000E+00  0.147071E+05
  0.103881E+01  0.139524E+05  0.134158E+05  0.000000E+00  0.000000E+00  0.000000E+00  0.139355E+05
  0.107402E+01  0.132186E+05  0.127102E+05  0.000000E+00  0.000000E+00  0.000000E+00  0.132026E+05
  0.111043E+01  0.125218E+05  0.120402E+05  0.000000E+00  0.000000E+00  0.000000E+00  0.125067E+05
  0.114807E+01  0.118604E+05  0.114042E+05  0.000000E+00  0.000000E+00  0.000000E+00  0.118460E+05
  0.118698E+01  0.112325E+05  0.108005E+05  0.000000E+00  0.000000E+00  0.000000E+00  0.112189E+05
  0.122721E+01  0.106367E+05  0.102276E+05  0.000000E+00  0.000000E+00  0.000000E+00  0.106238E+05
  0.126881E+01  0.100711E+05  0.968375E+04  0.000000E+00  0.000000E+00  0.000000E+00  0.100589E+05
  0.131182E+01  0.953446E+04  0.916777E+04  0.000000E+00  0.000000E+00  0.000000E+00  0.952291E+04
  0.135628E+01  0.902540E+04  0.867830E+04  0.000000E+00  0.000000E+00  0.000000E+00  0.901447E+04
  0.140225E+01  0.854259E+04  0.821406E+04  0.000000E+00  0.000000E+00  0.000000E+00  0.853225E+04
  0.144978E+01  0.808467E+04  0.777375E+04  0.000000E+00  0.000000E+00  0.000000E+00  0.807488E+04
  0.149892E+01  0.765041E+04  0.735619E+04  0.000000E+00  0.000000E+00  0.000000E+00  0.764114E+04
  0.154973E+01  0.723866E+04  0.696028E+04  0.000000E+00  0.000000E+00  0.000000E+00  0.722989E+04
  0.160226E+01  0.684834E+04  0.658497E+04  0.000000E+00  0.000000E+00  0.000000E+00  0.684005E+04
  0.165656E+01  0.647841E+04  0.622927E+04  0.000000E+00  0.000000E+00  0.000000E+00  0.647057E+04
  0.171271E+01  0.612779E+04  0.589214E+04  0.000000E+00  0.000000E+00  0.000000E+00  0.612037E+04
  0.177077E+01  0.579556E+04  0.557268E+04  0.000000E+00  0.000000E+00  0.000000E+00  0.578854E+04
  0.183079E+01  0.548080E+04  0.527002E+04  0.000000E+00  0.000000E+00  0.000000E+00  0.547416E+04
  0.189284E+01  0.518263E+04  0.498332E+04  0.000000E+00  0.000000E+00  0.000000E+00  0.517635E+04
  0.195700E+01  0.490020E+04  0.471175E+04  0.000000E+00  0.000000E+00  0.000000E+00  0.489426E+04
  0.202333E+01  0.463273E+04  0.445457E+04  0.000000E+00  0.000000E+00  0.000000E+00  0.462712E+04
  0.209191E+01  0.437945E+04  0.421103E+04  0.000000E+00  0.000000E+00  0.000000E+00  0.437415E+04
  0.216282E+01  0.413963E+04  0.398043E+04  0.000000E+00  0.000000E+00  0.000000E+00  0.413462E+04
  0.223613E+01  0.391257E+04  0.376210E+04  0.000000E+00  0.000000E+00  0.000000E+00  0.390783E+04
  0.231192E+01  0.369763E+04  0.355543E+04  0.000000E+00  0.000000E+00  0.000000E+00  0.369315E+04
  0.239028E+01  0.349417E+04  0.335979E+04  0.000000E+00  0.000000E+00  0.000000E+00  0.348994E+04
  0.247130E+01  0.330162E+04  0.317464E+04  0.000000E+00  0.000000E+00  0.000000E+00  0.329762E+04
  0.255507E+01  0.311940E+04  0.299943E+04  0.000000E+00  0.000000E+00  0.000000E+00  0.311562E+04
  0.264167E+01  0.294699E+04  0.283365E+04  0.000000E+00  0.000000E+00  0.000000E+00  0.294342E+04
  0.273121E+01  0.278388E+04  0.267681E+04  0.000000E+00  0.000000E+00  0.000000E+00  0.278050E+04
  0.282379E+01  0.262957E+04  0.252844E+04  0.000000E+00  0.000000E+00  0.000000E+00  0.262639E+04
  0.291950E+01  0.248363E+04  0.238811E+04  0.000000E+00  0.000000E+00  0.000000E+00  0.248062E+04
  0.301846E+01  0.234560E+04  0.225538E+04  0.000000E+00  0.000000E+00  0.000000E+00  0.234276E+04
  0.312077E+01  0.221507E+04  0.212987E+04  0.000000E+00  0.000000E+00  0.000000E+00  0.221239E+04
  0.322655E+01  0.209163E+04  0.201118E+04  0.000000E+00  0.000000E+00  0.000000E+00  0.208910E+04
  0.333591E+01  0.197492E+04  0.189895E+04  0.000000E+00  0.000000E+00  0.000000E+00  0.197253E+04
  0.344898E+01  0.186458E+04  0.179285E+04  0.000000E+00  0.000000E+00  0.000000E+00  0.186232E+04
  0.356588E+01  0.176026E+04  0.169255E+04  0.000000E+00  0.000000E+00  0.000000E+00  0.175813E+04
  0.368675E+01  0.166166E+04  0.159773E+04  0.000000E+00  0.000000E+00  0.000000E+00  0.165964E+04
  0.381172E+01  0.156846E+04  0.150812E+04  0.000000E+00  0.000000E+00  0.000000E+00  0.156656E+04
  0.394091E+01  0.148040E+04  0.142344E+04  0.000000E+00  0.000000E+00  0.000000E+00  0.147860E+04
  0.407449E+01  0.139718E+04  0.134342E+04  0.000000E+00  0.000000E+00  0.000000E+00  0.139548E+04
  0.421259E+01  0.131855E+04  0.126781E+04  0.000000E+00  0.000000E+00  0.000000E+00  0.131695E+04
  0.435538E+01  0.124425E+04  0.119637E+04  0.000000E+00  0.000000E+00  0.000000E+00  0.124274E+04
  0.450301E+01  0.117407E+04  0.112888E+04  0.000000E+00  0.000000E+00  0.000000E+00  0.117264E+04
  0.465564E+01  0.110776E+04  0.106513E+04  0.000000E+00  0.000000E+00  0.000000E+00  0.110642E+04
  0.481344E+01  0.104513E+04  0.100490E+04  0.000000E+00  0.000000E+00  0.000000E+00  0.104386E+04
  0.497659E+01  0.985971E+03  0.948019E+03  0.000000E+00  0.000000E+00  0.000000E+00  0.984776E+03
  0.514527E+01  0.930106E+03  0.894301E+03  0.000000E+00  0.000000E+00  0.000000E+00  0.928978E+03
  0.531968E+01  0.877352E+03  0.843574E+03  0.000000E+00  0.000000E+00  0.000000E+00  0.876288E+03
  0.549998E+01  0.827542E+03  0.795678E+03  0.000000E+00  0.000000E+00  0.000000E+00  0.826538E+03
  0.568641E+01  0.780510E+03  0.750454E+03  0.000000E+00  0.000000E+00  0.000000E+00  0.779563E+03
  0.587915E+01  0.736105E+03  0.707756E+03  0.000000E+00  0.000000E+00  0.000000E+00  0.735213E+03
  0.607843E+01  0.694183E+03  0.667444E+03  0.000000E+00  0.000000E+00  0.000000E+00  0.693340E+03
  0.628446E+01  0.654607E+03  0.629390E+03  0.000000E+00  0.000000E+00  0.000000E+00  0.653813E+03
  0.649747E+01  0.617254E+03  0.593471E+03  0.000000E+00  0.000000E+00  0.000000E+00  0.616505E+03
  0.671770E+01  0.581998E+03  0.559571E+03  0.000000E+00  0.000000E+00  0.000000E+00  0.581292E+03
  0.694539E+01  0.548727E+03  0.527579E+03  0.000000E+00  0.000000E+00  0.000000E+00  0.548061E+03
  0.718081E+01  0.517329E+03  0.497387E+03  0.000000E+00  0.000000E+00  0.000000E+00  0.516701E+03
  0.742420E+01  0.487701E+03  0.468897E+03  0.000000E+00  0.000000E+00  0.000000E+00  0.487108E+03
  0.767585E+01  0.459741E+03  0.442012E+03  0.000000E+00  0.000000E+00  0.000000E+00  0.459183E+03
  0.793602E+01  0.433361E+03  0.416645E+03  0.000000E+00  0.000000E+00  0.000000E+00  0.432835E+03
  0.820502E+01  0.408473E+03  0.392713E+03  0.000000E+00  0.000000E+00  0.000000E+00  0.407977E+03
  0.848312E+01  0.384996E+03  0.370138E+03  0.000000E+00  0.000000E+00  0.000000E+00  0.384528E+03
  0.877066E+01  0.362849E+03  0.348842E+03  0.000000E+00  0.000000E+00  0.000000E+00  0.362408E+03
  0.906794E+01  0.341959E+03  0.328754E+03  0.000000E+00  0.000000E+00  0.000000E+00  0.341543E+03
  0.937530E+01  0.322254E+03  0.309806E+03  0.000000E+00  0.000000E+00  0.000000E+00  0.321862E+03
  0.969308E+01  0.303668E+03  0.291935E+03  0.000000E+00  0.000000E+00  0.000000E+00  0.303299E+03
  0.100216E+02  0.286141E+03  0.275080E+03  0.000000E+00  0.000000E+00  0.000000E+00  0.285792E+03
  0.103613E+02  0.269612E+03  0.259187E+03  0.000000E+00  0.000000E+00  0.000000E+00  0.269284E+03
  0.107125E+02  0.254027E+03  0.244200E+03  0.000000E+00  0.000000E+00  0.000000E+00  0.253718E+03
  0.110756E+02  0.239331E+03  0.230068E+03  0.000000E+00  0.000000E+00  0.000000E+00  0.239039E+03
  0.114510E+02  0.225474E+03  0.216743E+03  0.000000E+00  0.000000E+00  0.000000E+00  0.225199E+03
  0.118392E+02  0.212409E+03  0.204180E+03  0.000000E+00  0.000000E+00  0.000000E+00  0.212150E+03
  0.122404E+02  0.200092E+03  0.192336E+03  0.000000E+00  0.000000E+00  0.000000E+00  0.199848E+03
  0.126553E+02  0.188481E+03  0.181171E+03  0.000000E+00  0.000000E+00  0.000000E+00  0.188251E+03
  0.130843E+02  0.177537E+03  0.170647E+03  0.000000E+00  0.000000E+00  0.000000E+00  0.177320E+03
  0.135278E+02  0.167219E+03  0.160725E+03  0.000000E+00  0.000000E+00  0.000000E+00  0.167015E+03
  0.139863E+02  0.157494E+03  0.151374E+03  0.000000E+00  0.000000E+00  0.000000E+00  0.157302E+03
  0.144604E+02  0.148329E+03  0.142560E+03  0.000000E+00  0.000000E+00  0.000000E+00  0.148147E+03
  0.149505E+02  0.139691E+03  0.134254E+03  0.000000E+00  0.000000E+00  0.000000E+00  0.139520E+03
  0.154573E+02  0.131551E+03  0.126426E+03  0.000000E+00  0.000000E+00  0.000000E+00  0.131390E+03
  0.159812E+02  0.123879E+03  0.119049E+03  0.000000E+00  0.000000E+00  0.000000E+00  0.123727E+03
  0.165229E+02  0.116650E+03  0.112097E+03  0.000000E+00  0.000000E+00  0.000000E+00  0.116507E+03
  0.170829E+02  0.109839E+03  0.105547E+03  0.000000E+00  0.000000E+00  0.000000E+00  0.109704E+03
  0.176619E+02  0.103421E+03  0.993756E+02  0.000000E+00  0.000000E+00  0.000000E+00  0.103294E+03
  0.182606E+02  0.973742E+02  0.935605E+02  0.000000E+00  0.000000E+00  0.000000E+00  0.972541E+02
  0.188795E+02  0.916772E+02  0.880820E+02  0.000000E+00  0.000000E+00  0.000000E+00  0.915639E+02
  0.195195E+02  0.863102E+02  0.829208E+02  0.000000E+00  0.000000E+00  0.000000E+00  0.862034E+02
  0.201811E+02  0.812545E+02  0.780589E+02  0.000000E+00  0.000000E+00  0.000000E+00  0.811538E+02
  0.208651E+02  0.764917E+02  0.734787E+02  0.000000E+00  0.000000E+00  0.000000E+00  0.763968E+02
  0.215723E+02  0.720053E+02  0.691643E+02  0.000000E+00  0.000000E+00  0.000000E+00  0.719158E+02
  0.223035E+02  0.677796E+02  0.651006E+02  0.000000E+00  0.000000E+00  0.000000E+00  0.676953E+02
  0.230595E+02  0.637998E+02  0.612732E+02  0.000000E+00  0.000000E+00  0.000000E+00  0.637202E+02
  0.238411E+02  0.600511E+02  0.576681E+02  0.000000E+00  0.000000E+00  0.000000E+00  0.599761E+02
  0.246492E+02  0.565207E+02  0.542730E+02  0.000000E+00  0.000000E+00  0.000000E+00  0.564499E+02
  0.254847E+02  0.531960E+02  0.510756E+02  0.000000E+00  0.000000E+00  0.000000E+00  0.531292E+02
  0.263485E+02  0.500651E+02  0.480646E+02  0.000000E+00  0.000000E+00  0.000000E+00  0.500021E+02
  0.272416E+02  0.471168E+02  0.452291E+02  0.000000E+00  0.000000E+00  0.000000E+00  0.470573E+02
  0.281650E+02  0.443405E+02  0.425590E+02  0.000000E+00  0.000000E+00  0.000000E+00  0.442844E+02
  0.291196E+02  0.417265E+02  0.400451E+02  0.000000E+00  0.000000E+00  0.000000E+00  0.416736E+02
  0.301066E+02  0.392652E+02  0.376778E+02  0.000000E+00  0.000000E+00  0.000000E+00  0.392152E+02
  0.311271E+02  0.369478E+02  0.354491E+02  0.000000E+00  0.000000E+00  0.000000E+00  0.369006E+02
  0.321822E+02  0.347661E+02  0.333507E+02  0.000000E+00  0.000000E+00  0.000000E+00  0.347215E+02
  0.332730E+02  0.327121E+02  0.313752E+02  0.000000E+00  0.000000E+00  0.000000E+00  0.326700E+02
  0.344008E+02  0.307783E+02  0.295154E+02  0.000000E+00  0.000000E+00  0.000000E+00  0.307386E+02
  0.355668E+02  0.289581E+02  0.277646E+02  0.000000E+00  0.000000E+00  0.000000E+00  0.289205E+02
  0.367723E+02  0.272446E+02  0.261165E+02  0.000000E+00  0.000000E+00  0.000000E+00  0.272090E+02
  0.380187E+02  0.256316E+02  0.245651E+02  0.000000E+00  0.000000E+00  0.000000E+00  0.255980E+02
  0.393074E+02  0.241134E+02  0.231048E+02  0.000000E+00  0.000000E+00  0.000000E+00  0.240816E+02
  0.406397E+02  0.226844E+02  0.217303E+02  0.000000E+00  0.000000E+00  0.000000E+00  0.226544E+02
  0.420172E+02  0.213394E+02  0.204365E+02  0.000000E+00  0.000000E+00  0.000000E+00  0.213110E+02
  0.434414E+02  0.200736E+02  0.192189E+02  0.000000E+00  0.000000E+00  0.000000E+00  0.200467E+02
  0.449138E+02  0.188822E+02  0.180729E+02  0.000000E+00  0.000000E+00  0.000000E+00  0.188568E+02
  0.464362E+02  0.177611E+02  0.169943E+02  0.000000E+00  0.000000E+00  0.000000E+00  0.177369E+02
  0.480101E+02  0.167060E+02  0.159794E+02  0.000000E+00  0.000000E+00  0.000000E+00  0.166831E+02
  0.496375E+02  0.157131E+02  0.150242E+02  0.000000E+00  0.000000E+00  0.000000E+00  0.156914E+02
  0.513199E+02  0.147788E+02  0.141254E+02  0.000000E+00  0.000000E+00  0.000000E+00  0.147582E+02
  0.530594E+02  0.138996E+02  0.132796E+02  0.000000E+00  0.000000E+00  0.000000E+00  0.138801E+02
  0.548579E+02  0.130724E+02  0.124837E+02  0.000000E+00  0.000000E+00  0.000000E+00  0.130539E+02
  0.567173E+02  0.122940E+02  0.117348E+02  0.000000E+00  0.000000E+00  0.000000E+00  0.122764E+02
  0.586397E+02  0.115617E+02  0.110302E+02  0.000000E+00  0.000000E+00  0.000000E+00  0.115449E+02
  0.606273E+02  0.108727E+02  0.103672E+02  0.000000E+00  0.000000E+00  0.000000E+00  0.108567E+02
  0.626823E+02  0.102244E+02  0.974349E+01  0.000000E+00  0.000000E+00  0.000000E+00  0.102093E+02
  0.648069E+02  0.961452E+01  0.915664E+01  0.000000E+00  0.000000E+00  0.000000E+00  0.960010E+01
  0.670036E+02  0.904076E+01  0.860453E+01  0.000000E+00  0.000000E+00  0.000000E+00  0.902702E+01
  0.692747E+02  0.850102E+01  0.808513E+01  0.000000E+00  0.000000E+00  0.000000E+00  0.848792E+01
  0.716227E+02  0.799327E+01  0.759650E+01  0.000000E+00  0.000000E+00  0.000000E+00  0.798077E+01
  0.740504E+02  0.751565E+01  0.713684E+01  0.000000E+00  0.000000E+00  0.000000E+00  0.750372E+01
  0.765604E+02  0.706636E+01  0.670444E+01  0.000000E+00  0.000000E+00  0.000000E+00  0.705497E+01
  0.791553E+02  0.664376E+01  0.629770E+01  0.000000E+00  0.000000E+00  0.000000E+00  0.663286E+01
  0.818384E+02  0.624626E+01  0.591511E+01  0.000000E+00  0.000000E+00  0.000000E+00  0.623583E+01
  0.846122E+02  0.587239E+01  0.555523E+01  0.000000E+00  0.000000E+00  0.000000E+00  0.586240E+01
  0.874802E+02  0.552074E+01  0.521674E+01  0.000000E+00  0.000000E+00  0.000000E+00  0.551116E+01
  0.904453E+02  0.519001E+01  0.489837E+01  0.000000E+00  0.000000E+00  0.000000E+00  0.518083E+01
  0.935109E+02  0.487897E+01  0.459894E+01  0.000000E+00  0.000000E+00  0.000000E+00  0.487015E+01
  0.966806E+02  0.458643E+01  0.431730E+01  0.000000E+00  0.000000E+00  0.000000E+00  0.457795E+01
  0.999576E+02  0.431132E+01  0.405245E+01  0.000000E+00  0.000000E+00  0.000000E+00  0.430317E+01
  0.103346E+03  0.405261E+01  0.380337E+01  0.000000E+00  0.000000E+00  0.000000E+00  0.404476E+01
  0.106849E+03  0.380931E+01  0.356911E+01  0.000000E+00  0.000000E+00  0.000000E+00  0.380175E+01
  0.110470E+03  0.358053E+01  0.334883E+01  0.000000E+00  0.000000E+00  0.000000E+00  0.357324E+01
  0.114215E+03  0.336540E+01  0.314169E+01  0.000000E+00  0.000000E+00  0.000000E+00  0.335836E+01
  0.118086E+03  0.316311E+01  0.294690E+01  0.000000E+00  0.000000E+00  0.000000E+00  0.315630E+01
  0.122089E+03  0.297289E+01  0.276374E+01  0.000000E+00  0.000000E+00  0.000000E+00  0.296630E+01
  0.126227E+03  0.279404E+01  0.259152E+01  0.000000E+00  0.000000E+00  0.000000E+00  0.278766E+01
  0.130505E+03  0.262588E+01  0.242960E+01  0.000000E+00  0.000000E+00  0.000000E+00  0.261970E+01
  0.134928E+03  0.246777E+01  0.227736E+01  0.000000E+00  0.000000E+00  0.000000E+00  0.246177E+01
  0.139502E+03  0.231911E+01  0.213423E+01  0.000000E+00  0.000000E+00  0.000000E+00  0.231329E+01
  0.144230E+03  0.217935E+01  0.199967E+01  0.000000E+00  0.000000E+00  0.000000E+00  0.217369E+01
  0.149119E+03  0.204795E+01  0.187318E+01  0.000000E+00  0.000000E+00  0.000000E+00  0.204245E+01
  0.154173E+03  0.192443E+01  0.175427E+01  0.000000E+00  0.000000E+00  0.000000E+00  0.191907E+01
  0.159399E+03  0.180829E+01  0.164250E+01  0.000000E+00  0.000000E+00  0.000000E+00  0.180307E+01
  0.164802E+03  0.169912E+01  0.153744E+01  0.000000E+00  0.000000E+00  0.000000E+00  0.169403E+01
  0.170388E+03  0.159650E+01  0.143871E+01  0.000000E+00  0.000000E+00  0.000000E+00  0.159153E+01
  0.176164E+03  0.150002E+01  0.134591E+01  0.000000E+00  0.000000E+00  0.000000E+00  0.149517E+01
  0.182135E+03  0.140934E+01  0.125872E+01  0.000000E+00  0.000000E+00  0.000000E+00  0.140459E+01
  0.188308E+03  0.132410E+01  0.117679E+01  0.000000E+00  0.000000E+00  0.000000E+00  0.131946E+01
  0.194691E+03  0.124397E+01  0.109981E+01  0.000000E+00  0.000000E+00  0.000000E+00  0.123943E+01
  0.201290E+03  0.116865E+01  0.102750E+01  0.000000E+00  0.000000E+00  0.000000E+00  0.116421E+01
