  0.108800E-04  0.499802E+07  0.499802E+07  0.666317E+07  0.666316E+07  0.000000E+00  0.499802E+07
  0.112487E-04  0.499802E+07  0.499802E+07  0.666311E+07  0.666310E+07  0.000000E+00  0.499802E+07
  0.116300E-04  0.499802E+07  0.499802E+07  0.666304E+07  0.666304E+07  0.000000E+00  0.499802E+07
  0.120242E-04  0.499802E+07  0.499802E+07  0.666297E+07  0.666297E+07  0.000000E+00  0.499802E+07
  0.124318E-04  0.499802E+07  0.499802E+07  0.666290E+07  0.666290E+07  0.000000E+00  0.499802E+07
  0.128531E-04  0.499802E+07  0.499802E+07  0.666282E+07  0.666282E+07  0.000000E+00  0.499802E+07
  0.132888E-04  0.499801E+07  0.499801E+07  0.666274E+07  0.666273E+07  0.000000E+00  0.499801E+07
  0.137392E-04  0.499801E+07  0.499801E+07  0.666265E+07  0.666264E+07  0.000000E+00  0.499801E+07
  0.142049E-04  0.499801E+07  0.499801E+07  0.666256E+07  0.666255E+07  0.000000E+00  0.499801E+07
  0.146864E-04  0.499801E+07  0.499801E+07  0.666246E+07  0.666245E+07  0.000000E+00  0.499801E+07
  0.151842E-04  0.499801E+07  0.499801E+07  0.666235E+07  0.666234E+07  0.000000E+00  0.499801E+07
  0.156989E-04  0.499801E+07  0.499801E+07  0.666223E+07  0.666222E+07  0.000000E+00  0.499801E+07
  0.162310E-04  0.499801E+07  0.499801E+07  0.666211E+07  0.666210E+07  0.000000E+00  0.499801E+07
  0.167811E-04  0.499801E+07  0.499801E+07  0.666198E+07  0.666196E+07  0.000000E+00  0.499801E+07
  0.173499E-04  0.499801E+07  0.499801E+07  0.666183E+07  0.666182E+07  0.000000E+00  0.499801E+07
  0.179380E-04  0.499801E+07  0.499801E+07  0.666168E+07  0.666167E+07  0.000000E+00  0.499801E+07
  0.185460E-04  0.499801E+07  0.499801E+07  0.666152E+07  0.666151E+07  0.000000E+00  0.499801E+07
  0.191746E-04  0.499801E+07  0.499801E+07  0.666135E+07  0.666133E+07  0.000000E+00  0.499801E+07
  0.198246E-04  0.499800E+07  0.499800E+07  0.666116E+07  0.666115E+07  0.000000E+00  0.499800E+07
  0.204965E-04  0.499800E+07  0.499800E+07  0.666096E+07  0.666095E+07  0.000000E+00  0.499800E+07
  0.211913E-04  0.499800E+07  0.499800E+07  0.666075E+07  0.666074E+07  0.000000E+00  0.499800E+07
  0.219095E-04  0.499800E+07  0.499800E+07  0.666053E+07  0.666051E+07  0.000000E+00  0.499800E+07
  0.226522E-04  0.499800E+07  0.499800E+07  0.666029E+07  0.666027E+07  0.000000E+00  0.499800E+07
  0.234200E-04  0.499800E+07  0.499800E+07  0.666003E+07  0.666001E+07  0.000000E+00  0.499800E+07
  0.242138E-04  0.499800E+07  0.499800E+07  0.665975E+07  0.665973E+07  0.000000E+00  0.499800E+07
  0.250345E-04  0.499799E+07  0.499799E+07  0.665946E+07  0.665943E+07  0.000000E+00  0.499799E+07
  0.258831E-04  0.499799E+07  0.499799E+07  0.665914E+07  0.665912E+07  0.000000E+00  0.499799E+07
  0.267604E-04  0.499799E+07  0.499799E+07  0.665881E+07  0.665878E+07  0.000000E+00  0.499799E+07
  0.276674E-04  0.499799E+07  0.499799E+07  0.665845E+07  0.665842E+07  0.000000E+00  0.499799E+07
  0.286052E-04  0.499799E+07  0.499799E+07  0.665806E+07  0.665803E+07  0.000000E+00  0.499799E+07
  0.295748E-04  0.499798E+07  0.499798E+07  0.665765E+07  0.665762E+07  0.000000E+00  0.499798E+07
  0.305772E-04  0.499798E+07  0.499798E+07  0.665721E+07  0.665718E+07  0.000000E+00  0.499798E+07
  0.316136E-04  0.499798E+07  0.499798E+07  0.665674E+07  0.665670E+07  0.000000E+00  0.499798E+07
  0.326852E-04  0.499798E+07  0.499798E+07  0.665624E+07  0.665620E+07  0.000000E+00  0.499798E+07
  0.337931E-04  0.499797E+07  0.499797E+07  0.665570E+07  0.665566E+07  0.000000E+00  0.499797E+07
  0.349385E-04  0.499797E+07  0.499797E+07  0.665513E+07  0.665508E+07  0.000000E+00  0.499797E+07
  0.361227E-04  0.499796E+07  0.499796E+07  0.665452E+07  0.665447E+07  0.000000E+00  0.499796E+07
  0.373471E-04  0.499796E+07  0.499796E+07  0.665386E+07  0.665381E+07  0.000000E+00  0.499796E+07
  0.386130E-04  0.499796E+07  0.499796E+07  0.665316E+07  0.665310E+07  0.000000E+00  0.499796E+07
  0.399218E-04  0.499795E+07  0.499795E+07  0.665241E+07  0.665235E+07  0.000000E+00  0.499795E+07
  0.412749E-04  0.499795E+07  0.499795E+07  0.665161E+07  0.665154E+07  0.000000E+00  0.499795E+07
  0.426740E-04  0.499794E+07  0.499794E+07  0.665076E+07  0.665068E+07  0.000000E+00  0.499794E+07
  0.441204E-04  0.499794E+07  0.499794E+07  0.664984E+07  0.664977E+07  0.000000E+00  0.499794E+07
  0.456159E-04  0.499793E+07  0.499793E+07  0.664886E+07  0.664878E+07  0.000000E+00  0.499793E+07
  0.471620E-04  0.499792E+07  0.499792E+07  0.664782E+07  0.664773E+07  0.000000E+00  0.499792E+07
  0.487606E-04  0.499792E+07  0.499792E+07  0.664670E+07  0.664661E+07  0.000000E+00  0.499792E+07
  0.504133E-04  0.499791E+07  0.499791E+07  0.664551E+07  0.664541E+07  0.000000E+00  0.499791E+07
  0.521221E-04  0.499790E+07  0.499790E+07  0.664424E+07  0.664413E+07  0.000000E+00  0.499790E+07
  0.538888E-04  0.499790E+07  0.499789E+07  0.664287E+07  0.664276E+07  0.000000E+00  0.499790E+07
  0.557153E-04  0.499789E+07  0.499789E+07  0.664142E+07  0.664130E+07  0.000000E+00  0.499789E+07
  0.576038E-04  0.499788E+07  0.499788E+07  0.663986E+07  0.663973E+07  0.000000E+00  0.499788E+07
  0.595563E-04  0.499787E+07  0.499787E+07  0.663820E+07  0.663806E+07  0.000000E+00  0.499787E+07
  0.615750E-04  0.499786E+07  0.499786E+07  0.663642E+07  0.663627E+07  0.000000E+00  0.499786E+07
  0.636621E-04  0.499784E+07  0.499784E+07  0.663452E+07  0.663437E+07  0.000000E+00  0.499784E+07
  0.658199E-04  0.499783E+07  0.499783E+07  0.663249E+07  0.663232E+07  0.000000E+00  0.499783E+07
  0.680509E-04  0.499782E+07  0.499782E+07  0.663032E+07  0.663014E+07  0.000000E+00  0.499782E+07
  0.703575E-04  0.499780E+07  0.499780E+07  0.662800E+07  0.662781E+07  0.000000E+00  0.499780E+07
  0.727422E-04  0.499779E+07  0.499779E+07  0.662553E+07  0.662532E+07  0.000000E+00  0.499779E+07
  0.752079E-04  0.499777E+07  0.499777E+07  0.662288E+07  0.662266E+07  0.000000E+00  0.499777E+07
  0.777570E-04  0.499776E+07  0.499776E+07  0.662005E+07  0.661982E+07  0.000000E+00  0.499776E+07
  0.803926E-04  0.499774E+07  0.499774E+07  0.661703E+07  0.661678E+07  0.000000E+00  0.499774E+07
  0.831175E-04  0.499772E+07  0.499772E+07  0.661380E+07  0.661354E+07  0.000000E+00  0.499772E+07
  0.859348E-04  0.499770E+07  0.499770E+07  0.661035E+07  0.661007E+07  0.000000E+00  0.499770E+07
  0.888476E-04  0.499768E+07  0.499767E+07  0.660667E+07  0.660637E+07  0.000000E+00  0.499768E+07
  0.918591E-04  0.499765E+07  0.499765E+07  0.660273E+07  0.660241E+07  0.000000E+00  0.499765E+07
  0.949726E-04  0.499763E+07  0.499762E+07  0.659852E+07  0.659818E+07  0.000000E+00  0.499763E+07
  0.981917E-04  0.499760E+07  0.499760E+07  0.659403E+07  0.659366E+07  0.000000E+00  0.499760E+07
  0.101520E-03  0.499757E+07  0.499757E+07  0.658923E+07  0.658884E+07  0.000000E+00  0.499757E+07
  0.104961E-03  0.499754E+07  0.499754E+07  0.658410E+07  0.658368E+07  0.000000E+00  0.499754E+07
  0.108519E-03  0.499751E+07  0.499750E+07  0.657862E+07  0.657818E+07  0.000000E+00  0.499751E+07
  0.112197E-03  0.499747E+07  0.499747E+07  0.657277E+07  0.657230E+07  0.000000E+00  0.499747E+07
  0.116000E-03  0.499743E+07  0.499743E+07  0.656653E+07  0.656602E+07  0.000000E+00  0.499743E+07
  0.119932E-03  0.499739E+07  0.499739E+07  0.655985E+07  0.655931E+07  0.000000E+00  0.499739E+07
  0.123997E-03  0.499735E+07  0.499734E+07  0.655273E+07  0.655215E+07  0.000000E+00  0.499735E+07
  0.128200E-03  0.499730E+07  0.499730E+07  0.654512E+07  0.654450E+07  0.000000E+00  0.499730E+07
  0.132545E-03  0.499725E+07  0.499725E+07  0.653700E+07  0.653634E+07  0.000000E+00  0.499725E+07
  0.137038E-03  0.499720E+07  0.499720E+07  0.652832E+07  0.652762E+07  0.000000E+00  0.499720E+07
  0.141683E-03  0.499714E+07  0.499714E+07  0.651906E+07  0.651831E+07  0.000000E+00  0.499714E+07
  0.146485E-03  0.499708E+07  0.499708E+07  0.650918E+07  0.650838E+07  0.000000E+00  0.499708E+07
  0.151450E-03  0.499702E+07  0.499701E+07  0.649863E+07  0.649778E+07  0.000000E+00  0.499702E+07
  0.156583E-03  0.499695E+07  0.499694E+07  0.648737E+07  0.648646E+07  0.000000E+00  0.499695E+07
  0.161891E-03  0.499688E+07  0.499687E+07  0.647536E+07  0.647438E+07  0.000000E+00  0.499688E+07
  0.167378E-03  0.499680E+07  0.499679E+07  0.646253E+07  0.646150E+07  0.000000E+00  0.499680E+07
  0.173051E-03  0.499671E+07  0.499670E+07  0.644886E+07  0.644775E+07  0.000000E+00  0.499671E+07
  0.178917E-03  0.499662E+07  0.499661E+07  0.643426E+07  0.643309E+07  0.000000E+00  0.499662E+07
  0.184981E-03  0.499653E+07  0.499652E+07  0.641870E+07  0.641745E+07  0.000000E+00  0.499653E+07
  0.191251E-03  0.499642E+07  0.499641E+07  0.640211E+07  0.640077E+07  0.000000E+00  0.499642E+07
  0.197734E-03  0.499631E+07  0.499630E+07  0.638441E+07  0.638299E+07  0.000000E+00  0.499631E+07
  0.204436E-03  0.499620E+07  0.499619E+07  0.636554E+07  0.636403E+07  0.000000E+00  0.499620E+07
  0.211366E-03  0.499607E+07  0.499606E+07  0.634544E+07  0.634382E+07  0.000000E+00  0.499607E+07
  0.218530E-03  0.499594E+07  0.499592E+07  0.632401E+07  0.632229E+07  0.000000E+00  0.499594E+07
  0.225937E-03  0.499579E+07  0.499578E+07  0.630118E+07  0.629935E+07  0.000000E+00  0.499579E+07
  0.233595E-03  0.499564E+07  0.499563E+07  0.627686E+07  0.627492E+07  0.000000E+00  0.499564E+07
  0.241513E-03  0.499548E+07  0.499546E+07  0.625096E+07  0.624890E+07  0.000000E+00  0.499548E+07
  0.249699E-03  0.499530E+07  0.499529E+07  0.622339E+07  0.622119E+07  0.000000E+00  0.499530E+07
  0.258162E-03  0.499512E+07  0.499510E+07  0.619404E+07  0.619171E+07  0.000000E+00  0.499512E+07
  0.266913E-03  0.499492E+07  0.499490E+07  0.616282E+07  0.616034E+07  0.000000E+00  0.499492E+07
  0.275960E-03  0.499470E+07  0.499469E+07  0.612960E+07  0.612697E+07  0.000000E+00  0.499470E+07
  0.285314E-03  0.499448E+07  0.499446E+07  0.609429E+07  0.609150E+07  0.000000E+00  0.499448E+07
  0.294984E-03  0.499424E+07  0.499421E+07  0.605675E+07  0.605379E+07  0.000000E+00  0.499424E+07
  0.304983E-03  0.499398E+07  0.499395E+07  0.601686E+07  0.601373E+07  0.000000E+00  0.499398E+07
  0.315320E-03  0.499370E+07  0.499368E+07  0.597450E+07  0.597118E+07  0.000000E+00  0.499370E+07
  0.326008E-03  0.499341E+07  0.499338E+07  0.592952E+07  0.592601E+07  0.000000E+00  0.499340E+07
  0.337058E-03  0.499309E+07  0.499306E+07  0.588180E+07  0.587809E+07  0.000000E+00  0.499309E+07
  0.348483E-03  0.499275E+07  0.499272E+07  0.583120E+07  0.582727E+07  0.000000E+00  0.499275E+07
  0.360295E-03  0.499240E+07  0.499236E+07  0.577755E+07  0.577341E+07  0.000000E+00  0.499239E+07
  0.372507E-03  0.499201E+07  0.499198E+07  0.572073E+07  0.571636E+07  0.000000E+00  0.499201E+07
  0.385133E-03  0.499160E+07  0.499157E+07  0.566057E+07  0.565597E+07  0.000000E+00  0.499160E+07
  0.398187E-03  0.499117E+07  0.499113E+07  0.559693E+07  0.559208E+07  0.000000E+00  0.499117E+07
  0.411684E-03  0.499070E+07  0.499066E+07  0.552965E+07  0.552455E+07  0.000000E+00  0.499070E+07
  0.425638E-03  0.499020E+07  0.499016E+07  0.545859E+07  0.545323E+07  0.000000E+00  0.499020E+07
  0.440065E-03  0.498968E+07  0.498963E+07  0.538358E+07  0.537796E+07  0.000000E+00  0.498967E+07
  0.454981E-03  0.498911E+07  0.498906E+07  0.530448E+07  0.529859E+07  0.000000E+00  0.498911E+07
  0.470403E-03  0.498851E+07  0.498845E+07  0.522116E+07  0.521500E+07  0.000000E+00  0.498851E+07
  0.486347E-03  0.498786E+07  0.498781E+07  0.513347E+07  0.512704E+07  0.000000E+00  0.498786E+07
  0.502832E-03  0.498718E+07  0.498712E+07  0.504129E+07  0.503458E+07  0.000000E+00  0.498718E+07
  0.519875E-03  0.498645E+07  0.498638E+07  0.494450E+07  0.493753E+07  0.000000E+00  0.498645E+07
  0.537497E-03  0.498567E+07  0.498560E+07  0.484302E+07  0.483577E+07  0.000000E+00  0.498567E+07
  0.555715E-03  0.498484E+07  0.498477E+07  0.473674E+07  0.472923E+07  0.000000E+00  0.498484E+07
  0.574551E-03  0.498396E+07  0.498388E+07  0.462562E+07  0.461786E+07  0.000000E+00  0.498396E+07
  0.594026E-03  0.498302E+07  0.498294E+07  0.450961E+07  0.450162E+07  0.000000E+00  0.498302E+07
  0.614160E-03  0.498202E+07  0.498193E+07  0.438872E+07  0.438050E+07  0.000000E+00  0.498202E+07
  0.634977E-03  0.498096E+07  0.498086E+07  0.426296E+07  0.425454E+07  0.000000E+00  0.498095E+07
  0.656500E-03  0.497982E+07  0.497972E+07  0.413241E+07  0.412381E+07  0.000000E+00  0.497982E+07
  0.678752E-03  0.497862E+07  0.497850E+07  0.399716E+07  0.398841E+07  0.000000E+00  0.497861E+07
  0.701758E-03  0.497733E+07  0.497721E+07  0.385738E+07  0.384852E+07  0.000000E+00  0.497733E+07
  0.725544E-03  0.497597E+07  0.497584E+07  0.371328E+07  0.370434E+07  0.000000E+00  0.497597E+07
  0.750137E-03  0.497452E+07  0.497438E+07  0.356511E+07  0.355614E+07  0.000000E+00  0.497452E+07
  0.775563E-03  0.497298E+07  0.497284E+07  0.341322E+07  0.340427E+07  0.000000E+00  0.497298E+07
  0.801851E-03  0.497135E+07  0.497119E+07  0.325799E+07  0.324912E+07  0.000000E+00  0.497134E+07
  0.829029E-03  0.496961E+07  0.496944E+07  0.309989E+07  0.309117E+07  0.000000E+00  0.496961E+07
  0.857129E-03  0.496777E+07  0.496759E+07  0.293948E+07  0.293096E+07  0.000000E+00  0.496776E+07
  0.886182E-03  0.496582E+07  0.496563E+07  0.277736E+07  0.276912E+07  0.000000E+00  0.496581E+07
  0.916219E-03  0.496375E+07  0.496354E+07  0.261425E+07  0.260636E+07  0.000000E+00  0.496374E+07
  0.947274E-03  0.496155E+07  0.496133E+07  0.245090E+07  0.244345E+07  0.000000E+00  0.496154E+07
  0.979383E-03  0.495923E+07  0.495899E+07  0.228817E+07  0.228123E+07  0.000000E+00  0.495922E+07
  0.101258E-02  0.495676E+07  0.495652E+07  0.212697E+07  0.212063E+07  0.000000E+00  0.495676E+07
  0.104690E-02  0.495416E+07  0.495389E+07  0.196829E+07  0.196262E+07  0.000000E+00  0.495415E+07
  0.108239E-02  0.495141E+07  0.495112E+07  0.181313E+07  0.180820E+07  0.000000E+00  0.495140E+07
  0.111907E-02  0.494850E+07  0.494819E+07  0.166255E+07  0.165844E+07  0.000000E+00  0.494849E+07
  0.115700E-02  0.494542E+07  0.494510E+07  0.151763E+07  0.151438E+07  0.000000E+00  0.494541E+07
  0.119622E-02  0.494217E+07  0.494183E+07  0.137940E+07  0.137707E+07  0.000000E+00  0.494216E+07
  0.123677E-02  0.493875E+07  0.493838E+07  0.124889E+07  0.124749E+07  0.000000E+00  0.493874E+07
  0.127869E-02  0.493514E+07  0.493474E+07  0.112704E+07  0.112658E+07  0.000000E+00  0.493513E+07
  0.132203E-02  0.493134E+07  0.493091E+07  0.101469E+07  0.101515E+07  0.000000E+00  0.493132E+07
  0.136684E-02  0.492733E+07  0.492688E+07  0.912538E+06  0.913868E+06  0.000000E+00  0.492732E+07
  0.141317E-02  0.492312E+07  0.492264E+07  0.821104E+06  0.823230E+06  0.000000E+00  0.492310E+07
  0.146107E-02  0.491868E+07  0.491817E+07  0.740693E+06  0.743509E+06  0.000000E+00  0.491867E+07
  0.151059E-02  0.491403E+07  0.491348E+07  0.671362E+06  0.674732E+06  0.000000E+00  0.491401E+07
  0.156179E-02  0.490914E+07  0.490855E+07  0.612891E+06  0.616652E+06  0.000000E+00  0.490912E+07
  0.161473E-02  0.490400E+07  0.490338E+07  0.564769E+06  0.568734E+06  0.000000E+00  0.490398E+07
  0.166946E-02  0.489862E+07  0.489796E+07  0.526185E+06  0.530148E+06  0.000000E+00  0.489860E+07
  0.172605E-02  0.489298E+07  0.489227E+07  0.496038E+06  0.499788E+06  0.000000E+00  0.489296E+07
  0.178455E-02  0.488707E+07  0.488631E+07  0.472969E+06  0.476296E+06  0.000000E+00  0.488705E+07
  0.184504E-02  0.488088E+07  0.488008E+07  0.455407E+06  0.458117E+06  0.000000E+00  0.488086E+07
  0.190758E-02  0.487441E+07  0.487355E+07  0.441644E+06  0.443574E+06  0.000000E+00  0.487439E+07
  0.197223E-02  0.486765E+07  0.486673E+07  0.429922E+06  0.430957E+06  0.000000E+00  0.486762E+07
  0.203908E-02  0.486058E+07  0.485960E+07  0.418551E+06  0.418632E+06  0.000000E+00  0.486055E+07
  0.210820E-02  0.485320E+07  0.485215E+07  0.406021E+06  0.405159E+06  0.000000E+00  0.485316E+07
  0.217966E-02  0.484549E+07  0.484438E+07  0.391128E+06  0.389408E+06  0.000000E+00  0.484546E+07
  0.225354E-02  0.483745E+07  0.483626E+07  0.373086E+06  0.370663E+06  0.000000E+00  0.483741E+07
  0.232992E-02  0.482906E+07  0.482780E+07  0.351609E+06  0.348697E+06  0.000000E+00  0.482902E+07
  0.240889E-02  0.482032E+07  0.481897E+07  0.326954E+06  0.323804E+06  0.000000E+00  0.482028E+07
  0.249054E-02  0.481121E+07  0.480977E+07  0.299912E+06  0.296779E+06  0.000000E+00  0.481117E+07
  0.257496E-02  0.480172E+07  0.480019E+07  0.271725E+06  0.268832E+06  0.000000E+00  0.480168E+07
  0.266224E-02  0.479185E+07  0.479021E+07  0.243941E+06  0.241430E+06  0.000000E+00  0.479180E+07
  0.275248E-02  0.478157E+07  0.477982E+07  0.218198E+06  0.216098E+06  0.000000E+00  0.478151E+07
  0.284577E-02  0.477087E+07  0.476902E+07  0.195978E+06  0.194177E+06  0.000000E+00  0.477081E+07
  0.294223E-02  0.475975E+07  0.475778E+07  0.178347E+06  0.176586E+06  0.000000E+00  0.475969E+07
  0.304196E-02  0.474820E+07  0.474609E+07  0.165739E+06  0.163635E+06  0.000000E+00  0.474813E+07
  0.314506E-02  0.473619E+07  0.473394E+07  0.157822E+06  0.154927E+06  0.000000E+00  0.473612E+07
  0.325166E-02  0.472372E+07  0.472133E+07  0.153510E+06  0.149400E+06  0.000000E+00  0.472364E+07
  0.336188E-02  0.471077E+07  0.470823E+07  0.000000E+00  0.000000E+00  0.000000E+00  0.471069E+07
  0.347583E-02  0.469734E+07  0.469464E+07  0.000000E+00  0.000000E+00  0.000000E+00  0.469726E+07
  0.359365E-02  0.468341E+07  0.468053E+07  0.000000E+00  0.000000E+00  0.000000E+00  0.468332E+07
  0.371545E-02  0.466897E+07  0.466590E+07  0.000000E+00  0.000000E+00  0.000000E+00  0.466887E+07
  0.384139E-02  0.465400E+07  0.465074E+07  0.000000E+00  0.000000E+00  0.000000E+00  0.465390E+07
  0.397159E-02  0.463850E+07  0.463503E+07  0.000000E+00  0.000000E+00  0.000000E+00  0.463839E+07
  0.410621E-02  0.462245E+07  0.461876E+07  0.000000E+00  0.000000E+00  0.000000E+00  0.462233E+07
  0.424539E-02  0.460584E+07  0.460192E+07  0.000000E+00  0.000000E+00  0.000000E+00  0.460572E+07
  0.438929E-02  0.458866E+07  0.458449E+07  0.000000E+00  0.000000E+00  0.000000E+00  0.458852E+07
  0.453806E-02  0.457089E+07  0.456646E+07  0.000000E+00  0.000000E+00  0.000000E+00  0.457075E+07
  0.469188E-02  0.455252E+07  0.454781E+07  0.000000E+00  0.000000E+00  0.000000E+00  0.455237E+07
  0.485091E-02  0.453355E+07  0.452854E+07  0.000000E+00  0.000000E+00  0.000000E+00  0.453339E+07
  0.501534E-02  0.451395E+07  0.450864E+07  0.000000E+00  0.000000E+00  0.000000E+00  0.451378E+07
  0.518533E-02  0.449372E+07  0.448808E+07  0.000000E+00  0.000000E+00  0.000000E+00  0.449355E+07
  0.536109E-02  0.447285E+07  0.446686E+07  0.000000E+00  0.000000E+00  0.000000E+00  0.447266E+07
  0.554280E-02  0.445133E+07  0.444496E+07  0.000000E+00  0.000000E+00  0.000000E+00  0.445113E+07
  0.573068E-02  0.442914E+07  0.442238E+07  0.000000E+00  0.000000E+00  0.000000E+00  0.442892E+07
  0.592492E-02  0.440627E+07  0.439911E+07  0.000000E+00  0.000000E+00  0.000000E+00  0.440605E+07
  0.612574E-02  0.438272E+07  0.437512E+07  0.000000E+00  0.000000E+00  0.000000E+00  0.438248E+07
  0.633338E-02  0.435847E+07  0.435041E+07  0.000000E+00  0.000000E+00  0.000000E+00  0.435822E+07
  0.654805E-02  0.433352E+07  0.432497E+07  0.000000E+00  0.000000E+00  0.000000E+00  0.433325E+07
  0.677000E-02  0.430785E+07  0.429879E+07  0.000000E+00  0.000000E+00  0.000000E+00  0.430757E+07
  0.699947E-02  0.428146E+07  0.427186E+07  0.000000E+00  0.000000E+00  0.000000E+00  0.428116E+07
  0.723671E-02  0.425434E+07  0.424417E+07  0.000000E+00  0.000000E+00  0.000000E+00  0.425402E+07
  0.748200E-02  0.422647E+07  0.421571E+07  0.000000E+00  0.000000E+00  0.000000E+00  0.422613E+07
  0.773561E-02  0.419786E+07  0.418647E+07  0.000000E+00  0.000000E+00  0.000000E+00  0.419750E+07
  0.799781E-02  0.416850E+07  0.415644E+07  0.000000E+00  0.000000E+00  0.000000E+00  0.416812E+07
  0.826889E-02  0.413837E+07  0.412562E+07  0.000000E+00  0.000000E+00  0.000000E+00  0.413797E+07
  0.854917E-02  0.410747E+07  0.409400E+07  0.000000E+00  0.000000E+00  0.000000E+00  0.410705E+07
  0.883894E-02  0.407580E+07  0.406156E+07  0.000000E+00  0.000000E+00  0.000000E+00  0.407536E+07
  0.913854E-02  0.404336E+07  0.402832E+07  0.000000E+00  0.000000E+00  0.000000E+00  0.404288E+07
  0.944829E-02  0.401013E+07  0.399425E+07  0.000000E+00  0.000000E+00  0.000000E+00  0.400963E+07
  0.976854E-02  0.397611E+07  0.395935E+07  0.000000E+00  0.000000E+00  0.000000E+00  0.397558E+07
  0.100996E-01  0.394131E+07  0.392363E+07  0.000000E+00  0.000000E+00  0.000000E+00  0.394075E+07
  0.104420E-01  0.390571E+07  0.388707E+07  0.000000E+00  0.000000E+00  0.000000E+00  0.390512E+07
  0.107959E-01  0.386931E+07  0.384968E+07  0.000000E+00  0.000000E+00  0.000000E+00  0.386870E+07
  0.111618E-01  0.383212E+07  0.381145E+07  0.000000E+00  0.000000E+00  0.000000E+00  0.383147E+07
  0.115402E-01  0.379414E+07  0.377239E+07  0.000000E+00  0.000000E+00  0.000000E+00  0.379346E+07
  0.119313E-01  0.375536E+07  0.373249E+07  0.000000E+00  0.000000E+00  0.000000E+00  0.375464E+07
  0.123357E-01  0.371579E+07  0.369176E+07  0.000000E+00  0.000000E+00  0.000000E+00  0.371503E+07
  0.127539E-01  0.367543E+07  0.365019E+07  0.000000E+00  0.000000E+00  0.000000E+00  0.367463E+07
  0.131862E-01  0.363428E+07  0.360780E+07  0.000000E+00  0.000000E+00  0.000000E+00  0.363344E+07
  0.136331E-01  0.359234E+07  0.356459E+07  0.000000E+00  0.000000E+00  0.000000E+00  0.359147E+07
  0.140952E-01  0.354964E+07  0.352057E+07  0.000000E+00  0.000000E+00  0.000000E+00  0.354872E+07
  0.145730E-01  0.350616E+07  0.347574E+07  0.000000E+00  0.000000E+00  0.000000E+00  0.350520E+07
  0.150669E-01  0.346192E+07  0.343013E+07  0.000000E+00  0.000000E+00  0.000000E+00  0.346092E+07
  0.155776E-01  0.341694E+07  0.338374E+07  0.000000E+00  0.000000E+00  0.000000E+00  0.341589E+07
  0.161056E-01  0.337122E+07  0.333659E+07  0.000000E+00  0.000000E+00  0.000000E+00  0.337012E+07
  0.166515E-01  0.332477E+07  0.328871E+07  0.000000E+00  0.000000E+00  0.000000E+00  0.332363E+07
  0.172159E-01  0.327762E+07  0.324010E+07  0.000000E+00  0.000000E+00  0.000000E+00  0.327644E+07
  0.177994E-01  0.322978E+07  0.319080E+07  0.000000E+00  0.000000E+00  0.000000E+00  0.322855E+07
  0.184028E-01  0.318127E+07  0.314083E+07  0.000000E+00  0.000000E+00  0.000000E+00  0.318000E+07
  0.190265E-01  0.313212E+07  0.309023E+07  0.000000E+00  0.000000E+00  0.000000E+00  0.313080E+07
  0.196714E-01  0.308235E+07  0.303904E+07  0.000000E+00  0.000000E+00  0.000000E+00  0.308098E+07
  0.203382E-01  0.303199E+07  0.298728E+07  0.000000E+00  0.000000E+00  0.000000E+00  0.303058E+07
  0.210276E-01  0.298107E+07  0.293501E+07  0.000000E+00  0.000000E+00  0.000000E+00  0.297962E+07
  0.217403E-01  0.292963E+07  0.288227E+07  0.000000E+00  0.000000E+00  0.000000E+00  0.292813E+07
  0.224772E-01  0.287770E+07  0.282911E+07  0.000000E+00  0.000000E+00  0.000000E+00  0.287617E+07
  0.232390E-01  0.282533E+07  0.277559E+07  0.000000E+00  0.000000E+00  0.000000E+00  0.282376E+07
  0.240267E-01  0.277256E+07  0.272176E+07  0.000000E+00  0.000000E+00  0.000000E+00  0.277096E+07
  0.248411E-01  0.271944E+07  0.266771E+07  0.000000E+00  0.000000E+00  0.000000E+00  0.271781E+07
  0.256831E-01  0.266602E+07  0.261349E+07  0.000000E+00  0.000000E+00  0.000000E+00  0.266437E+07
  0.265537E-01  0.261237E+07  0.255917E+07  0.000000E+00  0.000000E+00  0.000000E+00  0.261070E+07
  0.274537E-01  0.255854E+07  0.250485E+07  0.000000E+00  0.000000E+00  0.000000E+00  0.255685E+07
  0.283842E-01  0.250461E+07  0.245059E+07  0.000000E+00  0.000000E+00  0.000000E+00  0.250291E+07
  0.293463E-01  0.245063E+07  0.239649E+07  0.000000E+00  0.000000E+00  0.000000E+00  0.244892E+07
  0.303410E-01  0.239669E+07  0.234264E+07  0.000000E+00  0.000000E+00  0.000000E+00  0.239498E+07
  0.313694E-01  0.234285E+07  0.228911E+07  0.000000E+00  0.000000E+00  0.000000E+00  0.234116E+07
  0.324327E-01  0.228921E+07  0.223601E+07  0.000000E+00  0.000000E+00  0.000000E+00  0.228753E+07
  0.335320E-01  0.223583E+07  0.218341E+07  0.000000E+00  0.000000E+00  0.000000E+00  0.223418E+07
  0.346686E-01  0.218280E+07  0.213141E+07  0.000000E+00  0.000000E+00  0.000000E+00  0.218118E+07
  0.358437E-01  0.213020E+07  0.208008E+07  0.000000E+00  0.000000E+00  0.000000E+00  0.212862E+07
  0.370586E-01  0.207809E+07  0.202948E+07  0.000000E+00  0.000000E+00  0.000000E+00  0.207656E+07
  0.383147E-01  0.202637E+07  0.197950E+07  0.000000E+00  0.000000E+00  0.000000E+00  0.202489E+07
  0.396134E-01  0.197496E+07  0.193003E+07  0.000000E+00  0.000000E+00  0.000000E+00  0.197354E+07
  0.409561E-01  0.192430E+07  0.188149E+07  0.000000E+00  0.000000E+00  0.000000E+00  0.192295E+07
  0.423443E-01  0.187447E+07  0.183394E+07  0.000000E+00  0.000000E+00  0.000000E+00  0.187319E+07
  0.437796E-01  0.182548E+07  0.178735E+07  0.000000E+00  0.000000E+00  0.000000E+00  0.182428E+07
  0.452635E-01  0.177733E+07  0.174166E+07  0.000000E+00  0.000000E+00  0.000000E+00  0.177620E+07
  0.467977E-01  0.172994E+07  0.169676E+07  0.000000E+00  0.000000E+00  0.000000E+00  0.172890E+07
  0.483839E-01  0.168325E+07  0.165252E+07  0.000000E+00  0.000000E+00  0.000000E+00  0.168228E+07
  0.500239E-01  0.163716E+07  0.160878E+07  0.000000E+00  0.000000E+00  0.000000E+00  0.163626E+07
  0.517194E-01  0.159158E+07  0.156541E+07  0.000000E+00  0.000000E+00  0.000000E+00  0.159076E+07
  0.534725E-01  0.154649E+07  0.152231E+07  0.000000E+00  0.000000E+00  0.000000E+00  0.154573E+07
  0.552850E-01  0.150187E+07  0.147942E+07  0.000000E+00  0.000000E+00  0.000000E+00  0.150116E+07
  0.571588E-01  0.145781E+07  0.143679E+07  0.000000E+00  0.000000E+00  0.000000E+00  0.145715E+07
  0.590963E-01  0.141455E+07  0.139463E+07  0.000000E+00  0.000000E+00  0.000000E+00  0.141393E+07
  0.610993E-01  0.137318E+07  0.135403E+07  0.000000E+00  0.000000E+00  0.000000E+00  0.137258E+07
  0.631703E-01  0.133122E+07  0.131249E+07  0.000000E+00  0.000000E+00  0.000000E+00  0.133063E+07
  0.653114E-01  0.128977E+07  0.127114E+07  0.000000E+00  0.000000E+00  0.000000E+00  0.128918E+07
  0.675252E-01  0.124880E+07  0.122999E+07  0.000000E+00  0.000000E+00  0.000000E+00  0.124820E+07
  0.698139E-01  0.120830E+07  0.118912E+07  0.000000E+00  0.000000E+00  0.000000E+00  0.120769E+07
  0.721803E-01  0.116832E+07  0.114865E+07  0.000000E+00  0.000000E+00  0.000000E+00  0.116770E+07
  0.746268E-01  0.112899E+07  0.110878E+07  0.000000E+00  0.000000E+00  0.000000E+00  0.112835E+07
  0.771564E-01  0.109047E+07  0.106980E+07  0.000000E+00  0.000000E+00  0.000000E+00  0.108982E+07
  0.797716E-01  0.105295E+07  0.103199E+07  0.000000E+00  0.000000E+00  0.000000E+00  0.105229E+07
  0.824755E-01  0.101655E+07  0.995539E+06  0.000000E+00  0.000000E+00  0.000000E+00  0.101589E+07
  0.852709E-01  0.981324E+06  0.960570E+06  0.000000E+00  0.000000E+00  0.000000E+00  0.980670E+06
  0.881612E-01  0.947229E+06  0.927060E+06  0.000000E+00  0.000000E+00  0.000000E+00  0.946594E+06
  0.911495E-01  0.914180E+06  0.894911E+06  0.000000E+00  0.000000E+00  0.000000E+00  0.913573E+06
  0.942390E-01  0.882103E+06  0.863996E+06  0.000000E+00  0.000000E+00  0.000000E+00  0.881533E+06
  0.974333E-01  0.850960E+06  0.834187E+06  0.000000E+00  0.000000E+00  0.000000E+00  0.850431E+06
  0.100736E+00  0.820729E+06  0.805351E+06  0.000000E+00  0.000000E+00  0.000000E+00  0.820245E+06
  0.104150E+00  0.791351E+06  0.777306E+06  0.000000E+00  0.000000E+00  0.000000E+00  0.790909E+06
  0.107680E+00  0.762709E+06  0.749821E+06  0.000000E+00  0.000000E+00  0.000000E+00  0.762303E+06
  0.111330E+00  0.734671E+06  0.722680E+06  0.000000E+00  0.000000E+00  0.000000E+00  0.734293E+06
  0.115104E+00  0.707162E+06  0.695769E+06  0.000000E+00  0.000000E+00  0.000000E+00  0.706804E+06
  0.119005E+00  0.680193E+06  0.669111E+06  0.000000E+00  0.000000E+00  0.000000E+00  0.679844E+06
  0.123039E+00  0.653816E+06  0.642823E+06  0.000000E+00  0.000000E+00  0.000000E+00  0.653470E+06
  0.127209E+00  0.628074E+06  0.617052E+06  0.000000E+00  0.000000E+00  0.000000E+00  0.627727E+06
  0.131521E+00  0.603027E+06  0.591977E+06  0.000000E+00  0.000000E+00  0.000000E+00  0.602679E+06
  0.135979E+00  0.578801E+06  0.567833E+06  0.000000E+00  0.000000E+00  0.000000E+00  0.578456E+06
  0.140588E+00  0.555557E+06  0.544849E+06  0.000000E+00  0.000000E+00  0.000000E+00  0.555220E+06
  0.145353E+00  0.533344E+06  0.523085E+06  0.000000E+00  0.000000E+00  0.000000E+00  0.533020E+06
  0.150280E+00  0.512044E+06  0.502378E+06  0.000000E+00  0.000000E+00  0.000000E+00  0.511739E+06
  0.155374E+00  0.491496E+06  0.482477E+06  0.000000E+00  0.000000E+00  0.000000E+00  0.491212E+06
  0.160640E+00  0.471611E+06  0.463197E+06  0.000000E+00  0.000000E+00  0.000000E+00  0.471346E+06
  0.166085E+00  0.452334E+06  0.444410E+06  0.000000E+00  0.000000E+00  0.000000E+00  0.452084E+06
  0.171715E+00  0.433578E+06  0.426002E+06  0.000000E+00  0.000000E+00  0.000000E+00  0.433340E+06
  0.177535E+00  0.415319E+06  0.407973E+06  0.000000E+00  0.000000E+00  0.000000E+00  0.415087E+06
  0.183553E+00  0.397634E+06  0.390466E+06  0.000000E+00  0.000000E+00  0.000000E+00  0.397408E+06
  0.189774E+00  0.380601E+06  0.373629E+06  0.000000E+00  0.000000E+00  0.000000E+00  0.380381E+06
  0.196206E+00  0.364252E+06  0.357535E+06  0.000000E+00  0.000000E+00  0.000000E+00  0.364040E+06
  0.202857E+00  0.348606E+06  0.342205E+06  0.000000E+00  0.000000E+00  0.000000E+00  0.348405E+06
  0.209733E+00  0.333598E+06  0.327538E+06  0.000000E+00  0.000000E+00  0.000000E+00  0.333408E+06
  0.216842E+00  0.319118E+06  0.313378E+06  0.000000E+00  0.000000E+00  0.000000E+00  0.318937E+06
  0.224192E+00  0.305154E+06  0.299687E+06  0.000000E+00  0.000000E+00  0.000000E+00  0.304982E+06
  0.231791E+00  0.291705E+06  0.286464E+06  0.000000E+00  0.000000E+00  0.000000E+00  0.291540E+06
  0.239647E+00  0.278723E+06  0.273684E+06  0.000000E+00  0.000000E+00  0.000000E+00  0.278564E+06
  0.247770E+00  0.266248E+06  0.261414E+06  0.000000E+00  0.000000E+00  0.000000E+00  0.266096E+06
  0.256168E+00  0.254307E+06  0.249690E+06  0.000000E+00  0.000000E+00  0.000000E+00  0.254161E+06
  0.264851E+00  0.242839E+06  0.238444E+06  0.000000E+00  0.000000E+00  0.000000E+00  0.242700E+06
  0.273828E+00  0.231839E+06  0.227654E+06  0.000000E+00  0.000000E+00  0.000000E+00  0.231707E+06
  0.283110E+00  0.221276E+06  0.217284E+06  0.000000E+00  0.000000E+00  0.000000E+00  0.221150E+06
  0.292706E+00  0.211123E+06  0.207308E+06  0.000000E+00  0.000000E+00  0.000000E+00  0.211002E+06
  0.302627E+00  0.201394E+06  0.197751E+06  0.000000E+00  0.000000E+00  0.000000E+00  0.201279E+06
  0.312884E+00  0.192064E+06  0.188591E+06  0.000000E+00  0.000000E+00  0.000000E+00  0.191955E+06
  0.323490E+00  0.183131E+06  0.179822E+06  0.000000E+00  0.000000E+00  0.000000E+00  0.183027E+06
  0.334454E+00  0.174567E+06  0.171413E+06  0.000000E+00  0.000000E+00  0.000000E+00  0.174467E+06
  0.345791E+00  0.166367E+06  0.163361E+06  0.000000E+00  0.000000E+00  0.000000E+00  0.166272E+06
  0.357512E+00  0.158512E+06  0.155648E+06  0.000000E+00  0.000000E+00  0.000000E+00  0.158422E+06
  0.369629E+00  0.150998E+06  0.148270E+06  0.000000E+00  0.000000E+00  0.000000E+00  0.150912E+06
  0.382158E+00  0.143805E+06  0.141207E+06  0.000000E+00  0.000000E+00  0.000000E+00  0.143723E+06
  0.395111E+00  0.136928E+06  0.134455E+06  0.000000E+00  0.000000E+00  0.000000E+00  0.136850E+06
  0.408504E+00  0.130349E+06  0.127995E+06  0.000000E+00  0.000000E+00  0.000000E+00  0.130275E+06
  0.422350E+00  0.124065E+06  0.121824E+06  0.000000E+00  0.000000E+00  0.000000E+00  0.123994E+06
  0.436666E+00  0.118057E+06  0.115924E+06  0.000000E+00  0.000000E+00  0.000000E+00  0.117989E+06
  0.451466E+00  0.112320E+06  0.110291E+06  0.000000E+00  0.000000E+00  0.000000E+00  0.112256E+06
  0.466769E+00  0.106841E+06  0.104911E+06  0.000000E+00  0.000000E+00  0.000000E+00  0.106780E+06
  0.482590E+00  0.101609E+06  0.997736E+05  0.000000E+00  0.000000E+00  0.000000E+00  0.101551E+06
  0.498948E+00  0.966159E+05  0.948712E+05  0.000000E+00  0.000000E+00  0.000000E+00  0.965609E+05
  0.515859E+00  0.918512E+05  0.901926E+05  0.000000E+00  0.000000E+00  0.000000E+00  0.917990E+05
  0.533344E+00  0.873040E+05  0.857276E+05  0.000000E+00  0.000000E+00  0.000000E+00  0.872543E+05
  0.551422E+00  0.829668E+05  0.814688E+05  0.000000E+00  0.000000E+00  0.000000E+00  0.829197E+05
  0.570113E+00  0.788310E+05  0.774077E+05  0.000000E+00  0.000000E+00  0.000000E+00  0.787862E+05
  0.589437E+00  0.748877E+05  0.735356E+05  0.000000E+00  0.000000E+00  0.000000E+00  0.748451E+05
  0.609416E+00  0.711288E+05  0.698446E+05  0.000000E+00  0.000000E+00  0.000000E+00  0.710883E+05
  0.630072E+00  0.675469E+05  0.663275E+05  0.000000E+00  0.000000E+00  0.000000E+00  0.675085E+05
  0.651428E+00  0.641352E+05  0.629774E+05  0.000000E+00  0.000000E+00  0.000000E+00  0.640988E+05
  0.673509E+00  0.608864E+05  0.597872E+05  0.000000E+00  0.000000E+00  0.000000E+00  0.608518E+05
  0.696337E+00  0.577935E+05  0.567502E+05  0.000000E+00  0.000000E+00  0.000000E+00  0.577606E+05
  0.719940E+00  0.548492E+05  0.538591E+05  0.000000E+00  0.000000E+00  0.000000E+00  0.548180E+05
  0.744342E+00  0.520469E+05  0.511075E+05  0.000000E+00  0.000000E+00  0.000000E+00  0.520174E+05
  0.769572E+00  0.493800E+05  0.484887E+05  0.000000E+00  0.000000E+00  0.000000E+00  0.493519E+05
  0.795656E+00  0.468422E+05  0.459967E+05  0.000000E+00  0.000000E+00  0.000000E+00  0.468156E+05
  0.822625E+00  0.444278E+05  0.436259E+05  0.000000E+00  0.000000E+00  0.000000E+00  0.444025E+05
  0.850508E+00  0.421315E+05  0.413711E+05  0.000000E+00  0.000000E+00  0.000000E+00  0.421076E+05
  0.879336E+00  0.399481E+05  0.392270E+05  0.000000E+00  0.000000E+00  0.000000E+00  0.399253E+05
  0.909141E+00  0.378727E+05  0.371892E+05  0.000000E+00  0.000000E+00  0.000000E+00  0.378512E+05
  0.939957E+00  0.359006E+05  0.352527E+05  0.000000E+00  0.000000E+00  0.000000E+00  0.358802E+05
  0.971817E+00  0.340266E+05  0.334125E+05  0.000000E+00  0.000000E+00  0.000000E+00  0.340072E+05
  0.100476E+01  0.322457E+05  0.316638E+05  0.000000E+00  0.000000E+00  0.000000E+00  0.322274E+05
  0.103881E+01  0.305540E+05  0.300026E+05  0.000000E+00  0.000000E+00  0.000000E+00  0.305366E+05
  0.107402E+01  0.289470E+05  0.284246E+05  0.000000E+00  0.000000E+00  0.000000E+00  0.289305E+05
  0.111043E+01  0.274212E+05  0.269263E+05  0.000000E+00  0.000000E+00  0.000000E+00  0.274056E+05
  0.114807E+01  0.259726E+05  0.255039E+05  0.000000E+00  0.000000E+00  0.000000E+00  0.259579E+05
  0.118698E+01  0.245978E+05  0.241539E+05  0.000000E+00  0.000000E+00  0.000000E+00  0.245838E+05
  0.122721E+01  0.232929E+05  0.228725E+05  0.000000E+00  0.000000E+00  0.000000E+00  0.232796E+05
  0.126881E+01  0.220543E+05  0.216564E+05  0.000000E+00  0.000000E+00  0.000000E+00  0.220418E+05
  0.131182E+01  0.208792E+05  0.205024E+05  0.000000E+00  0.000000E+00  0.000000E+00  0.208674E+05
  0.135628E+01  0.197645E+05  0.194078E+05  0.000000E+00  0.000000E+00  0.000000E+00  0.197532E+05
  0.140225E+01  0.187072E+05  0.183696E+05  0.000000E+00  0.000000E+00  0.000000E+00  0.186965E+05
  0.144978E+01  0.177044E+05  0.173849E+05  0.000000E+00  0.000000E+00  0.000000E+00  0.176943E+05
  0.149892E+01  0.167534E+05  0.164511E+05  0.000000E+00  0.000000E+00  0.000000E+00  0.167439E+05
  0.154973E+01  0.158517E+05  0.155657E+05  0.000000E+00  0.000000E+00  0.000000E+00  0.158427E+05
  0.160226E+01  0.149970E+05  0.147263E+05  0.000000E+00  0.000000E+00  0.000000E+00  0.149884E+05
  0.165656E+01  0.141869E+05  0.139309E+05  0.000000E+00  0.000000E+00  0.000000E+00  0.141788E+05
  0.171271E+01  0.134191E+05  0.131769E+05  0.000000E+00  0.000000E+00  0.000000E+00  0.134114E+05
  0.177077E+01  0.126915E+05  0.124625E+05  0.000000E+00  0.000000E+00  0.000000E+00  0.126843E+05
  0.183079E+01  0.120022E+05  0.117856E+05  0.000000E+00  0.000000E+00  0.000000E+00  0.119954E+05
  0.189284E+01  0.113493E+05  0.111445E+05  0.000000E+00  0.000000E+00  0.000000E+00  0.113428E+05
  0.195700E+01  0.107308E+05  0.105371E+05  0.000000E+00  0.000000E+00  0.000000E+00  0.107247E+05
  0.202333E+01  0.101451E+05  0.996200E+04  0.000000E+00  0.000000E+00  0.000000E+00  0.101393E+05
  0.209191E+01  0.959042E+04  0.941735E+04  0.000000E+00  0.000000E+00  0.000000E+00  0.958497E+04
  0.216282E+01  0.906525E+04  0.890165E+04  0.000000E+00  0.000000E+00  0.000000E+00  0.906010E+04
  0.223613E+01  0.856802E+04  0.841339E+04  0.000000E+00  0.000000E+00  0.000000E+00  0.856315E+04
  0.231192E+01  0.809732E+04  0.795119E+04  0.000000E+00  0.000000E+00  0.000000E+00  0.809272E+04
  0.239028E+01  0.765178E+04  0.751369E+04  0.000000E+00  0.000000E+00  0.000000E+00  0.764743E+04
  0.247130E+01  0.723011E+04  0.709962E+04  0.000000E+00  0.000000E+00  0.000000E+00  0.722600E+04
  0.255507E+01  0.683108E+04  0.670779E+04  0.000000E+00  0.000000E+00  0.000000E+00  0.682719E+04
  0.264167E+01  0.645351E+04  0.633703E+04  0.000000E+00  0.000000E+00  0.000000E+00  0.644985E+04
  0.273121E+01  0.609632E+04  0.598629E+04  0.000000E+00  0.000000E+00  0.000000E+00  0.609286E+04
  0.282379E+01  0.575842E+04  0.565448E+04  0.000000E+00  0.000000E+00  0.000000E+00  0.575515E+04
  0.291950E+01  0.543883E+04  0.534065E+04  0.000000E+00  0.000000E+00  0.000000E+00  0.543574E+04
  0.301846E+01  0.513656E+04  0.504384E+04  0.000000E+00  0.000000E+00  0.000000E+00  0.513364E+04
  0.312077E+01  0.485071E+04  0.476314E+04  0.000000E+00  0.000000E+00  0.000000E+00  0.484795E+04
  0.322655E+01  0.458040E+04  0.449771E+04  0.000000E+00  0.000000E+00  0.000000E+00  0.457780E+04
  0.333591E+01  0.432482E+04  0.424674E+04  0.000000E+00  0.000000E+00  0.000000E+00  0.432236E+04
  0.344898E+01  0.408318E+04  0.400945E+04  0.000000E+00  0.000000E+00  0.000000E+00  0.408085E+04
  0.356588E+01  0.385474E+04  0.378514E+04  0.000000E+00  0.000000E+00  0.000000E+00  0.385255E+04
  0.368675E+01  0.363881E+04  0.357310E+04  0.000000E+00  0.000000E+00  0.000000E+00  0.363674E+04
  0.381172E+01  0.343473E+04  0.337270E+04  0.000000E+00  0.000000E+00  0.000000E+00  0.343277E+04
  0.394091E+01  0.324187E+04  0.318332E+04  0.000000E+00  0.000000E+00  0.000000E+00  0.324003E+04
  0.407449E+01  0.305963E+04  0.300436E+04  0.000000E+00  0.000000E+00  0.000000E+00  0.305789E+04
  0.421259E+01  0.288744E+04  0.283528E+04  0.000000E+00  0.000000E+00  0.000000E+00  0.288580E+04
  0.435538E+01  0.272475E+04  0.267552E+04  0.000000E+00  0.000000E+00  0.000000E+00  0.272320E+04
  0.450301E+01  0.257105E+04  0.252459E+04  0.000000E+00  0.000000E+00  0.000000E+00  0.256959E+04
  0.465564E+01  0.242585E+04  0.238201E+04  0.000000E+00  0.000000E+00  0.000000E+00  0.242447E+04
  0.481344E+01  0.228869E+04  0.224733E+04  0.000000E+00  0.000000E+00  0.000000E+00  0.228739E+04
  0.497659E+01  0.215915E+04  0.212012E+04  0.000000E+00  0.000000E+00  0.000000E+00  0.215792E+04
  0.514527E+01  0.203681E+04  0.199999E+04  0.000000E+00  0.000000E+00  0.000000E+00  0.203565E+04
  0.531968E+01  0.192129E+04  0.188655E+04  0.000000E+00  0.000000E+00  0.000000E+00  0.192019E+04
  0.549998E+01  0.181221E+04  0.177943E+04  0.000000E+00  0.000000E+00  0.000000E+00  0.181117E+04
  0.568641E+01  0.170921E+04  0.167830E+04  0.000000E+00  0.000000E+00  0.000000E+00  0.170824E+04
  0.587915E+01  0.161197E+04  0.158281E+04  0.000000E+00  0.000000E+00  0.000000E+00  0.161105E+04
  0.607843E+01  0.152017E+04  0.149266E+04  0.000000E+00  0.000000E+00  0.000000E+00  0.151930E+04
  0.628446E+01  0.143350E+04  0.140756E+04  0.000000E+00  0.000000E+00  0.000000E+00  0.143269E+04
  0.649747E+01  0.135170E+04  0.132723E+04  0.000000E+00  0.000000E+00  0.000000E+00  0.135093E+04
  0.671770E+01  0.127450E+04  0.125142E+04  0.000000E+00  0.000000E+00  0.000000E+00  0.127377E+04
  0.694539E+01  0.120164E+04  0.117987E+04  0.000000E+00  0.000000E+00  0.000000E+00  0.120095E+04
  0.718081E+01  0.113288E+04  0.111235E+04  0.000000E+00  0.000000E+00  0.000000E+00  0.113224E+04
  0.742420E+01  0.106800E+04  0.104864E+04  0.000000E+00  0.000000E+00  0.000000E+00  0.106739E+04
  0.767585E+01  0.100677E+04  0.988517E+03  0.000000E+00  0.000000E+00  0.000000E+00  0.100620E+04
  0.793602E+01  0.949003E+03  0.931790E+03  0.000000E+00  0.000000E+00  0.000000E+00  0.948461E+03
  0.820502E+01  0.894501E+03  0.878270E+03  0.000000E+00  0.000000E+00  0.000000E+00  0.893990E+03
  0.848312E+01  0.843089E+03  0.827784E+03  0.000000E+00  0.000000E+00  0.000000E+00  0.842606E+03
  0.877066E+01  0.794590E+03  0.780159E+03  0.000000E+00  0.000000E+00  0.000000E+00  0.794136E+03
  0.906794E+01  0.748844E+03  0.735237E+03  0.000000E+00  0.000000E+00  0.000000E+00  0.748415E+03
  0.937530E+01  0.705692E+03  0.692862E+03  0.000000E+00  0.000000E+00  0.000000E+00  0.705288E+03
  0.969308E+01  0.664992E+03  0.652896E+03  0.000000E+00  0.000000E+00  0.000000E+00  0.664611E+03
  0.100216E+02  0.626609E+03  0.615204E+03  0.000000E+00  0.000000E+00  0.000000E+00  0.626250E+03
  0.103613E+02  0.590414E+03  0.579661E+03  0.000000E+00  0.000000E+00  0.000000E+00  0.590075E+03
  0.107125E+02  0.556285E+03  0.546147E+03  0.000000E+00  0.000000E+00  0.000000E+00  0.555966E+03
  0.110756E+02  0.524102E+03  0.514543E+03  0.000000E+00  0.000000E+00  0.000000E+00  0.523801E+03
  0.114510E+02  0.493757E+03  0.484745E+03  0.000000E+00  0.000000E+00  0.000000E+00  0.493473E+03
  0.118392E+02  0.465145E+03  0.456648E+03  0.000000E+00  0.000000E+00  0.000000E+00  0.464878E+03
  0.122404E+02  0.438174E+03  0.430162E+03  0.000000E+00  0.000000E+00  0.000000E+00  0.437921E+03
  0.126553E+02  0.412748E+03  0.405194E+03  0.000000E+00  0.000000E+00  0.000000E+00  0.412510E+03
  0.130843E+02  0.388780E+03  0.381658E+03  0.000000E+00  0.000000E+00  0.000000E+00  0.388556E+03
  0.135278E+02  0.366186E+03  0.359471E+03  0.000000E+00  0.000000E+00  0.000000E+00  0.365975E+03
  0.139863E+02  0.344890E+03  0.338558E+03  0.000000E+00  0.000000E+00  0.000000E+00  0.344691E+03
  0.144604E+02  0.324819E+03  0.318848E+03  0.000000E+00  0.000000E+00  0.000000E+00  0.324631E+03
  0.149505E+02  0.305904E+03  0.300273E+03  0.000000E+00  0.000000E+00  0.000000E+00  0.305727E+03
  0.154573E+02  0.288077E+03  0.282767E+03  0.000000E+00  0.000000E+00  0.000000E+00  0.287910E+03
  0.159812E+02  0.271277E+03  0.266269E+03  0.000000E+00  0.000000E+00  0.000000E+00  0.271119E+03
  0.165229E+02  0.255447E+03  0.250724E+03  0.000000E+00  0.000000E+00  0.000000E+00  0.255298E+03
  0.170829E+02  0.240531E+03  0.236076E+03  0.000000E+00  0.000000E+00  0.000000E+00  0.240390E+03
  0.176619E+02  0.226477E+03  0.222275E+03  0.000000E+00  0.000000E+00  0.000000E+00  0.226344E+03
  0.182606E+02  0.213235E+03  0.209270E+03  0.000000E+00  0.000000E+00  0.000000E+00  0.213110E+03
  0.188795E+02  0.200759E+03  0.197019E+03  0.000000E+00  0.000000E+00  0.000000E+00  0.200641E+03
  0.195195E+02  0.189006E+03  0.185477E+03  0.000000E+00  0.000000E+00  0.000000E+00  0.188895E+03
  0.201811E+02  0.177934E+03  0.174604E+03  0.000000E+00  0.000000E+00  0.000000E+00  0.177830E+03
  0.208651E+02  0.167505E+03  0.164362E+03  0.000000E+00  0.000000E+00  0.000000E+00  0.167406E+03
  0.215723E+02  0.157680E+03  0.154714E+03  0.000000E+00  0.000000E+00  0.000000E+00  0.157587E+03
  0.223035E+02  0.148426E+03  0.145626E+03  0.000000E+00  0.000000E+00  0.000000E+00  0.148338E+03
  0.230595E+02  0.139711E+03  0.137067E+03  0.000000E+00  0.000000E+00  0.000000E+00  0.139628E+03
  0.238411E+02  0.131502E+03  0.129005E+03  0.000000E+00  0.000000E+00  0.000000E+00  0.131423E+03
  0.246492E+02  0.123771E+03  0.121413E+03  0.000000E+00  0.000000E+00  0.000000E+00  0.123696E+03
  0.254847E+02  0.116490E+03  0.114263E+03  0.000000E+00  0.000000E+00  0.000000E+00  0.116420E+03
  0.263485E+02  0.109634E+03  0.107529E+03  0.000000E+00  0.000000E+00  0.000000E+00  0.109567E+03
  0.272416E+02  0.103177E+03  0.101188E+03  0.000000E+00  0.000000E+00  0.000000E+00  0.103115E+03
  0.281650E+02  0.970975E+02  0.952174E+02  0.000000E+00  0.000000E+00  0.000000E+00  0.970383E+02
  0.291196E+02  0.913732E+02  0.895956E+02  0.000000E+00  0.000000E+00  0.000000E+00  0.913173E+02
  0.301066E+02  0.859832E+02  0.843020E+02  0.000000E+00  0.000000E+00  0.000000E+00  0.859302E+02
  0.311271E+02  0.809084E+02  0.793180E+02  0.000000E+00  0.000000E+00  0.000000E+00  0.808583E+02
  0.321822E+02  0.761307E+02  0.746256E+02  0.000000E+00  0.000000E+00  0.000000E+00  0.760833E+02
  0.332730E+02  0.716327E+02  0.702080E+02  0.000000E+00  0.000000E+00  0.000000E+00  0.715878E+02
  0.344008E+02  0.673980E+02  0.660490E+02  0.000000E+00  0.000000E+00  0.000000E+00  0.673555E+02
  0.355668E+02  0.634119E+02  0.621340E+02  0.000000E+00  0.000000E+00  0.000000E+00  0.633717E+02
  0.367723E+02  0.596595E+02  0.584485E+02  0.000000E+00  0.000000E+00  0.000000E+00  0.596214E+02
  0.380187E+02  0.561273E+02  0.549792E+02  0.000000E+00  0.000000E+00  0.000000E+00  0.560912E+02
  0.393074E+02  0.528026E+02  0.517138E+02  0.000000E+00  0.000000E+00  0.000000E+00  0.527683E+02
  0.406397E+02  0.496733E+02  0.486402E+02  0.000000E+00  0.000000E+00  0.000000E+00  0.496408E+02
  0.420172E+02  0.467279E+02  0.457471E+02  0.000000E+00  0.000000E+00  0.000000E+00  0.466970E+02
  0.434414E+02  0.439559E+02  0.430243E+02  0.000000E+00  0.000000E+00  0.000000E+00  0.439266E+02
  0.449138E+02  0.413470E+02  0.404618E+02  0.000000E+00  0.000000E+00  0.000000E+00  0.413191E+02
  0.464362E+02  0.388918E+02  0.380500E+02  0.000000E+00  0.000000E+00  0.000000E+00  0.388653E+02
  0.480101E+02  0.365813E+02  0.357805E+02  0.000000E+00  0.000000E+00  0.000000E+00  0.365561E+02
  0.496375E+02  0.344069E+02  0.336446E+02  0.000000E+00  0.000000E+00  0.000000E+00  0.343829E+02
  0.513199E+02  0.323610E+02  0.316349E+02  0.000000E+00  0.000000E+00  0.000000E+00  0.323381E+02
  0.530594E+02  0.304357E+02  0.297436E+02  0.000000E+00  0.000000E+00  0.000000E+00  0.304139E+02
  0.548579E+02  0.286241E+02  0.279640E+02  0.000000E+00  0.000000E+00  0.000000E+00  0.286033E+02
  0.567173E+02  0.269196E+02  0.262895E+02  0.000000E+00  0.000000E+00  0.000000E+00  0.268997E+02
  0.586397E+02  0.253158E+02  0.247139E+02  0.000000E+00  0.000000E+00  0.000000E+00  0.252969E+02
  0.606273E+02  0.238069E+02  0.232315E+02  0.000000E+00  0.000000E+00  0.000000E+00  0.237888E+02
  0.626823E+02  0.223873E+02  0.218368E+02  0.000000E+00  0.000000E+00  0.000000E+00  0.223700E+02
  0.648069E+02  0.210518E+02  0.205247E+02  0.000000E+00  0.000000E+00  0.000000E+00  0.210351E+02
  0.670036E+02  0.197953E+02  0.192902E+02  0.000000E+00  0.000000E+00  0.000000E+00  0.197794E+02
  0.692747E+02  0.186133E+02  0.181289E+02  0.000000E+00  0.000000E+00  0.000000E+00  0.185980E+02
  0.716227E+02  0.175014E+02  0.170364E+02  0.000000E+00  0.000000E+00  0.000000E+00  0.174867E+02
  0.740504E+02  0.164554E+02  0.160086E+02  0.000000E+00  0.000000E+00  0.000000E+00  0.164414E+02
  0.765604E+02  0.154716E+02  0.150418E+02  0.000000E+00  0.000000E+00  0.000000E+00  0.154580E+02
  0.791553E+02  0.145461E+02  0.141325E+02  0.000000E+00  0.000000E+00  0.000000E+00  0.145331E+02
  0.818384E+02  0.136756E+02  0.132770E+02  0.000000E+00  0.000000E+00  0.000000E+00  0.136631E+02
  0.846122E+02  0.128569E+02  0.124725E+02  0.000000E+00  0.000000E+00  0.000000E+00  0.128448E+02
  0.874802E+02  0.120868E+02  0.117157E+02  0.000000E+00  0.000000E+00  0.000000E+00  0.120751E+02
  0.904453E+02  0.113625E+02  0.110039E+02  0.000000E+00  0.000000E+00  0.000000E+00  0.113512E+02
  0.935109E+02  0.106814E+02  0.103345E+02  0.000000E+00  0.000000E+00  0.000000E+00  0.106705E+02
  0.966806E+02  0.100407E+02  0.970482E+01  0.000000E+00  0.000000E+00  0.000000E+00  0.100302E+02
  0.999576E+02  0.943830E+01  0.911270E+01  0.000000E+00  0.000000E+00  0.000000E+00  0.942804E+01
  0.103346E+03  0.887174E+01  0.855585E+01  0.000000E+00  0.000000E+00  0.000000E+00  0.886179E+01
  0.106849E+03  0.833893E+01  0.803214E+01  0.000000E+00  0.000000E+00  0.000000E+00  0.832927E+01
  0.110470E+03  0.783793E+01  0.753970E+01  0.000000E+00  0.000000E+00  0.000000E+00  0.782853E+01
  0.114215E+03  0.736681E+01  0.707662E+01  0.000000E+00  0.000000E+00  0.000000E+00  0.735767E+01
  0.118086E+03  0.692381E+01  0.664118E+01  0.000000E+00  0.000000E+00  0.000000E+00  0.691491E+01
  0.122089E+03  0.650724E+01  0.623171E+01  0.000000E+00  0.000000E+00  0.000000E+00  0.649856E+01
  0.126227E+03  0.611558E+01  0.584672E+01  0.000000E+00  0.000000E+00  0.000000E+00  0.610711E+01
  0.130505E+03  0.574732E+01  0.548474E+01  0.000000E+00  0.000000E+00  0.000000E+00  0.573905E+01
  0.134928E+03  0.540107E+01  0.514441E+01  0.000000E+00  0.000000E+00  0.000000E+00  0.539299E+01
  0.139502E+03  0.507552E+01  0.482443E+01  0.000000E+00  0.000000E+00  0.000000E+00  0.506761E+01
  0.144230E+03  0.476946E+01  0.452362E+01  0.000000E+00  0.000000E+00  0.000000E+00  0.476172E+01
  0.149119E+03  0.448172E+01  0.424084E+01  0.000000E+00  0.000000E+00  0.000000E+00  0.447413E+01
  0.154173E+03  0.421120E+01  0.397501E+01  0.000000E+00  0.000000E+00  0.000000E+00  0.420376E+01
  0.159399E+03  0.395688E+01  0.372512E+01  0.000000E+00  0.000000E+00  0.000000E+00  0.394958E+01
  0.164802E+03  0.371781E+01  0.349025E+01  0.000000E+00  0.000000E+00  0.000000E+00  0.371064E+01
  0.170388E+03  0.349307E+01  0.326950E+01  0.000000E+00  0.000000E+00  0.000000E+00  0.348603E+01
  0.176164E+03  0.328180E+01  0.306202E+01  0.000000E+00  0.000000E+00  0.000000E+00  0.327488E+01
  0.182135E+03  0.308321E+01  0.286704E+01  0.000000E+00  0.000000E+00  0.000000E+00  0.307641E+01
  0.188308E+03  0.289655E+01  0.268383E+01  0.000000E+00  0.000000E+00  0.000000E+00  0.288985E+01
  0.194691E+03  0.272109E+01  0.251167E+01  0.000000E+00  0.000000E+00  0.000000E+00  0.271449E+01
  0.201290E+03  0.255616E+01  0.234991E+01  0.000000E+00  0.000000E+00  0.000000E+00  0.254966E+01
