  0.108800E-04  0.398251E+06  0.398251E+06  0.530997E+06  0.530997E+06  0.000000E+00  0.398251E+06
  0.112487E-04  0.398251E+06  0.398251E+06  0.530997E+06  0.530996E+06  0.000000E+00  0.398251E+06
  0.116300E-04  0.398251E+06  0.398251E+06  0.530996E+06  0.530996E+06  0.000000E+00  0.398251E+06
  0.120242E-04  0.398251E+06  0.398251E+06  0.530996E+06  0.530996E+06  0.000000E+00  0.398251E+06
  0.124318E-04  0.398251E+06  0.398251E+06  0.530996E+06  0.530995E+06  0.000000E+00  0.398251E+06
  0.128531E-04  0.398251E+06  0.398251E+06  0.530995E+06  0.530995E+06  0.000000E+00  0.398251E+06
  0.132888E-04  0.398251E+06  0.398251E+06  0.530995E+06  0.530994E+06  0.000000E+00  0.398251E+06
  0.137392E-04  0.398251E+06  0.398251E+06  0.530994E+06  0.530994E+06  0.000000E+00  0.398251E+06
  0.142049E-04  0.398251E+06  0.398251E+06  0.530994E+06  0.530993E+06  0.000000E+00  0.398251E+06
  0.146864E-04  0.398251E+06  0.398251E+06  0.530993E+06  0.530993E+06  0.000000E+00  0.398251E+06
  0.151842E-04  0.398251E+06  0.398251E+06  0.530993E+06  0.530992E+06  0.000000E+00  0.398251E+06
  0.156989E-04  0.398251E+06  0.398251E+06  0.530992E+06  0.530991E+06  0.000000E+00  0.398251E+06
  0.162310E-04  0.398251E+06  0.398251E+06  0.530991E+06  0.530991E+06  0.000000E+00  0.398251E+06
  0.167811E-04  0.398251E+06  0.398251E+06  0.530991E+06  0.530990E+06  0.000000E+00  0.398251E+06
  0.173499E-04  0.398251E+06  0.398251E+06  0.530990E+06  0.530989E+06  0.000000E+00  0.398251E+06
  0.179380E-04  0.398251E+06  0.398251E+06  0.530989E+06  0.530988E+06  0.000000E+00  0.398251E+06
  0.185460E-04  0.398251E+06  0.398251E+06  0.530988E+06  0.530987E+06  0.000000E+00  0.398251E+06
  0.191746E-04  0.398251E+06  0.398251E+06  0.530987E+06  0.530986E+06  0.000000E+00  0.398251E+06
  0.198246E-04  0.398251E+06  0.398251E+06  0.530986E+06  0.530985E+06  0.000000E+00  0.398251E+06
  0.204965E-04  0.398251E+06  0.398251E+06  0.530985E+06  0.530984E+06  0.000000E+00  0.398251E+06
  0.211913E-04  0.398251E+06  0.398251E+06  0.530984E+06  0.530983E+06  0.000000E+00  0.398251E+06
  0.219095E-04  0.398251E+06  0.398251E+06  0.530983E+06  0.530982E+06  0.000000E+00  0.398251E+06
  0.226522E-04  0.398251E+06  0.398251E+06  0.530982E+06  0.530980E+06  0.000000E+00  0.398251E+06
  0.234200E-04  0.398251E+06  0.398250E+06  0.530980E+06  0.530979E+06  0.000000E+00  0.398251E+06
  0.242138E-04  0.398250E+06  0.398250E+06  0.530979E+06  0.530977E+06  0.000000E+00  0.398250E+06
  0.250345E-04  0.398250E+06  0.398250E+06  0.530977E+06  0.530976E+06  0.000000E+00  0.398250E+06
  0.258831E-04  0.398250E+06  0.398250E+06  0.530976E+06  0.530974E+06  0.000000E+00  0.398250E+06
  0.267604E-04  0.398250E+06  0.398250E+06  0.530974E+06  0.530972E+06  0.000000E+00  0.398250E+06
  0.276674E-04  0.398250E+06  0.398250E+06  0.530972E+06  0.530970E+06  0.000000E+00  0.398250E+06
  0.286052E-04  0.398250E+06  0.398250E+06  0.530970E+06  0.530968E+06  0.000000E+00  0.398250E+06
  0.295748E-04  0.398250E+06  0.398250E+06  0.530968E+06  0.530965E+06  0.000000E+00  0.398250E+06
  0.305772E-04  0.398250E+06  0.398250E+06  0.530965E+06  0.530963E+06  0.000000E+00  0.398250E+06
  0.316136E-04  0.398250E+06  0.398250E+06  0.530963E+06  0.530960E+06  0.000000E+00  0.398250E+06
  0.326852E-04  0.398250E+06  0.398250E+06  0.530960E+06  0.530957E+06  0.000000E+00  0.398250E+06
  0.337931E-04  0.398250E+06  0.398250E+06  0.530957E+06  0.530954E+06  0.000000E+00  0.398250E+06
  0.349385E-04  0.398250E+06  0.398250E+06  0.530954E+06  0.530951E+06  0.000000E+00  0.398250E+06
  0.361227E-04  0.398250E+06  0.398250E+06  0.530951E+06  0.530947E+06  0.000000E+00  0.398250E+06
  0.373471E-04  0.398249E+06  0.398249E+06  0.530947E+06  0.530944E+06  0.000000E+00  0.398249E+06
  0.386130E-04  0.398249E+06  0.398249E+06  0.530943E+06  0.530940E+06  0.000000E+00  0.398249E+06
  0.399218E-04  0.398249E+06  0.398249E+06  0.530939E+06  0.530935E+06  0.000000E+00  0.398249E+06
  0.412749E-04  0.398249E+06  0.398249E+06  0.530935E+06  0.530931E+06  0.000000E+00  0.398249E+06
  0.426740E-04  0.398249E+06  0.398249E+06  0.530931E+06  0.530926E+06  0.000000E+00  0.398249E+06
  0.441204E-04  0.398249E+06  0.398249E+06  0.530926E+06  0.530920E+06  0.000000E+00  0.398249E+06
  0.456159E-04  0.398249E+06  0.398248E+06  0.530920E+06  0.530915E+06  0.000000E+00  0.398249E+06
  0.471620E-04  0.398248E+06  0.398248E+06  0.530915E+06  0.530909E+06  0.000000E+00  0.398248E+06
  0.487606E-04  0.398248E+06  0.398248E+06  0.530909E+06  0.530903E+06  0.000000E+00  0.398248E+06
  0.504133E-04  0.398248E+06  0.398248E+06  0.530902E+06  0.530896E+06  0.000000E+00  0.398248E+06
  0.521221E-04  0.398248E+06  0.398248E+06  0.530896E+06  0.530888E+06  0.000000E+00  0.398248E+06
  0.538888E-04  0.398248E+06  0.398247E+06  0.530888E+06  0.530881E+06  0.000000E+00  0.398248E+06
  0.557153E-04  0.398247E+06  0.398247E+06  0.530880E+06  0.530872E+06  0.000000E+00  0.398247E+06
  0.576038E-04  0.398247E+06  0.398247E+06  0.530872E+06  0.530863E+06  0.000000E+00  0.398247E+06
  0.595563E-04  0.398247E+06  0.398246E+06  0.530863E+06  0.530854E+06  0.000000E+00  0.398247E+06
  0.615750E-04  0.398246E+06  0.398246E+06  0.530854E+06  0.530844E+06  0.000000E+00  0.398246E+06
  0.636621E-04  0.398246E+06  0.398246E+06  0.530843E+06  0.530833E+06  0.000000E+00  0.398246E+06
  0.658199E-04  0.398246E+06  0.398245E+06  0.530833E+06  0.530821E+06  0.000000E+00  0.398246E+06
  0.680509E-04  0.398245E+06  0.398245E+06  0.530821E+06  0.530809E+06  0.000000E+00  0.398245E+06
  0.703575E-04  0.398245E+06  0.398245E+06  0.530808E+06  0.530795E+06  0.000000E+00  0.398245E+06
  0.727422E-04  0.398245E+06  0.398244E+06  0.530795E+06  0.530781E+06  0.000000E+00  0.398244E+06
  0.752079E-04  0.398244E+06  0.398244E+06  0.530781E+06  0.530766E+06  0.000000E+00  0.398244E+06
  0.777570E-04  0.398244E+06  0.398243E+06  0.530766E+06  0.530750E+06  0.000000E+00  0.398244E+06
  0.803926E-04  0.398243E+06  0.398243E+06  0.530749E+06  0.530732E+06  0.000000E+00  0.398243E+06
  0.831175E-04  0.398243E+06  0.398242E+06  0.530732E+06  0.530714E+06  0.000000E+00  0.398242E+06
  0.859348E-04  0.398242E+06  0.398241E+06  0.530713E+06  0.530694E+06  0.000000E+00  0.398242E+06
  0.888476E-04  0.398241E+06  0.398241E+06  0.530694E+06  0.530673E+06  0.000000E+00  0.398241E+06
  0.918591E-04  0.398241E+06  0.398240E+06  0.530672E+06  0.530650E+06  0.000000E+00  0.398240E+06
  0.949726E-04  0.398240E+06  0.398239E+06  0.530650E+06  0.530626E+06  0.000000E+00  0.398240E+06
  0.981917E-04  0.398239E+06  0.398238E+06  0.530625E+06  0.530600E+06  0.000000E+00  0.398239E+06
  0.101520E-03  0.398238E+06  0.398237E+06  0.530599E+06  0.530572E+06  0.000000E+00  0.398238E+06
  0.104961E-03  0.398237E+06  0.398236E+06  0.530572E+06  0.530543E+06  0.000000E+00  0.398237E+06
  0.108519E-03  0.398236E+06  0.398235E+06  0.530542E+06  0.530511E+06  0.000000E+00  0.398236E+06
  0.112197E-03  0.398235E+06  0.398234E+06  0.530510E+06  0.530477E+06  0.000000E+00  0.398235E+06
  0.116000E-03  0.398234E+06  0.398233E+06  0.530477E+06  0.530441E+06  0.000000E+00  0.398234E+06
  0.119932E-03  0.398233E+06  0.398232E+06  0.530440E+06  0.530402E+06  0.000000E+00  0.398233E+06
  0.123997E-03  0.398232E+06  0.398231E+06  0.530402E+06  0.530361E+06  0.000000E+00  0.398232E+06
  0.128200E-03  0.398231E+06  0.398229E+06  0.530360E+06  0.530317E+06  0.000000E+00  0.398230E+06
  0.132545E-03  0.398229E+06  0.398228E+06  0.530316E+06  0.530270E+06  0.000000E+00  0.398229E+06
  0.137038E-03  0.398228E+06  0.398226E+06  0.530269E+06  0.530220E+06  0.000000E+00  0.398227E+06
  0.141683E-03  0.398226E+06  0.398224E+06  0.530218E+06  0.530166E+06  0.000000E+00  0.398226E+06
  0.146485E-03  0.398224E+06  0.398222E+06  0.530165E+06  0.530108E+06  0.000000E+00  0.398224E+06
  0.151450E-03  0.398222E+06  0.398220E+06  0.530107E+06  0.530046E+06  0.000000E+00  0.398222E+06
  0.156583E-03  0.398220E+06  0.398218E+06  0.530045E+06  0.529981E+06  0.000000E+00  0.398220E+06
  0.161891E-03  0.398218E+06  0.398216E+06  0.529979E+06  0.529910E+06  0.000000E+00  0.398218E+06
  0.167378E-03  0.398216E+06  0.398214E+06  0.529909E+06  0.529835E+06  0.000000E+00  0.398216E+06
  0.173051E-03  0.398214E+06  0.398211E+06  0.529834E+06  0.529755E+06  0.000000E+00  0.398213E+06
  0.178917E-03  0.398211E+06  0.398208E+06  0.529753E+06  0.529669E+06  0.000000E+00  0.398211E+06
  0.184981E-03  0.398208E+06  0.398205E+06  0.529667E+06  0.529577E+06  0.000000E+00  0.398208E+06
  0.191251E-03  0.398205E+06  0.398202E+06  0.529575E+06  0.529479E+06  0.000000E+00  0.398205E+06
  0.197734E-03  0.398202E+06  0.398199E+06  0.529477E+06  0.529374E+06  0.000000E+00  0.398202E+06
  0.204436E-03  0.398199E+06  0.398195E+06  0.529372E+06  0.529262E+06  0.000000E+00  0.398198E+06
  0.211366E-03  0.398195E+06  0.398191E+06  0.529260E+06  0.529143E+06  0.000000E+00  0.398194E+06
  0.218530E-03  0.398191E+06  0.398187E+06  0.529140E+06  0.529015E+06  0.000000E+00  0.398191E+06
  0.225937E-03  0.398187E+06  0.398183E+06  0.529012E+06  0.528878E+06  0.000000E+00  0.398186E+06
  0.233595E-03  0.398183E+06  0.398178E+06  0.528875E+06  0.528732E+06  0.000000E+00  0.398182E+06
  0.241513E-03  0.398178E+06  0.398173E+06  0.528729E+06  0.528576E+06  0.000000E+00  0.398177E+06
  0.249699E-03  0.398173E+06  0.398168E+06  0.528573E+06  0.528409E+06  0.000000E+00  0.398172E+06
  0.258162E-03  0.398167E+06  0.398162E+06  0.528405E+06  0.528231E+06  0.000000E+00  0.398167E+06
  0.266913E-03  0.398162E+06  0.398156E+06  0.528227E+06  0.528040E+06  0.000000E+00  0.398161E+06
  0.275960E-03  0.398156E+06  0.398149E+06  0.528036E+06  0.527836E+06  0.000000E+00  0.398154E+06
  0.285314E-03  0.398149E+06  0.398142E+06  0.527832E+06  0.527619E+06  0.000000E+00  0.398148E+06
  0.294984E-03  0.398142E+06  0.398134E+06  0.527614E+06  0.527386E+06  0.000000E+00  0.398141E+06
  0.304983E-03  0.398134E+06  0.398126E+06  0.527381E+06  0.527138E+06  0.000000E+00  0.398133E+06
  0.315320E-03  0.398126E+06  0.398118E+06  0.527133E+06  0.526873E+06  0.000000E+00  0.398125E+06
  0.326008E-03  0.398118E+06  0.398109E+06  0.526867E+06  0.526589E+06  0.000000E+00  0.398116E+06
  0.337058E-03  0.398108E+06  0.398099E+06  0.526583E+06  0.526286E+06  0.000000E+00  0.398107E+06
  0.348483E-03  0.398099E+06  0.398088E+06  0.526279E+06  0.525962E+06  0.000000E+00  0.398097E+06
  0.360295E-03  0.398088E+06  0.398077E+06  0.525955E+06  0.525616E+06  0.000000E+00  0.398086E+06
  0.372507E-03  0.398077E+06  0.398065E+06  0.525609E+06  0.525247E+06  0.000000E+00  0.398075E+06
  0.385133E-03  0.398065E+06  0.398052E+06  0.525239E+06  0.524852E+06  0.000000E+00  0.398063E+06
  0.398187E-03  0.398052E+06  0.398039E+06  0.524844E+06  0.524431E+06  0.000000E+00  0.398050E+06
  0.411684E-03  0.398038E+06  0.398024E+06  0.524422E+06  0.523981E+06  0.000000E+00  0.398036E+06
  0.425638E-03  0.398024E+06  0.398008E+06  0.523971E+06  0.523500E+06  0.000000E+00  0.398021E+06
  0.440065E-03  0.398008E+06  0.397992E+06  0.523489E+06  0.522986E+06  0.000000E+00  0.398006E+06
  0.454981E-03  0.397991E+06  0.397974E+06  0.522974E+06  0.522438E+06  0.000000E+00  0.397989E+06
  0.470403E-03  0.397973E+06  0.397955E+06  0.522425E+06  0.521852E+06  0.000000E+00  0.397971E+06
  0.486347E-03  0.397954E+06  0.397934E+06  0.521838E+06  0.521227E+06  0.000000E+00  0.397951E+06
  0.502832E-03  0.397934E+06  0.397912E+06  0.521212E+06  0.520559E+06  0.000000E+00  0.397931E+06
  0.519875E-03  0.397912E+06  0.397889E+06  0.520543E+06  0.519846E+06  0.000000E+00  0.397909E+06
  0.537497E-03  0.397889E+06  0.397864E+06  0.519829E+06  0.519085E+06  0.000000E+00  0.397885E+06
  0.555715E-03  0.397864E+06  0.397838E+06  0.519066E+06  0.518272E+06  0.000000E+00  0.397860E+06
  0.574551E-03  0.397837E+06  0.397809E+06  0.518252E+06  0.517405E+06  0.000000E+00  0.397833E+06
  0.594026E-03  0.397809E+06  0.397779E+06  0.517383E+06  0.516479E+06  0.000000E+00  0.397804E+06
  0.614160E-03  0.397778E+06  0.397746E+06  0.516456E+06  0.515492E+06  0.000000E+00  0.397773E+06
  0.634977E-03  0.397746E+06  0.397712E+06  0.515466E+06  0.514438E+06  0.000000E+00  0.397741E+06
  0.656500E-03  0.397711E+06  0.397675E+06  0.514410E+06  0.513314E+06  0.000000E+00  0.397705E+06
  0.678752E-03  0.397674E+06  0.397635E+06  0.513283E+06  0.512114E+06  0.000000E+00  0.397668E+06
  0.701758E-03  0.397634E+06  0.397593E+06  0.512081E+06  0.510835E+06  0.000000E+00  0.397628E+06
  0.725544E-03  0.397592E+06  0.397548E+06  0.510799E+06  0.509471E+06  0.000000E+00  0.397585E+06
  0.750137E-03  0.397547E+06  0.397499E+06  0.509432E+06  0.508016E+06  0.000000E+00  0.397539E+06
  0.775563E-03  0.397498E+06  0.397448E+06  0.507974E+06  0.506466E+06  0.000000E+00  0.397491E+06
  0.801851E-03  0.397447E+06  0.397393E+06  0.506419E+06  0.504813E+06  0.000000E+00  0.397438E+06
  0.829029E-03  0.397392E+06  0.397334E+06  0.504762E+06  0.503051E+06  0.000000E+00  0.397383E+06
  0.857129E-03  0.397333E+06  0.397271E+06  0.502996E+06  0.501175E+06  0.000000E+00  0.397323E+06
  0.886182E-03  0.397270E+06  0.397204E+06  0.501115E+06  0.499176E+06  0.000000E+00  0.397260E+06
  0.916219E-03  0.397203E+06  0.397132E+06  0.499110E+06  0.497048E+06  0.000000E+00  0.397192E+06
  0.947274E-03  0.397131E+06  0.397055E+06  0.496976E+06  0.494782E+06  0.000000E+00  0.397119E+06
  0.979383E-03  0.397055E+06  0.396974E+06  0.494703E+06  0.492370E+06  0.000000E+00  0.397042E+06
  0.101258E-02  0.396973E+06  0.396886E+06  0.492283E+06  0.489803E+06  0.000000E+00  0.396959E+06
  0.104690E-02  0.396885E+06  0.396793E+06  0.489708E+06  0.487074E+06  0.000000E+00  0.396871E+06
  0.108239E-02  0.396792E+06  0.396693E+06  0.486969E+06  0.484171E+06  0.000000E+00  0.396777E+06
  0.111907E-02  0.396693E+06  0.396587E+06  0.484056E+06  0.481086E+06  0.000000E+00  0.396676E+06
  0.115700E-02  0.396587E+06  0.396473E+06  0.480960E+06  0.477808E+06  0.000000E+00  0.396569E+06
  0.119622E-02  0.396473E+06  0.396352E+06  0.477669E+06  0.474327E+06  0.000000E+00  0.396455E+06
  0.123677E-02  0.396352E+06  0.396223E+06  0.474174E+06  0.470632E+06  0.000000E+00  0.396332E+06
  0.127869E-02  0.396223E+06  0.396085E+06  0.470462E+06  0.466711E+06  0.000000E+00  0.396202E+06
  0.132203E-02  0.396085E+06  0.395938E+06  0.466524E+06  0.462552E+06  0.000000E+00  0.396063E+06
  0.136684E-02  0.395938E+06  0.395781E+06  0.462346E+06  0.458145E+06  0.000000E+00  0.395914E+06
  0.141317E-02  0.395782E+06  0.395613E+06  0.457916E+06  0.453476E+06  0.000000E+00  0.395756E+06
  0.146107E-02  0.395614E+06  0.395434E+06  0.453224E+06  0.448534E+06  0.000000E+00  0.395587E+06
  0.151059E-02  0.395436E+06  0.395244E+06  0.448254E+06  0.443306E+06  0.000000E+00  0.395407E+06
  0.156179E-02  0.395246E+06  0.395040E+06  0.442996E+06  0.437779E+06  0.000000E+00  0.395214E+06
  0.161473E-02  0.395044E+06  0.394824E+06  0.437436E+06  0.431941E+06  0.000000E+00  0.395010E+06
  0.166946E-02  0.394828E+06  0.394593E+06  0.431561E+06  0.425780E+06  0.000000E+00  0.394791E+06
  0.172605E-02  0.394598E+06  0.394346E+06  0.425358E+06  0.419284E+06  0.000000E+00  0.394559E+06
  0.178455E-02  0.394352E+06  0.394084E+06  0.418816E+06  0.412440E+06  0.000000E+00  0.394311E+06
  0.184504E-02  0.394091E+06  0.393805E+06  0.411922E+06  0.405239E+06  0.000000E+00  0.394047E+06
  0.190758E-02  0.393813E+06  0.393507E+06  0.404664E+06  0.397670E+06  0.000000E+00  0.393766E+06
  0.197223E-02  0.393517E+06  0.393190E+06  0.397032E+06  0.389724E+06  0.000000E+00  0.393467E+06
  0.203908E-02  0.393202E+06  0.392852E+06  0.389016E+06  0.381392E+06  0.000000E+00  0.393148E+06
  0.210820E-02  0.392867E+06  0.392493E+06  0.380607E+06  0.372669E+06  0.000000E+00  0.392809E+06
  0.217966E-02  0.392510E+06  0.392111E+06  0.371798E+06  0.363548E+06  0.000000E+00  0.392449E+06
  0.225354E-02  0.392131E+06  0.391704E+06  0.362583E+06  0.354029E+06  0.000000E+00  0.392065E+06
  0.232992E-02  0.391728E+06  0.391272E+06  0.352959E+06  0.344110E+06  0.000000E+00  0.391658E+06
  0.240889E-02  0.391300E+06  0.390813E+06  0.342924E+06  0.333793E+06  0.000000E+00  0.391224E+06
  0.249054E-02  0.390845E+06  0.390324E+06  0.332482E+06  0.323085E+06  0.000000E+00  0.390764E+06
  0.257496E-02  0.390362E+06  0.389806E+06  0.321635E+06  0.311995E+06  0.000000E+00  0.390276E+06
  0.266224E-02  0.389849E+06  0.389255E+06  0.310393E+06  0.300536E+06  0.000000E+00  0.389757E+06
  0.275248E-02  0.389305E+06  0.388671E+06  0.298768E+06  0.288726E+06  0.000000E+00  0.389207E+06
  0.284577E-02  0.388728E+06  0.388051E+06  0.286777E+06  0.276586E+06  0.000000E+00  0.388624E+06
  0.294223E-02  0.388117E+06  0.387394E+06  0.274441E+06  0.264146E+06  0.000000E+00  0.388006E+06
  0.304196E-02  0.387470E+06  0.386697E+06  0.261788E+06  0.251438E+06  0.000000E+00  0.387351E+06
  0.314506E-02  0.386785E+06  0.385960E+06  0.248851E+06  0.238500E+06  0.000000E+00  0.386658E+06
  0.325166E-02  0.386060E+06  0.385179E+06  0.235669E+06  0.225380E+06  0.000000E+00  0.385924E+06
  0.336188E-02  0.385294E+06  0.384352E+06  0.222287E+06  0.212129E+06  0.000000E+00  0.385148E+06
  0.347583E-02  0.384484E+06  0.383479E+06  0.208758E+06  0.198804E+06  0.000000E+00  0.384329E+06
  0.359365E-02  0.383629E+06  0.382556E+06  0.195141E+06  0.185472E+06  0.000000E+00  0.383464E+06
  0.371545E-02  0.382727E+06  0.381581E+06  0.181502E+06  0.172202E+06  0.000000E+00  0.382550E+06
  0.384139E-02  0.381776E+06  0.380553E+06  0.167913E+06  0.159071E+06  0.000000E+00  0.381588E+06
  0.397159E-02  0.380775E+06  0.379469E+06  0.154455E+06  0.146160E+06  0.000000E+00  0.380573E+06
  0.410621E-02  0.379721E+06  0.378327E+06  0.141211E+06  0.133556E+06  0.000000E+00  0.379506E+06
  0.424539E-02  0.378612E+06  0.377125E+06  0.128273E+06  0.121345E+06  0.000000E+00  0.378383E+06
  0.438929E-02  0.377448E+06  0.375860E+06  0.115732E+06  0.109617E+06  0.000000E+00  0.377203E+06
  0.453806E-02  0.376226E+06  0.374531E+06  0.103685E+06  0.984602E+05  0.000000E+00  0.375964E+06
  0.469188E-02  0.374944E+06  0.373136E+06  0.922259E+05  0.879591E+05  0.000000E+00  0.374665E+06
  0.485091E-02  0.373601E+06  0.371673E+06  0.814491E+05  0.781927E+05  0.000000E+00  0.373304E+06
  0.501534E-02  0.372196E+06  0.370139E+06  0.714424E+05  0.692314E+05  0.000000E+00  0.371879E+06
  0.518533E-02  0.370728E+06  0.368533E+06  0.622863E+05  0.611337E+05  0.000000E+00  0.370389E+06
  0.536109E-02  0.369194E+06  0.366854E+06  0.540498E+05  0.539430E+05  0.000000E+00  0.368833E+06
  0.554280E-02  0.367595E+06  0.365099E+06  0.467872E+05  0.476850E+05  0.000000E+00  0.367210E+06
  0.573068E-02  0.365928E+06  0.363267E+06  0.405345E+05  0.423643E+05  0.000000E+00  0.365518E+06
  0.592492E-02  0.364194E+06  0.361357E+06  0.353061E+05  0.379624E+05  0.000000E+00  0.363756E+06
  0.612574E-02  0.362390E+06  0.359367E+06  0.310914E+05  0.344359E+05  0.000000E+00  0.361924E+06
  0.633338E-02  0.360518E+06  0.357296E+06  0.278528E+05  0.317163E+05  0.000000E+00  0.360021E+06
  0.654805E-02  0.358575E+06  0.355143E+06  0.255243E+05  0.297103E+05  0.000000E+00  0.358046E+06
  0.677000E-02  0.356563E+06  0.352906E+06  0.240107E+05  0.283026E+05  0.000000E+00  0.355998E+06
  0.699947E-02  0.354479E+06  0.350585E+06  0.231894E+05  0.273592E+05  0.000000E+00  0.353878E+06
  0.723671E-02  0.352324E+06  0.348177E+06  0.229140E+05  0.267341E+05  0.000000E+00  0.351684E+06
  0.748200E-02  0.350098E+06  0.345683E+06  0.230191E+05  0.262766E+05  0.000000E+00  0.349416E+06
  0.773561E-02  0.347799E+06  0.343101E+06  0.233283E+05  0.258403E+05  0.000000E+00  0.347074E+06
  0.799781E-02  0.345429E+06  0.340429E+06  0.236637E+05  0.252936E+05  0.000000E+00  0.344657E+06
  0.826889E-02  0.342986E+06  0.337667E+06  0.238577E+05  0.245296E+05  0.000000E+00  0.342165E+06
  0.854917E-02  0.340470E+06  0.334813E+06  0.237646E+05  0.234762E+05  0.000000E+00  0.339596E+06
  0.883894E-02  0.337880E+06  0.331865E+06  0.232744E+05  0.221033E+05  0.000000E+00  0.336951E+06
  0.913854E-02  0.335215E+06  0.328822E+06  0.223233E+05  0.204267E+05  0.000000E+00  0.334229E+06
  0.944829E-02  0.332476E+06  0.325683E+06  0.209026E+05  0.185082E+05  0.000000E+00  0.331428E+06
  0.976854E-02  0.329661E+06  0.322445E+06  0.190632E+05  0.164492E+05  0.000000E+00  0.328547E+06
  0.100996E-01  0.326769E+06  0.319107E+06  0.169140E+05  0.143789E+05  0.000000E+00  0.325587E+06
  0.104420E-01  0.323800E+06  0.315666E+06  0.146127E+05  0.124375E+05  0.000000E+00  0.322545E+06
  0.107959E-01  0.320753E+06  0.312122E+06  0.123499E+05  0.107551E+05  0.000000E+00  0.319421E+06
  0.111618E-01  0.317626E+06  0.308472E+06  0.103257E+05  0.942985E+04  0.000000E+00  0.316213E+06
  0.115402E-01  0.314419E+06  0.304715E+06  0.872133E+04  0.850950E+04  0.000000E+00  0.312922E+06
  0.119313E-01  0.311132E+06  0.300849E+06  0.766963E+04  0.797921E+04  0.000000E+00  0.309545E+06
  0.123357E-01  0.307763E+06  0.296872E+06  0.722880E+04  0.776068E+04  0.000000E+00  0.306082E+06
  0.127539E-01  0.304312E+06  0.292783E+06  0.000000E+00  0.000000E+00  0.000000E+00  0.302533E+06
  0.131862E-01  0.300779E+06  0.288580E+06  0.000000E+00  0.000000E+00  0.000000E+00  0.298896E+06
  0.136331E-01  0.297162E+06  0.284264E+06  0.000000E+00  0.000000E+00  0.000000E+00  0.295172E+06
  0.140952E-01  0.293463E+06  0.279833E+06  0.000000E+00  0.000000E+00  0.000000E+00  0.291360E+06
  0.145730E-01  0.289680E+06  0.275288E+06  0.000000E+00  0.000000E+00  0.000000E+00  0.287459E+06
  0.150669E-01  0.285814E+06  0.270626E+06  0.000000E+00  0.000000E+00  0.000000E+00  0.283470E+06
  0.155776E-01  0.281864E+06  0.265849E+06  0.000000E+00  0.000000E+00  0.000000E+00  0.279392E+06
  0.161056E-01  0.277830E+06  0.260958E+06  0.000000E+00  0.000000E+00  0.000000E+00  0.275226E+06
  0.166515E-01  0.273714E+06  0.255952E+06  0.000000E+00  0.000000E+00  0.000000E+00  0.270972E+06
  0.172159E-01  0.269514E+06  0.250834E+06  0.000000E+00  0.000000E+00  0.000000E+00  0.266631E+06
  0.177994E-01  0.265232E+06  0.245606E+06  0.000000E+00  0.000000E+00  0.000000E+00  0.262203E+06
  0.184028E-01  0.260869E+06  0.240270E+06  0.000000E+00  0.000000E+00  0.000000E+00  0.257690E+06
  0.190265E-01  0.256427E+06  0.234830E+06  0.000000E+00  0.000000E+00  0.000000E+00  0.253094E+06
  0.196714E-01  0.251905E+06  0.229290E+06  0.000000E+00  0.000000E+00  0.000000E+00  0.248415E+06
  0.203382E-01  0.247308E+06  0.223657E+06  0.000000E+00  0.000000E+00  0.000000E+00  0.243658E+06
  0.210276E-01  0.242637E+06  0.217936E+06  0.000000E+00  0.000000E+00  0.000000E+00  0.238824E+06
  0.217403E-01  0.237894E+06  0.212134E+06  0.000000E+00  0.000000E+00  0.000000E+00  0.233919E+06
  0.224772E-01  0.233084E+06  0.206262E+06  0.000000E+00  0.000000E+00  0.000000E+00  0.228945E+06
  0.232390E-01  0.228211E+06  0.200329E+06  0.000000E+00  0.000000E+00  0.000000E+00  0.223908E+06
  0.240267E-01  0.223278E+06  0.194347E+06  0.000000E+00  0.000000E+00  0.000000E+00  0.218813E+06
  0.248411E-01  0.218293E+06  0.188329E+06  0.000000E+00  0.000000E+00  0.000000E+00  0.213668E+06
  0.256831E-01  0.213259E+06  0.182291E+06  0.000000E+00  0.000000E+00  0.000000E+00  0.208480E+06
  0.265537E-01  0.208186E+06  0.176248E+06  0.000000E+00  0.000000E+00  0.000000E+00  0.203257E+06
  0.274537E-01  0.203079E+06  0.170220E+06  0.000000E+00  0.000000E+00  0.000000E+00  0.198008E+06
  0.283842E-01  0.197949E+06  0.164226E+06  0.000000E+00  0.000000E+00  0.000000E+00  0.192744E+06
  0.293463E-01  0.192804E+06  0.158289E+06  0.000000E+00  0.000000E+00  0.000000E+00  0.187477E+06
  0.303410E-01  0.187655E+06  0.152432E+06  0.000000E+00  0.000000E+00  0.000000E+00  0.182219E+06
  0.313694E-01  0.182513E+06  0.146679E+06  0.000000E+00  0.000000E+00  0.000000E+00  0.176983E+06
  0.324327E-01  0.177391E+06  0.141056E+06  0.000000E+00  0.000000E+00  0.000000E+00  0.171784E+06
  0.335320E-01  0.172302E+06  0.135592E+06  0.000000E+00  0.000000E+00  0.000000E+00  0.166637E+06
  0.346686E-01  0.167260E+06  0.130312E+06  0.000000E+00  0.000000E+00  0.000000E+00  0.161558E+06
  0.358437E-01  0.162278E+06  0.125245E+06  0.000000E+00  0.000000E+00  0.000000E+00  0.156563E+06
  0.370586E-01  0.157373E+06  0.120418E+06  0.000000E+00  0.000000E+00  0.000000E+00  0.151669E+06
  0.383147E-01  0.152534E+06  0.115831E+06  0.000000E+00  0.000000E+00  0.000000E+00  0.146869E+06
  0.396134E-01  0.147785E+06  0.111518E+06  0.000000E+00  0.000000E+00  0.000000E+00  0.142188E+06
  0.409561E-01  0.143154E+06  0.107512E+06  0.000000E+00  0.000000E+00  0.000000E+00  0.137653E+06
  0.423443E-01  0.138658E+06  0.103834E+06  0.000000E+00  0.000000E+00  0.000000E+00  0.133284E+06
  0.437796E-01  0.134310E+06  0.100497E+06  0.000000E+00  0.000000E+00  0.000000E+00  0.129092E+06
  0.452635E-01  0.130121E+06  0.975052E+05  0.000000E+00  0.000000E+00  0.000000E+00  0.125087E+06
  0.467977E-01  0.126095E+06  0.948538E+05  0.000000E+00  0.000000E+00  0.000000E+00  0.121273E+06
  0.483839E-01  0.122233E+06  0.925277E+05  0.000000E+00  0.000000E+00  0.000000E+00  0.117649E+06
  0.500239E-01  0.118531E+06  0.905011E+05  0.000000E+00  0.000000E+00  0.000000E+00  0.114205E+06
  0.517194E-01  0.114981E+06  0.887385E+05  0.000000E+00  0.000000E+00  0.000000E+00  0.110931E+06
  0.534725E-01  0.111573E+06  0.871959E+05  0.000000E+00  0.000000E+00  0.000000E+00  0.107811E+06
  0.552850E-01  0.108295E+06  0.858226E+05  0.000000E+00  0.000000E+00  0.000000E+00  0.104827E+06
  0.571588E-01  0.105139E+06  0.845656E+05  0.000000E+00  0.000000E+00  0.000000E+00  0.101964E+06
  0.590963E-01  0.102105E+06  0.833787E+05  0.000000E+00  0.000000E+00  0.000000E+00  0.992148E+05
  0.610993E-01  0.992460E+05  0.822683E+05  0.000000E+00  0.000000E+00  0.000000E+00  0.966258E+05
  0.631703E-01  0.963852E+05  0.810034E+05  0.000000E+00  0.000000E+00  0.000000E+00  0.940113E+05
  0.653114E-01  0.935667E+05  0.795839E+05  0.000000E+00  0.000000E+00  0.000000E+00  0.914087E+05
  0.675252E-01  0.907655E+05  0.779448E+05  0.000000E+00  0.000000E+00  0.000000E+00  0.887869E+05
  0.698139E-01  0.879581E+05  0.760310E+05  0.000000E+00  0.000000E+00  0.000000E+00  0.861174E+05
  0.721803E-01  0.851241E+05  0.738029E+05  0.000000E+00  0.000000E+00  0.000000E+00  0.833769E+05
  0.746268E-01  0.822496E+05  0.712427E+05  0.000000E+00  0.000000E+00  0.000000E+00  0.805509E+05
  0.771564E-01  0.793294E+05  0.683592E+05  0.000000E+00  0.000000E+00  0.000000E+00  0.776364E+05
  0.797716E-01  0.763686E+05  0.651902E+05  0.000000E+00  0.000000E+00  0.000000E+00  0.746434E+05
  0.824755E-01  0.733809E+05  0.618017E+05  0.000000E+00  0.000000E+00  0.000000E+00  0.715939E+05
  0.852709E-01  0.703883E+05  0.582848E+05  0.000000E+00  0.000000E+00  0.000000E+00  0.685204E+05
  0.881612E-01  0.674178E+05  0.547491E+05  0.000000E+00  0.000000E+00  0.000000E+00  0.654626E+05
  0.911495E-01  0.645008E+05  0.513162E+05  0.000000E+00  0.000000E+00  0.000000E+00  0.624661E+05
  0.942390E-01  0.616729E+05  0.481109E+05  0.000000E+00  0.000000E+00  0.000000E+00  0.595799E+05
  0.974333E-01  0.589719E+05  0.452505E+05  0.000000E+00  0.000000E+00  0.000000E+00  0.568543E+05
  0.100736E+00  0.564347E+05  0.428317E+05  0.000000E+00  0.000000E+00  0.000000E+00  0.543354E+05
  0.104150E+00  0.540900E+05  0.409135E+05  0.000000E+00  0.000000E+00  0.000000E+00  0.520564E+05
  0.107680E+00  0.519505E+05  0.395029E+05  0.000000E+00  0.000000E+00  0.000000E+00  0.500295E+05
  0.111330E+00  0.500091E+05  0.385470E+05  0.000000E+00  0.000000E+00  0.000000E+00  0.482401E+05
  0.115104E+00  0.482405E+05  0.379372E+05  0.000000E+00  0.000000E+00  0.000000E+00  0.466504E+05
  0.119005E+00  0.466065E+05  0.375226E+05  0.000000E+00  0.000000E+00  0.000000E+00  0.452045E+05
  0.123039E+00  0.450588E+05  0.371273E+05  0.000000E+00  0.000000E+00  0.000000E+00  0.438348E+05
  0.127209E+00  0.435404E+05  0.365718E+05  0.000000E+00  0.000000E+00  0.000000E+00  0.424649E+05
  0.131521E+00  0.419910E+05  0.356998E+05  0.000000E+00  0.000000E+00  0.000000E+00  0.410201E+05
  0.135979E+00  0.403646E+05  0.344167E+05  0.000000E+00  0.000000E+00  0.000000E+00  0.394467E+05
  0.140588E+00  0.386501E+05  0.327233E+05  0.000000E+00  0.000000E+00  0.000000E+00  0.377354E+05
  0.145353E+00  0.368759E+05  0.307234E+05  0.000000E+00  0.000000E+00  0.000000E+00  0.359264E+05
  0.150280E+00  0.350929E+05  0.285938E+05  0.000000E+00  0.000000E+00  0.000000E+00  0.340899E+05
  0.155374E+00  0.333543E+05  0.265393E+05  0.000000E+00  0.000000E+00  0.000000E+00  0.323025E+05
  0.160640E+00  0.317134E+05  0.247540E+05  0.000000E+00  0.000000E+00  0.000000E+00  0.306393E+05
  0.166085E+00  0.302237E+05  0.233855E+05  0.000000E+00  0.000000E+00  0.000000E+00  0.291683E+05
  0.171715E+00  0.289175E+05  0.224840E+05  0.000000E+00  0.000000E+00  0.000000E+00  0.279246E+05
  0.177535E+00  0.277781E+05  0.219660E+05  0.000000E+00  0.000000E+00  0.000000E+00  0.268811E+05
  0.183553E+00  0.267455E+05  0.216375E+05  0.000000E+00  0.000000E+00  0.000000E+00  0.259572E+05
  0.189774E+00  0.257501E+05  0.212699E+05  0.000000E+00  0.000000E+00  0.000000E+00  0.250587E+05
  0.196206E+00  0.247338E+05  0.206748E+05  0.000000E+00  0.000000E+00  0.000000E+00  0.241073E+05
  0.202857E+00  0.236584E+05  0.197617E+05  0.000000E+00  0.000000E+00  0.000000E+00  0.230570E+05
  0.209733E+00  0.225252E+05  0.185778E+05  0.000000E+00  0.000000E+00  0.000000E+00  0.219160E+05
  0.216842E+00  0.213801E+05  0.172957E+05  0.000000E+00  0.000000E+00  0.000000E+00  0.207498E+05
  0.224192E+00  0.202879E+05  0.161314E+05  0.000000E+00  0.000000E+00  0.000000E+00  0.196465E+05
  0.231791E+00  0.193032E+05  0.152467E+05  0.000000E+00  0.000000E+00  0.000000E+00  0.186771E+05
  0.239647E+00  0.184456E+05  0.146729E+05  0.000000E+00  0.000000E+00  0.000000E+00  0.178634E+05
  0.247770E+00  0.176841E+05  0.142921E+05  0.000000E+00  0.000000E+00  0.000000E+00  0.171606E+05
  0.256168E+00  0.169565E+05  0.139083E+05  0.000000E+00  0.000000E+00  0.000000E+00  0.164861E+05
  0.264851E+00  0.162119E+05  0.133687E+05  0.000000E+00  0.000000E+00  0.000000E+00  0.157731E+05
  0.273828E+00  0.154349E+05  0.126478E+05  0.000000E+00  0.000000E+00  0.000000E+00  0.150048E+05
  0.283110E+00  0.146511E+05  0.118530E+05  0.000000E+00  0.000000E+00  0.000000E+00  0.142192E+05
  0.292706E+00  0.139113E+05  0.111467E+05  0.000000E+00  0.000000E+00  0.000000E+00  0.134847E+05
  0.302627E+00  0.132481E+05  0.106208E+05  0.000000E+00  0.000000E+00  0.000000E+00  0.128426E+05
  0.312884E+00  0.126521E+05  0.102337E+05  0.000000E+00  0.000000E+00  0.000000E+00  0.122788E+05
  0.323490E+00  0.120882E+05  0.986320E+04  0.000000E+00  0.000000E+00  0.000000E+00  0.117448E+05
  0.334454E+00  0.115199E+05  0.940963E+04  0.000000E+00  0.000000E+00  0.000000E+00  0.111943E+05
  0.345791E+00  0.109462E+05  0.888562E+04  0.000000E+00  0.000000E+00  0.000000E+00  0.106282E+05
  0.357512E+00  0.103940E+05  0.838460E+04  0.000000E+00  0.000000E+00  0.000000E+00  0.100839E+05
  0.369629E+00  0.988733E+04  0.797674E+04  0.000000E+00  0.000000E+00  0.000000E+00  0.959247E+04
  0.382158E+00  0.942162E+04  0.764008E+04  0.000000E+00  0.000000E+00  0.000000E+00  0.914667E+04
  0.395111E+00  0.897411E+04  0.730164E+04  0.000000E+00  0.000000E+00  0.000000E+00  0.871600E+04
  0.408504E+00  0.853101E+04  0.692795E+04  0.000000E+00  0.000000E+00  0.000000E+00  0.828361E+04
  0.422350E+00  0.810166E+04  0.655604E+04  0.000000E+00  0.000000E+00  0.000000E+00  0.786313E+04
  0.436666E+00  0.769987E+04  0.622980E+04  0.000000E+00  0.000000E+00  0.000000E+00  0.747299E+04
  0.451466E+00  0.732485E+04  0.594163E+04  0.000000E+00  0.000000E+00  0.000000E+00  0.711138E+04
  0.466769E+00  0.696417E+04  0.565439E+04  0.000000E+00  0.000000E+00  0.000000E+00  0.676203E+04
  0.482590E+00  0.661402E+04  0.536178E+04  0.000000E+00  0.000000E+00  0.000000E+00  0.642076E+04
  0.498948E+00  0.628111E+04  0.508755E+04  0.000000E+00  0.000000E+00  0.000000E+00  0.609691E+04
  0.515859E+00  0.596782E+04  0.483867E+04  0.000000E+00  0.000000E+00  0.000000E+00  0.579356E+04
  0.533344E+00  0.566892E+04  0.459900E+04  0.000000E+00  0.000000E+00  0.000000E+00  0.550380E+04
  0.551422E+00  0.538169E+04  0.436307E+04  0.000000E+00  0.000000E+00  0.000000E+00  0.522449E+04
  0.570113E+00  0.510870E+04  0.414084E+04  0.000000E+00  0.000000E+00  0.000000E+00  0.495933E+04
  0.589437E+00  0.485005E+04  0.393310E+04  0.000000E+00  0.000000E+00  0.000000E+00  0.470854E+04
  0.609416E+00  0.460313E+04  0.373286E+04  0.000000E+00  0.000000E+00  0.000000E+00  0.446882E+04
  0.630072E+00  0.436760E+04  0.354098E+04  0.000000E+00  0.000000E+00  0.000000E+00  0.424003E+04
  0.651428E+00  0.414405E+04  0.336024E+04  0.000000E+00  0.000000E+00  0.000000E+00  0.402309E+04
  0.673509E+00  0.393135E+04  0.318801E+04  0.000000E+00  0.000000E+00  0.000000E+00  0.381663E+04
  0.696337E+00  0.372878E+04  0.302346E+04  0.000000E+00  0.000000E+00  0.000000E+00  0.361993E+04
  0.719940E+00  0.353631E+04  0.286756E+04  0.000000E+00  0.000000E+00  0.000000E+00  0.343310E+04
  0.744342E+00  0.335330E+04  0.271923E+04  0.000000E+00  0.000000E+00  0.000000E+00  0.325544E+04
  0.769572E+00  0.317926E+04  0.257808E+04  0.000000E+00  0.000000E+00  0.000000E+00  0.308648E+04
  0.795656E+00  0.301388E+04  0.244403E+04  0.000000E+00  0.000000E+00  0.000000E+00  0.292593E+04
  0.822625E+00  0.285667E+04  0.231656E+04  0.000000E+00  0.000000E+00  0.000000E+00  0.277332E+04
  0.850508E+00  0.270731E+04  0.219546E+04  0.000000E+00  0.000000E+00  0.000000E+00  0.262832E+04
  0.879336E+00  0.256541E+04  0.208040E+04  0.000000E+00  0.000000E+00  0.000000E+00  0.249056E+04
  0.909141E+00  0.243063E+04  0.197111E+04  0.000000E+00  0.000000E+00  0.000000E+00  0.235971E+04
  0.939957E+00  0.230266E+04  0.186737E+04  0.000000E+00  0.000000E+00  0.000000E+00  0.223548E+04
  0.971817E+00  0.218117E+04  0.176885E+04  0.000000E+00  0.000000E+00  0.000000E+00  0.211753E+04
  0.100476E+01  0.206582E+04  0.167532E+04  0.000000E+00  0.000000E+00  0.000000E+00  0.200555E+04
  0.103881E+01  0.195634E+04  0.158655E+04  0.000000E+00  0.000000E+00  0.000000E+00  0.189927E+04
  0.107402E+01  0.185242E+04  0.150228E+04  0.000000E+00  0.000000E+00  0.000000E+00  0.179838E+04
  0.111043E+01  0.175382E+04  0.142233E+04  0.000000E+00  0.000000E+00  0.000000E+00  0.170266E+04
  0.114807E+01  0.166026E+04  0.134647E+04  0.000000E+00  0.000000E+00  0.000000E+00  0.161184E+04
  0.118698E+01  0.157154E+04  0.127452E+04  0.000000E+00  0.000000E+00  0.000000E+00  0.152570E+04
  0.122721E+01  0.148739E+04  0.120628E+04  0.000000E+00  0.000000E+00  0.000000E+00  0.144401E+04
  0.126881E+01  0.140759E+04  0.114157E+04  0.000000E+00  0.000000E+00  0.000000E+00  0.136653E+04
  0.131182E+01  0.133193E+04  0.108021E+04  0.000000E+00  0.000000E+00  0.000000E+00  0.129308E+04
  0.135628E+01  0.126019E+04  0.102204E+04  0.000000E+00  0.000000E+00  0.000000E+00  0.122343E+04
  0.140225E+01  0.119219E+04  0.966897E+03  0.000000E+00  0.000000E+00  0.000000E+00  0.115742E+04
  0.144978E+01  0.112774E+04  0.914633E+03  0.000000E+00  0.000000E+00  0.000000E+00  0.109485E+04
  0.149892E+01  0.106667E+04  0.865106E+03  0.000000E+00  0.000000E+00  0.000000E+00  0.103556E+04
  0.154973E+01  0.100880E+04  0.818180E+03  0.000000E+00  0.000000E+00  0.000000E+00  0.979386E+03
  0.160226E+01  0.953983E+03  0.773721E+03  0.000000E+00  0.000000E+00  0.000000E+00  0.926163E+03
  0.165656E+01  0.902058E+03  0.731612E+03  0.000000E+00  0.000000E+00  0.000000E+00  0.875753E+03
  0.171271E+01  0.852873E+03  0.691724E+03  0.000000E+00  0.000000E+00  0.000000E+00  0.828003E+03
  0.177077E+01  0.806292E+03  0.653948E+03  0.000000E+00  0.000000E+00  0.000000E+00  0.782781E+03
  0.183079E+01  0.762182E+03  0.618174E+03  0.000000E+00  0.000000E+00  0.000000E+00  0.739957E+03
  0.189284E+01  0.720420E+03  0.584305E+03  0.000000E+00  0.000000E+00  0.000000E+00  0.699414E+03
  0.195700E+01  0.680886E+03  0.552243E+03  0.000000E+00  0.000000E+00  0.000000E+00  0.661033E+03
  0.202333E+01  0.643467E+03  0.521896E+03  0.000000E+00  0.000000E+00  0.000000E+00  0.624705E+03
  0.209191E+01  0.608047E+03  0.493170E+03  0.000000E+00  0.000000E+00  0.000000E+00  0.590318E+03
  0.216282E+01  0.574527E+03  0.465984E+03  0.000000E+00  0.000000E+00  0.000000E+00  0.557775E+03
  0.223613E+01  0.542807E+03  0.440258E+03  0.000000E+00  0.000000E+00  0.000000E+00  0.526981E+03
  0.231192E+01  0.512797E+03  0.415919E+03  0.000000E+00  0.000000E+00  0.000000E+00  0.497846E+03
  0.239028E+01  0.484407E+03  0.392894E+03  0.000000E+00  0.000000E+00  0.000000E+00  0.470283E+03
  0.247130E+01  0.457550E+03  0.371112E+03  0.000000E+00  0.000000E+00  0.000000E+00  0.444210E+03
  0.255507E+01  0.432145E+03  0.350508E+03  0.000000E+00  0.000000E+00  0.000000E+00  0.419546E+03
  0.264167E+01  0.408120E+03  0.331022E+03  0.000000E+00  0.000000E+00  0.000000E+00  0.396221E+03
  0.273121E+01  0.385402E+03  0.312596E+03  0.000000E+00  0.000000E+00  0.000000E+00  0.374166E+03
  0.282379E+01  0.363919E+03  0.295173E+03  0.000000E+00  0.000000E+00  0.000000E+00  0.353309E+03
  0.291950E+01  0.343607E+03  0.278699E+03  0.000000E+00  0.000000E+00  0.000000E+00  0.333590E+03
  0.301846E+01  0.324404E+03  0.263123E+03  0.000000E+00  0.000000E+00  0.000000E+00  0.314946E+03
  0.312077E+01  0.306251E+03  0.248400E+03  0.000000E+00  0.000000E+00  0.000000E+00  0.297323E+03
  0.322655E+01  0.289094E+03  0.234485E+03  0.000000E+00  0.000000E+00  0.000000E+00  0.280666E+03
  0.333591E+01  0.272879E+03  0.221333E+03  0.000000E+00  0.000000E+00  0.000000E+00  0.264924E+03
  0.344898E+01  0.257554E+03  0.208903E+03  0.000000E+00  0.000000E+00  0.000000E+00  0.250045E+03
  0.356588E+01  0.243072E+03  0.197157E+03  0.000000E+00  0.000000E+00  0.000000E+00  0.235986E+03
  0.368675E+01  0.229390E+03  0.186059E+03  0.000000E+00  0.000000E+00  0.000000E+00  0.222702E+03
  0.381172E+01  0.216462E+03  0.175574E+03  0.000000E+00  0.000000E+00  0.000000E+00  0.210152E+03
  0.394091E+01  0.204250E+03  0.165668E+03  0.000000E+00  0.000000E+00  0.000000E+00  0.198296E+03
  0.407449E+01  0.192713E+03  0.156311E+03  0.000000E+00  0.000000E+00  0.000000E+00  0.187095E+03
  0.421259E+01  0.181816E+03  0.147473E+03  0.000000E+00  0.000000E+00  0.000000E+00  0.176516E+03
  0.435538E+01  0.171525E+03  0.139125E+03  0.000000E+00  0.000000E+00  0.000000E+00  0.166525E+03
  0.450301E+01  0.161806E+03  0.131242E+03  0.000000E+00  0.000000E+00  0.000000E+00  0.157089E+03
  0.465564E+01  0.152627E+03  0.123797E+03  0.000000E+00  0.000000E+00  0.000000E+00  0.148178E+03
  0.481344E+01  0.143960E+03  0.116767E+03  0.000000E+00  0.000000E+00  0.000000E+00  0.139764E+03
  0.497659E+01  0.135778E+03  0.110130E+03  0.000000E+00  0.000000E+00  0.000000E+00  0.131820E+03
  0.514527E+01  0.128052E+03  0.103864E+03  0.000000E+00  0.000000E+00  0.000000E+00  0.124319E+03
  0.531968E+01  0.120759E+03  0.979481E+02  0.000000E+00  0.000000E+00  0.000000E+00  0.117239E+03
  0.549998E+01  0.113875E+03  0.923642E+02  0.000000E+00  0.000000E+00  0.000000E+00  0.110555E+03
  0.568641E+01  0.107377E+03  0.870933E+02  0.000000E+00  0.000000E+00  0.000000E+00  0.104246E+03
  0.587915E+01  0.101243E+03  0.821184E+02  0.000000E+00  0.000000E+00  0.000000E+00  0.982917E+02
  0.607843E+01  0.954549E+02  0.774232E+02  0.000000E+00  0.000000E+00  0.000000E+00  0.926721E+02
  0.628446E+01  0.899926E+02  0.729925E+02  0.000000E+00  0.000000E+00  0.000000E+00  0.873689E+02
  0.649747E+01  0.848381E+02  0.688115E+02  0.000000E+00  0.000000E+00  0.000000E+00  0.823647E+02
  0.671770E+01  0.799743E+02  0.648662E+02  0.000000E+00  0.000000E+00  0.000000E+00  0.776427E+02
  0.694539E+01  0.753857E+02  0.611441E+02  0.000000E+00  0.000000E+00  0.000000E+00  0.731878E+02
  0.718081E+01  0.710562E+02  0.576323E+02  0.000000E+00  0.000000E+00  0.000000E+00  0.689845E+02
  0.742420E+01  0.669720E+02  0.543194E+02  0.000000E+00  0.000000E+00  0.000000E+00  0.650193E+02
  0.767585E+01  0.631192E+02  0.511942E+02  0.000000E+00  0.000000E+00  0.000000E+00  0.612788E+02
  0.793602E+01  0.594851E+02  0.482463E+02  0.000000E+00  0.000000E+00  0.000000E+00  0.577506E+02
  0.820502E+01  0.560573E+02  0.454658E+02  0.000000E+00  0.000000E+00  0.000000E+00  0.544227E+02
  0.848312E+01  0.528245E+02  0.428435E+02  0.000000E+00  0.000000E+00  0.000000E+00  0.512841E+02
  0.877066E+01  0.497756E+02  0.403703E+02  0.000000E+00  0.000000E+00  0.000000E+00  0.483240E+02
  0.906794E+01  0.469004E+02  0.380380E+02  0.000000E+00  0.000000E+00  0.000000E+00  0.455327E+02
  0.937530E+01  0.441891E+02  0.358388E+02  0.000000E+00  0.000000E+00  0.000000E+00  0.429004E+02
  0.969308E+01  0.416326E+02  0.337650E+02  0.000000E+00  0.000000E+00  0.000000E+00  0.404184E+02
  0.100216E+02  0.392222E+02  0.318097E+02  0.000000E+00  0.000000E+00  0.000000E+00  0.380782E+02
  0.103613E+02  0.369496E+02  0.299662E+02  0.000000E+00  0.000000E+00  0.000000E+00  0.358718E+02
  0.107125E+02  0.348071E+02  0.282282E+02  0.000000E+00  0.000000E+00  0.000000E+00  0.337918E+02
  0.110756E+02  0.327873E+02  0.265898E+02  0.000000E+00  0.000000E+00  0.000000E+00  0.318308E+02
  0.114510E+02  0.308834E+02  0.250453E+02  0.000000E+00  0.000000E+00  0.000000E+00  0.299824E+02
  0.118392E+02  0.290887E+02  0.235895E+02  0.000000E+00  0.000000E+00  0.000000E+00  0.282400E+02
  0.122404E+02  0.273971E+02  0.222173E+02  0.000000E+00  0.000000E+00  0.000000E+00  0.265977E+02
  0.126553E+02  0.258028E+02  0.209239E+02  0.000000E+00  0.000000E+00  0.000000E+00  0.250498E+02
  0.130843E+02  0.243002E+02  0.197050E+02  0.000000E+00  0.000000E+00  0.000000E+00  0.235910E+02
  0.135278E+02  0.228841E+02  0.185563E+02  0.000000E+00  0.000000E+00  0.000000E+00  0.222162E+02
  0.139863E+02  0.215497E+02  0.174738E+02  0.000000E+00  0.000000E+00  0.000000E+00  0.209207E+02
  0.144604E+02  0.202922E+02  0.164537E+02  0.000000E+00  0.000000E+00  0.000000E+00  0.196998E+02
  0.149505E+02  0.191074E+02  0.154925E+02  0.000000E+00  0.000000E+00  0.000000E+00  0.185495E+02
  0.154573E+02  0.179909E+02  0.145869E+02  0.000000E+00  0.000000E+00  0.000000E+00  0.174656E+02
  0.159812E+02  0.169391E+02  0.137336E+02  0.000000E+00  0.000000E+00  0.000000E+00  0.164444E+02
  0.165229E+02  0.159481E+02  0.129296E+02  0.000000E+00  0.000000E+00  0.000000E+00  0.154823E+02
  0.170829E+02  0.150145E+02  0.121723E+02  0.000000E+00  0.000000E+00  0.000000E+00  0.145758E+02
  0.176619E+02  0.141350E+02  0.114588E+02  0.000000E+00  0.000000E+00  0.000000E+00  0.137220E+02
  0.182606E+02  0.133065E+02  0.107867E+02  0.000000E+00  0.000000E+00  0.000000E+00  0.129176E+02
  0.188795E+02  0.125261E+02  0.101536E+02  0.000000E+00  0.000000E+00  0.000000E+00  0.121600E+02
  0.195195E+02  0.117911E+02  0.955726E+01  0.000000E+00  0.000000E+00  0.000000E+00  0.114463E+02
  0.201811E+02  0.110987E+02  0.899559E+01  0.000000E+00  0.000000E+00  0.000000E+00  0.107741E+02
  0.208651E+02  0.104466E+02  0.846658E+01  0.000000E+00  0.000000E+00  0.000000E+00  0.101411E+02
  0.215723E+02  0.983252E+01  0.796837E+01  0.000000E+00  0.000000E+00  0.000000E+00  0.954483E+01
  0.223035E+02  0.925417E+01  0.749916E+01  0.000000E+00  0.000000E+00  0.000000E+00  0.898332E+01
  0.230595E+02  0.870954E+01  0.705731E+01  0.000000E+00  0.000000E+00  0.000000E+00  0.845455E+01
  0.238411E+02  0.819666E+01  0.664122E+01  0.000000E+00  0.000000E+00  0.000000E+00  0.795661E+01
  0.246492E+02  0.771373E+01  0.624942E+01  0.000000E+00  0.000000E+00  0.000000E+00  0.748774E+01
  0.254847E+02  0.725899E+01  0.588048E+01  0.000000E+00  0.000000E+00  0.000000E+00  0.704624E+01
  0.263485E+02  0.683082E+01  0.553311E+01  0.000000E+00  0.000000E+00  0.000000E+00  0.663055E+01
  0.272416E+02  0.642771E+01  0.520605E+01  0.000000E+00  0.000000E+00  0.000000E+00  0.623917E+01
  0.281650E+02  0.604817E+01  0.489812E+01  0.000000E+00  0.000000E+00  0.000000E+00  0.587068E+01
  0.291196E+02  0.569087E+01  0.460822E+01  0.000000E+00  0.000000E+00  0.000000E+00  0.552378E+01
  0.301066E+02  0.535449E+01  0.433530E+01  0.000000E+00  0.000000E+00  0.000000E+00  0.519719E+01
  0.311271E+02  0.503783E+01  0.407838E+01  0.000000E+00  0.000000E+00  0.000000E+00  0.488976E+01
  0.321822E+02  0.473975E+01  0.383652E+01  0.000000E+00  0.000000E+00  0.000000E+00  0.460035E+01
  0.332730E+02  0.445917E+01  0.360886E+01  0.000000E+00  0.000000E+00  0.000000E+00  0.432794E+01
  0.344008E+02  0.419505E+01  0.339457E+01  0.000000E+00  0.000000E+00  0.000000E+00  0.407151E+01
  0.355668E+02  0.394647E+01  0.319286E+01  0.000000E+00  0.000000E+00  0.000000E+00  0.383016E+01
  0.367723E+02  0.371249E+01  0.300301E+01  0.000000E+00  0.000000E+00  0.000000E+00  0.360300E+01
  0.380187E+02  0.349229E+01  0.282433E+01  0.000000E+00  0.000000E+00  0.000000E+00  0.338920E+01
  0.393074E+02  0.328504E+01  0.265616E+01  0.000000E+00  0.000000E+00  0.000000E+00  0.318798E+01
  0.406397E+02  0.309000E+01  0.249789E+01  0.000000E+00  0.000000E+00  0.000000E+00  0.299862E+01
  0.420172E+02  0.290645E+01  0.234895E+01  0.000000E+00  0.000000E+00  0.000000E+00  0.282041E+01
  0.434414E+02  0.273372E+01  0.220878E+01  0.000000E+00  0.000000E+00  0.000000E+00  0.265271E+01
  0.449138E+02  0.257119E+01  0.207688E+01  0.000000E+00  0.000000E+00  0.000000E+00  0.249490E+01
  0.464362E+02  0.241824E+01  0.195276E+01  0.000000E+00  0.000000E+00  0.000000E+00  0.234641E+01
  0.480101E+02  0.227433E+01  0.183598E+01  0.000000E+00  0.000000E+00  0.000000E+00  0.220668E+01
  0.496375E+02  0.213892E+01  0.172608E+01  0.000000E+00  0.000000E+00  0.000000E+00  0.207521E+01
  0.513199E+02  0.201152E+01  0.162268E+01  0.000000E+00  0.000000E+00  0.000000E+00  0.195151E+01
  0.530594E+02  0.189165E+01  0.152540E+01  0.000000E+00  0.000000E+00  0.000000E+00  0.183513E+01
  0.548579E+02  0.177888E+01  0.143386E+01  0.000000E+00  0.000000E+00  0.000000E+00  0.172563E+01
  0.567173E+02  0.167278E+01  0.134775E+01  0.000000E+00  0.000000E+00  0.000000E+00  0.162261E+01
  0.586397E+02  0.157296E+01  0.126673E+01  0.000000E+00  0.000000E+00  0.000000E+00  0.152570E+01
  0.606273E+02  0.147906E+01  0.119051E+01  0.000000E+00  0.000000E+00  0.000000E+00  0.143453E+01
  0.626823E+02  0.139073E+01  0.111881E+01  0.000000E+00  0.000000E+00  0.000000E+00  0.134877E+01
  0.648069E+02  0.130764E+01  0.105136E+01  0.000000E+00  0.000000E+00  0.000000E+00  0.126809E+01
  0.670036E+02  0.122948E+01  0.987903E+00  0.000000E+00  0.000000E+00  0.000000E+00  0.119219E+01
  0.692747E+02  0.115596E+01  0.928217E+00  0.000000E+00  0.000000E+00  0.000000E+00  0.112081E+01
  0.716227E+02  0.108680E+01  0.872072E+00  0.000000E+00  0.000000E+00  0.000000E+00  0.105366E+01
  0.740504E+02  0.102176E+01  0.819263E+00  0.000000E+00  0.000000E+00  0.000000E+00  0.990506E+00
  0.765604E+02  0.960579E+00  0.769590E+00  0.000000E+00  0.000000E+00  0.000000E+00  0.931104E+00
  0.791553E+02  0.903042E+00  0.722871E+00  0.000000E+00  0.000000E+00  0.000000E+00  0.875236E+00
  0.818384E+02  0.848926E+00  0.678928E+00  0.000000E+00  0.000000E+00  0.000000E+00  0.822690E+00
  0.846122E+02  0.798034E+00  0.637600E+00  0.000000E+00  0.000000E+00  0.000000E+00  0.773274E+00
  0.874802E+02  0.750171E+00  0.598731E+00  0.000000E+00  0.000000E+00  0.000000E+00  0.726799E+00
  0.904453E+02  0.705162E+00  0.562176E+00  0.000000E+00  0.000000E+00  0.000000E+00  0.683094E+00
  0.935109E+02  0.662835E+00  0.527798E+00  0.000000E+00  0.000000E+00  0.000000E+00  0.641994E+00
  0.966806E+02  0.623030E+00  0.495467E+00  0.000000E+00  0.000000E+00  0.000000E+00  0.603343E+00
  0.999576E+02  0.585602E+00  0.465064E+00  0.000000E+00  0.000000E+00  0.000000E+00  0.566999E+00
  0.103346E+03  0.550407E+00  0.436474E+00  0.000000E+00  0.000000E+00  0.000000E+00  0.532824E+00
  0.106849E+03  0.517312E+00  0.409588E+00  0.000000E+00  0.000000E+00  0.000000E+00  0.500687E+00
  0.110470E+03  0.486195E+00  0.384308E+00  0.000000E+00  0.000000E+00  0.000000E+00  0.470471E+00
  0.114215E+03  0.456938E+00  0.360537E+00  0.000000E+00  0.000000E+00  0.000000E+00  0.442061E+00
  0.118086E+03  0.429430E+00  0.338185E+00  0.000000E+00  0.000000E+00  0.000000E+00  0.415348E+00
  0.122089E+03  0.403565E+00  0.317168E+00  0.000000E+00  0.000000E+00  0.000000E+00  0.390231E+00
  0.126227E+03  0.379249E+00  0.297408E+00  0.000000E+00  0.000000E+00  0.000000E+00  0.366618E+00
  0.130505E+03  0.356388E+00  0.278829E+00  0.000000E+00  0.000000E+00  0.000000E+00  0.344418E+00
  0.134928E+03  0.334895E+00  0.261362E+00  0.000000E+00  0.000000E+00  0.000000E+00  0.323547E+00
  0.139502E+03  0.314689E+00  0.244939E+00  0.000000E+00  0.000000E+00  0.000000E+00  0.303925E+00
  0.144230E+03  0.295695E+00  0.229501E+00  0.000000E+00  0.000000E+00  0.000000E+00  0.285479E+00
  0.149119E+03  0.277838E+00  0.214988E+00  0.000000E+00  0.000000E+00  0.000000E+00  0.268139E+00
  0.154173E+03  0.261053E+00  0.201344E+00  0.000000E+00  0.000000E+00  0.000000E+00  0.251838E+00
  0.159399E+03  0.245273E+00  0.188518E+00  0.000000E+00  0.000000E+00  0.000000E+00  0.236514E+00
  0.164802E+03  0.230441E+00  0.176463E+00  0.000000E+00  0.000000E+00  0.000000E+00  0.222110E+00
  0.170388E+03  0.216499E+00  0.165131E+00  0.000000E+00  0.000000E+00  0.000000E+00  0.208571E+00
  0.176164E+03  0.203393E+00  0.154480E+00  0.000000E+00  0.000000E+00  0.000000E+00  0.195845E+00
  0.182135E+03  0.191076E+00  0.144470E+00  0.000000E+00  0.000000E+00  0.000000E+00  0.183883E+00
  0.188308E+03  0.179498E+00  0.135063E+00  0.000000E+00  0.000000E+00  0.000000E+00  0.172641E+00
  0.194691E+03  0.168617E+00  0.126223E+00  0.000000E+00  0.000000E+00  0.000000E+00  0.162074E+00
  0.201290E+03  0.158389E+00  0.117915E+00  0.000000E+00  0.000000E+00  0.000000E+00  0.152142E+00
