  0.108800E-04  0.478947E+06  0.478947E+06  0.638590E+06  0.638590E+06  0.000000E+00  0.478947E+06
  0.112487E-04  0.478947E+06  0.478947E+06  0.638589E+06  0.638589E+06  0.000000E+00  0.478947E+06
  0.116300E-04  0.478947E+06  0.478947E+06  0.638589E+06  0.638588E+06  0.000000E+00  0.478947E+06
  0.120242E-04  0.478947E+06  0.478947E+06  0.638588E+06  0.638588E+06  0.000000E+00  0.478947E+06
  0.124318E-04  0.478947E+06  0.478947E+06  0.638588E+06  0.638587E+06  0.000000E+00  0.478947E+06
  0.128531E-04  0.478947E+06  0.478947E+06  0.638587E+06  0.638587E+06  0.000000E+00  0.478947E+06
  0.132888E-04  0.478947E+06  0.478947E+06  0.638587E+06  0.638586E+06  0.000000E+00  0.478947E+06
  0.137392E-04  0.478947E+06  0.478947E+06  0.638586E+06  0.638585E+06  0.000000E+00  0.478947E+06
  0.142049E-04  0.478947E+06  0.478947E+06  0.638585E+06  0.638584E+06  0.000000E+00  0.478947E+06
  0.146864E-04  0.478947E+06  0.478947E+06  0.638584E+06  0.638584E+06  0.000000E+00  0.478947E+06
  0.151842E-04  0.478947E+06  0.478947E+06  0.638583E+06  0.638583E+06  0.000000E+00  0.478947E+06
  0.156989E-04  0.478947E+06  0.478947E+06  0.638582E+06  0.638582E+06  0.000000E+00  0.478947E+06
  0.162310E-04  0.478947E+06  0.478947E+06  0.638582E+06  0.638581E+06  0.000000E+00  0.478947E+06
  0.167811E-04  0.478947E+06  0.478947E+06  0.638580E+06  0.638580E+06  0.000000E+00  0.478947E+06
  0.173499E-04  0.478947E+06  0.478947E+06  0.638579E+06  0.638578E+06  0.000000E+00  0.478947E+06
  0.179380E-04  0.478947E+06  0.478947E+06  0.638578E+06  0.638577E+06  0.000000E+00  0.478947E+06
  0.185460E-04  0.478947E+06  0.478947E+06  0.638577E+06  0.638576E+06  0.000000E+00  0.478947E+06
  0.191746E-04  0.478947E+06  0.478947E+06  0.638576E+06  0.638574E+06  0.000000E+00  0.478947E+06
  0.198246E-04  0.478947E+06  0.478947E+06  0.638574E+06  0.638573E+06  0.000000E+00  0.478947E+06
  0.204965E-04  0.478947E+06  0.478947E+06  0.638572E+06  0.638571E+06  0.000000E+00  0.478947E+06
  0.211913E-04  0.478947E+06  0.478947E+06  0.638571E+06  0.638569E+06  0.000000E+00  0.478947E+06
  0.219095E-04  0.478947E+06  0.478947E+06  0.638569E+06  0.638567E+06  0.000000E+00  0.478947E+06
  0.226522E-04  0.478947E+06  0.478947E+06  0.638567E+06  0.638565E+06  0.000000E+00  0.478947E+06
  0.234200E-04  0.478947E+06  0.478947E+06  0.638565E+06  0.638563E+06  0.000000E+00  0.478947E+06
  0.242138E-04  0.478947E+06  0.478947E+06  0.638563E+06  0.638561E+06  0.000000E+00  0.478947E+06
  0.250345E-04  0.478947E+06  0.478946E+06  0.638560E+06  0.638558E+06  0.000000E+00  0.478947E+06
  0.258831E-04  0.478946E+06  0.478946E+06  0.638558E+06  0.638556E+06  0.000000E+00  0.478946E+06
  0.267604E-04  0.478946E+06  0.478946E+06  0.638555E+06  0.638553E+06  0.000000E+00  0.478946E+06
  0.276674E-04  0.478946E+06  0.478946E+06  0.638552E+06  0.638550E+06  0.000000E+00  0.478946E+06
  0.286052E-04  0.478946E+06  0.478946E+06  0.638549E+06  0.638547E+06  0.000000E+00  0.478946E+06
  0.295748E-04  0.478946E+06  0.478946E+06  0.638546E+06  0.638543E+06  0.000000E+00  0.478946E+06
  0.305772E-04  0.478946E+06  0.478946E+06  0.638543E+06  0.638540E+06  0.000000E+00  0.478946E+06
  0.316136E-04  0.478946E+06  0.478946E+06  0.638539E+06  0.638536E+06  0.000000E+00  0.478946E+06
  0.326852E-04  0.478946E+06  0.478946E+06  0.638535E+06  0.638531E+06  0.000000E+00  0.478946E+06
  0.337931E-04  0.478946E+06  0.478946E+06  0.638531E+06  0.638527E+06  0.000000E+00  0.478946E+06
  0.349385E-04  0.478946E+06  0.478945E+06  0.638526E+06  0.638522E+06  0.000000E+00  0.478946E+06
  0.361227E-04  0.478945E+06  0.478945E+06  0.638521E+06  0.638517E+06  0.000000E+00  0.478945E+06
  0.373471E-04  0.478945E+06  0.478945E+06  0.638516E+06  0.638512E+06  0.000000E+00  0.478945E+06
  0.386130E-04  0.478945E+06  0.478945E+06  0.638510E+06  0.638506E+06  0.000000E+00  0.478945E+06
  0.399218E-04  0.478945E+06  0.478945E+06  0.638505E+06  0.638499E+06  0.000000E+00  0.478945E+06
  0.412749E-04  0.478945E+06  0.478945E+06  0.638498E+06  0.638493E+06  0.000000E+00  0.478945E+06
  0.426740E-04  0.478945E+06  0.478944E+06  0.638491E+06  0.638485E+06  0.000000E+00  0.478944E+06
  0.441204E-04  0.478944E+06  0.478944E+06  0.638484E+06  0.638478E+06  0.000000E+00  0.478944E+06
  0.456159E-04  0.478944E+06  0.478944E+06  0.638476E+06  0.638470E+06  0.000000E+00  0.478944E+06
  0.471620E-04  0.478944E+06  0.478944E+06  0.638468E+06  0.638461E+06  0.000000E+00  0.478944E+06
  0.487606E-04  0.478944E+06  0.478943E+06  0.638459E+06  0.638451E+06  0.000000E+00  0.478944E+06
  0.504133E-04  0.478943E+06  0.478943E+06  0.638450E+06  0.638441E+06  0.000000E+00  0.478943E+06
  0.521221E-04  0.478943E+06  0.478943E+06  0.638440E+06  0.638431E+06  0.000000E+00  0.478943E+06
  0.538888E-04  0.478943E+06  0.478942E+06  0.638429E+06  0.638419E+06  0.000000E+00  0.478943E+06
  0.557153E-04  0.478942E+06  0.478942E+06  0.638417E+06  0.638407E+06  0.000000E+00  0.478942E+06
  0.576038E-04  0.478942E+06  0.478942E+06  0.638405E+06  0.638394E+06  0.000000E+00  0.478942E+06
  0.595563E-04  0.478942E+06  0.478941E+06  0.638392E+06  0.638380E+06  0.000000E+00  0.478942E+06
  0.615750E-04  0.478941E+06  0.478941E+06  0.638377E+06  0.638365E+06  0.000000E+00  0.478941E+06
  0.636621E-04  0.478941E+06  0.478940E+06  0.638362E+06  0.638349E+06  0.000000E+00  0.478941E+06
  0.658199E-04  0.478940E+06  0.478940E+06  0.638346E+06  0.638332E+06  0.000000E+00  0.478940E+06
  0.680509E-04  0.478940E+06  0.478939E+06  0.638329E+06  0.638314E+06  0.000000E+00  0.478940E+06
  0.703575E-04  0.478939E+06  0.478939E+06  0.638310E+06  0.638294E+06  0.000000E+00  0.478939E+06
  0.727422E-04  0.478939E+06  0.478938E+06  0.638291E+06  0.638273E+06  0.000000E+00  0.478939E+06
  0.752079E-04  0.478938E+06  0.478938E+06  0.638270E+06  0.638251E+06  0.000000E+00  0.478938E+06
  0.777570E-04  0.478937E+06  0.478937E+06  0.638247E+06  0.638227E+06  0.000000E+00  0.478937E+06
  0.803926E-04  0.478937E+06  0.478936E+06  0.638223E+06  0.638202E+06  0.000000E+00  0.478937E+06
  0.831175E-04  0.478936E+06  0.478935E+06  0.638197E+06  0.638174E+06  0.000000E+00  0.478936E+06
  0.859348E-04  0.478935E+06  0.478935E+06  0.638170E+06  0.638145E+06  0.000000E+00  0.478935E+06
  0.888476E-04  0.478934E+06  0.478934E+06  0.638140E+06  0.638114E+06  0.000000E+00  0.478934E+06
  0.918591E-04  0.478933E+06  0.478933E+06  0.638109E+06  0.638081E+06  0.000000E+00  0.478933E+06
  0.949726E-04  0.478932E+06  0.478932E+06  0.638075E+06  0.638046E+06  0.000000E+00  0.478932E+06
  0.981917E-04  0.478931E+06  0.478931E+06  0.638039E+06  0.638008E+06  0.000000E+00  0.478931E+06
  0.101520E-03  0.478930E+06  0.478929E+06  0.638001E+06  0.637967E+06  0.000000E+00  0.478930E+06
  0.104961E-03  0.478929E+06  0.478928E+06  0.637960E+06  0.637924E+06  0.000000E+00  0.478929E+06
  0.108519E-03  0.478928E+06  0.478927E+06  0.637916E+06  0.637877E+06  0.000000E+00  0.478928E+06
  0.112197E-03  0.478927E+06  0.478925E+06  0.637869E+06  0.637828E+06  0.000000E+00  0.478926E+06
  0.116000E-03  0.478925E+06  0.478924E+06  0.637819E+06  0.637775E+06  0.000000E+00  0.478925E+06
  0.119932E-03  0.478924E+06  0.478922E+06  0.637765E+06  0.637718E+06  0.000000E+00  0.478923E+06
  0.123997E-03  0.478922E+06  0.478921E+06  0.637708E+06  0.637657E+06  0.000000E+00  0.478922E+06
  0.128200E-03  0.478920E+06  0.478919E+06  0.637646E+06  0.637593E+06  0.000000E+00  0.478920E+06
  0.132545E-03  0.478918E+06  0.478917E+06  0.637581E+06  0.637524E+06  0.000000E+00  0.478918E+06
  0.137038E-03  0.478916E+06  0.478915E+06  0.637511E+06  0.637450E+06  0.000000E+00  0.478916E+06
  0.141683E-03  0.478914E+06  0.478912E+06  0.637436E+06  0.637370E+06  0.000000E+00  0.478914E+06
  0.146485E-03  0.478912E+06  0.478910E+06  0.637356E+06  0.637286E+06  0.000000E+00  0.478911E+06
  0.151450E-03  0.478909E+06  0.478907E+06  0.637271E+06  0.637196E+06  0.000000E+00  0.478909E+06
  0.156583E-03  0.478907E+06  0.478904E+06  0.637180E+06  0.637099E+06  0.000000E+00  0.478906E+06
  0.161891E-03  0.478904E+06  0.478901E+06  0.637082E+06  0.636996E+06  0.000000E+00  0.478903E+06
  0.167378E-03  0.478901E+06  0.478898E+06  0.636978E+06  0.636886E+06  0.000000E+00  0.478900E+06
  0.173051E-03  0.478898E+06  0.478895E+06  0.636866E+06  0.636768E+06  0.000000E+00  0.478897E+06
  0.178917E-03  0.478894E+06  0.478891E+06  0.636747E+06  0.636642E+06  0.000000E+00  0.478894E+06
  0.184981E-03  0.478890E+06  0.478887E+06  0.636620E+06  0.636508E+06  0.000000E+00  0.478890E+06
  0.191251E-03  0.478886E+06  0.478883E+06  0.636483E+06  0.636364E+06  0.000000E+00  0.478886E+06
  0.197734E-03  0.478882E+06  0.478879E+06  0.636338E+06  0.636210E+06  0.000000E+00  0.478882E+06
  0.204436E-03  0.478878E+06  0.478874E+06  0.636183E+06  0.636046E+06  0.000000E+00  0.478877E+06
  0.211366E-03  0.478873E+06  0.478869E+06  0.636016E+06  0.635871E+06  0.000000E+00  0.478872E+06
  0.218530E-03  0.478868E+06  0.478864E+06  0.635839E+06  0.635683E+06  0.000000E+00  0.478867E+06
  0.225937E-03  0.478862E+06  0.478858E+06  0.635649E+06  0.635483E+06  0.000000E+00  0.478862E+06
  0.233595E-03  0.478856E+06  0.478852E+06  0.635446E+06  0.635268E+06  0.000000E+00  0.478856E+06
  0.241513E-03  0.478850E+06  0.478845E+06  0.635230E+06  0.635040E+06  0.000000E+00  0.478849E+06
  0.249699E-03  0.478843E+06  0.478838E+06  0.634998E+06  0.634795E+06  0.000000E+00  0.478843E+06
  0.258162E-03  0.478836E+06  0.478830E+06  0.634751E+06  0.634534E+06  0.000000E+00  0.478835E+06
  0.266913E-03  0.478829E+06  0.478822E+06  0.634486E+06  0.634255E+06  0.000000E+00  0.478828E+06
  0.275960E-03  0.478820E+06  0.478814E+06  0.634204E+06  0.633956E+06  0.000000E+00  0.478819E+06
  0.285314E-03  0.478812E+06  0.478804E+06  0.633902E+06  0.633637E+06  0.000000E+00  0.478810E+06
  0.294984E-03  0.478802E+06  0.478795E+06  0.633579E+06  0.633297E+06  0.000000E+00  0.478801E+06
  0.304983E-03  0.478792E+06  0.478784E+06  0.633235E+06  0.632933E+06  0.000000E+00  0.478791E+06
  0.315320E-03  0.478782E+06  0.478773E+06  0.632867E+06  0.632544E+06  0.000000E+00  0.478780E+06
  0.326008E-03  0.478770E+06  0.478761E+06  0.632473E+06  0.632129E+06  0.000000E+00  0.478769E+06
  0.337058E-03  0.478758E+06  0.478748E+06  0.632053E+06  0.631685E+06  0.000000E+00  0.478756E+06
  0.348483E-03  0.478745E+06  0.478734E+06  0.631604E+06  0.631211E+06  0.000000E+00  0.478743E+06
  0.360295E-03  0.478731E+06  0.478719E+06  0.631125E+06  0.630705E+06  0.000000E+00  0.478729E+06
  0.372507E-03  0.478716E+06  0.478704E+06  0.630612E+06  0.630164E+06  0.000000E+00  0.478714E+06
  0.385133E-03  0.478700E+06  0.478687E+06  0.630065E+06  0.629587E+06  0.000000E+00  0.478698E+06
  0.398187E-03  0.478683E+06  0.478669E+06  0.629481E+06  0.628970E+06  0.000000E+00  0.478681E+06
  0.411684E-03  0.478665E+06  0.478650E+06  0.628857E+06  0.628311E+06  0.000000E+00  0.478662E+06
  0.425638E-03  0.478645E+06  0.478629E+06  0.628190E+06  0.627608E+06  0.000000E+00  0.478643E+06
  0.440065E-03  0.478624E+06  0.478608E+06  0.627478E+06  0.626856E+06  0.000000E+00  0.478622E+06
  0.454981E-03  0.478602E+06  0.478584E+06  0.626718E+06  0.626054E+06  0.000000E+00  0.478599E+06
  0.470403E-03  0.478578E+06  0.478559E+06  0.625907E+06  0.625198E+06  0.000000E+00  0.478575E+06
  0.486347E-03  0.478553E+06  0.478532E+06  0.625040E+06  0.624284E+06  0.000000E+00  0.478550E+06
  0.502832E-03  0.478526E+06  0.478504E+06  0.624115E+06  0.623308E+06  0.000000E+00  0.478523E+06
  0.519875E-03  0.478497E+06  0.478473E+06  0.623128E+06  0.622267E+06  0.000000E+00  0.478493E+06
  0.537497E-03  0.478466E+06  0.478441E+06  0.622074E+06  0.621155E+06  0.000000E+00  0.478462E+06
  0.555715E-03  0.478433E+06  0.478406E+06  0.620949E+06  0.619969E+06  0.000000E+00  0.478429E+06
  0.574551E-03  0.478398E+06  0.478369E+06  0.619748E+06  0.618703E+06  0.000000E+00  0.478393E+06
  0.594026E-03  0.478360E+06  0.478329E+06  0.618467E+06  0.617353E+06  0.000000E+00  0.478355E+06
  0.614160E-03  0.478319E+06  0.478286E+06  0.617100E+06  0.615912E+06  0.000000E+00  0.478314E+06
  0.634977E-03  0.478276E+06  0.478241E+06  0.615643E+06  0.614376E+06  0.000000E+00  0.478271E+06
  0.656500E-03  0.478230E+06  0.478193E+06  0.614088E+06  0.612738E+06  0.000000E+00  0.478224E+06
  0.678752E-03  0.478181E+06  0.478141E+06  0.612429E+06  0.610991E+06  0.000000E+00  0.478175E+06
  0.701758E-03  0.478128E+06  0.478085E+06  0.610661E+06  0.609128E+06  0.000000E+00  0.478122E+06
  0.725544E-03  0.478072E+06  0.478026E+06  0.608776E+06  0.607143E+06  0.000000E+00  0.478065E+06
  0.750137E-03  0.478012E+06  0.477963E+06  0.606766E+06  0.605028E+06  0.000000E+00  0.478005E+06
  0.775563E-03  0.477948E+06  0.477896E+06  0.604625E+06  0.602775E+06  0.000000E+00  0.477940E+06
  0.801851E-03  0.477880E+06  0.477824E+06  0.602343E+06  0.600374E+06  0.000000E+00  0.477871E+06
  0.829029E-03  0.477807E+06  0.477747E+06  0.599913E+06  0.597818E+06  0.000000E+00  0.477797E+06
  0.857129E-03  0.477728E+06  0.477664E+06  0.597325E+06  0.595096E+06  0.000000E+00  0.477719E+06
  0.886182E-03  0.477645E+06  0.477577E+06  0.594569E+06  0.592200E+06  0.000000E+00  0.477635E+06
  0.916219E-03  0.477556E+06  0.477483E+06  0.591636E+06  0.589118E+06  0.000000E+00  0.477545E+06
  0.947274E-03  0.477461E+06  0.477383E+06  0.588515E+06  0.585840E+06  0.000000E+00  0.477449E+06
  0.979383E-03  0.477360E+06  0.477276E+06  0.585195E+06  0.582354E+06  0.000000E+00  0.477347E+06
  0.101258E-02  0.477251E+06  0.477162E+06  0.581664E+06  0.578650E+06  0.000000E+00  0.477238E+06
  0.104690E-02  0.477136E+06  0.477040E+06  0.577912E+06  0.574713E+06  0.000000E+00  0.477121E+06
  0.108239E-02  0.477012E+06  0.476910E+06  0.573924E+06  0.570533E+06  0.000000E+00  0.476996E+06
  0.111907E-02  0.476881E+06  0.476771E+06  0.569689E+06  0.566095E+06  0.000000E+00  0.476864E+06
  0.115700E-02  0.476740E+06  0.476623E+06  0.565192E+06  0.561387E+06  0.000000E+00  0.476722E+06
  0.119622E-02  0.476590E+06  0.476465E+06  0.560421E+06  0.556393E+06  0.000000E+00  0.476571E+06
  0.123677E-02  0.476430E+06  0.476297E+06  0.555360E+06  0.551101E+06  0.000000E+00  0.476410E+06
  0.127869E-02  0.476259E+06  0.476117E+06  0.549996E+06  0.545495E+06  0.000000E+00  0.476237E+06
  0.132203E-02  0.476077E+06  0.475925E+06  0.544313E+06  0.539560E+06  0.000000E+00  0.476054E+06
  0.136684E-02  0.475883E+06  0.475721E+06  0.538297E+06  0.533283E+06  0.000000E+00  0.475858E+06
  0.141317E-02  0.475676E+06  0.475502E+06  0.531931E+06  0.526647E+06  0.000000E+00  0.475650E+06
  0.146107E-02  0.475456E+06  0.475270E+06  0.525201E+06  0.519637E+06  0.000000E+00  0.475427E+06
  0.151059E-02  0.475221E+06  0.475022E+06  0.518092E+06  0.512240E+06  0.000000E+00  0.475190E+06
  0.156179E-02  0.474970E+06  0.474758E+06  0.510587E+06  0.504440E+06  0.000000E+00  0.474937E+06
  0.161473E-02  0.474703E+06  0.474476E+06  0.502674E+06  0.496224E+06  0.000000E+00  0.474668E+06
  0.166946E-02  0.474419E+06  0.474176E+06  0.494336E+06  0.487579E+06  0.000000E+00  0.474381E+06
  0.172605E-02  0.474116E+06  0.473857E+06  0.485561E+06  0.478492E+06  0.000000E+00  0.474076E+06
  0.178455E-02  0.473793E+06  0.473517E+06  0.476335E+06  0.468953E+06  0.000000E+00  0.473751E+06
  0.184504E-02  0.473450E+06  0.473154E+06  0.466648E+06  0.458951E+06  0.000000E+00  0.473405E+06
  0.190758E-02  0.473085E+06  0.472769E+06  0.456489E+06  0.448479E+06  0.000000E+00  0.473036E+06
  0.197223E-02  0.472696E+06  0.472359E+06  0.445851E+06  0.437531E+06  0.000000E+00  0.472644E+06
  0.203908E-02  0.472283E+06  0.471922E+06  0.434726E+06  0.426105E+06  0.000000E+00  0.472228E+06
  0.210820E-02  0.471844E+06  0.471459E+06  0.423111E+06  0.414199E+06  0.000000E+00  0.471785E+06
  0.217966E-02  0.471377E+06  0.470965E+06  0.411006E+06  0.401817E+06  0.000000E+00  0.471314E+06
  0.225354E-02  0.470882E+06  0.470441E+06  0.398414E+06  0.388966E+06  0.000000E+00  0.470814E+06
  0.232992E-02  0.470355E+06  0.469885E+06  0.385340E+06  0.375657E+06  0.000000E+00  0.470283E+06
  0.240889E-02  0.469796E+06  0.469294E+06  0.371797E+06  0.361906E+06  0.000000E+00  0.469719E+06
  0.249054E-02  0.469203E+06  0.468667E+06  0.357799E+06  0.347734E+06  0.000000E+00  0.469121E+06
  0.257496E-02  0.468575E+06  0.468001E+06  0.343369E+06  0.333168E+06  0.000000E+00  0.468486E+06
  0.266224E-02  0.467908E+06  0.467296E+06  0.328533E+06  0.318242E+06  0.000000E+00  0.467814E+06
  0.275248E-02  0.467203E+06  0.466548E+06  0.313326E+06  0.302995E+06  0.000000E+00  0.467102E+06
  0.284577E-02  0.466455E+06  0.465756E+06  0.297788E+06  0.287475E+06  0.000000E+00  0.466347E+06
  0.294223E-02  0.465664E+06  0.464918E+06  0.281968E+06  0.271737E+06  0.000000E+00  0.465549E+06
  0.304196E-02  0.464828E+06  0.464031E+06  0.265922E+06  0.255843E+06  0.000000E+00  0.464705E+06
  0.314506E-02  0.463945E+06  0.463093E+06  0.249713E+06  0.239862E+06  0.000000E+00  0.463813E+06
  0.325166E-02  0.463011E+06  0.462102E+06  0.233415E+06  0.223873E+06  0.000000E+00  0.462871E+06
  0.336188E-02  0.462027E+06  0.461056E+06  0.217107E+06  0.207961E+06  0.000000E+00  0.461877E+06
  0.347583E-02  0.460988E+06  0.459952E+06  0.200879E+06  0.192217E+06  0.000000E+00  0.460828E+06
  0.359365E-02  0.459894E+06  0.458788E+06  0.184825E+06  0.176739E+06  0.000000E+00  0.459724E+06
  0.371545E-02  0.458743E+06  0.457562E+06  0.169049E+06  0.161628E+06  0.000000E+00  0.458560E+06
  0.384139E-02  0.457531E+06  0.456270E+06  0.153657E+06  0.146992E+06  0.000000E+00  0.457337E+06
  0.397159E-02  0.456258E+06  0.454912E+06  0.138762E+06  0.132935E+06  0.000000E+00  0.456050E+06
  0.410621E-02  0.454921E+06  0.453485E+06  0.124478E+06  0.119563E+06  0.000000E+00  0.454700E+06
  0.424539E-02  0.453519E+06  0.451986E+06  0.110916E+06  0.106978E+06  0.000000E+00  0.453283E+06
  0.438929E-02  0.452050E+06  0.450414E+06  0.981876E+05  0.952741E+05  0.000000E+00  0.451798E+06
  0.453806E-02  0.450512E+06  0.448767E+06  0.863942E+05  0.845345E+05  0.000000E+00  0.450243E+06
  0.469188E-02  0.448903E+06  0.447041E+06  0.756286E+05  0.748289E+05  0.000000E+00  0.448616E+06
  0.485091E-02  0.447223E+06  0.445237E+06  0.659690E+05  0.662086E+05  0.000000E+00  0.446916E+06
  0.501534E-02  0.445469E+06  0.443351E+06  0.574748E+05  0.587034E+05  0.000000E+00  0.445142E+06
  0.518533E-02  0.443641E+06  0.441382E+06  0.501827E+05  0.523179E+05  0.000000E+00  0.443293E+06
  0.536109E-02  0.441738E+06  0.439328E+06  0.441029E+05  0.470291E+05  0.000000E+00  0.441366E+06
  0.554280E-02  0.439758E+06  0.437189E+06  0.392154E+05  0.427841E+05  0.000000E+00  0.439361E+06
  0.573068E-02  0.437700E+06  0.434962E+06  0.354673E+05  0.394998E+05  0.000000E+00  0.437277E+06
  0.592492E-02  0.435564E+06  0.432645E+06  0.327720E+05  0.370639E+05  0.000000E+00  0.435114E+06
  0.612574E-02  0.433350E+06  0.430239E+06  0.310089E+05  0.353374E+05  0.000000E+00  0.432870E+06
  0.633338E-02  0.431055E+06  0.427741E+06  0.300258E+05  0.341599E+05  0.000000E+00  0.430544E+06
  0.654805E-02  0.428681E+06  0.425150E+06  0.296436E+05  0.333565E+05  0.000000E+00  0.428136E+06
  0.677000E-02  0.426226E+06  0.422465E+06  0.296633E+05  0.327472E+05  0.000000E+00  0.425646E+06
  0.699947E-02  0.423690E+06  0.419685E+06  0.298756E+05  0.321575E+05  0.000000E+00  0.423072E+06
  0.723671E-02  0.421071E+06  0.416807E+06  0.300731E+05  0.314314E+05  0.000000E+00  0.420413E+06
  0.748200E-02  0.418371E+06  0.413832E+06  0.300643E+05  0.304428E+05  0.000000E+00  0.417670E+06
  0.773561E-02  0.415587E+06  0.410756E+06  0.296880E+05  0.291076E+05  0.000000E+00  0.414841E+06
  0.799781E-02  0.412718E+06  0.407579E+06  0.288286E+05  0.273920E+05  0.000000E+00  0.411925E+06
  0.826889E-02  0.409765E+06  0.404298E+06  0.274283E+05  0.253179E+05  0.000000E+00  0.408922E+06
  0.854917E-02  0.406726E+06  0.400913E+06  0.254963E+05  0.229611E+05  0.000000E+00  0.405829E+06
  0.883894E-02  0.403600E+06  0.397420E+06  0.231119E+05  0.204450E+05  0.000000E+00  0.402647E+06
  0.913854E-02  0.400386E+06  0.393818E+06  0.204201E+05  0.179252E+05  0.000000E+00  0.399373E+06
  0.944829E-02  0.397083E+06  0.390104E+06  0.176192E+05  0.155694E+05  0.000000E+00  0.396006E+06
  0.976854E-02  0.393690E+06  0.386277E+06  0.149381E+05  0.135320E+05  0.000000E+00  0.392546E+06
  0.100996E-01  0.390205E+06  0.382335E+06  0.126079E+05  0.119282E+05  0.000000E+00  0.388990E+06
  0.104420E-01  0.386628E+06  0.378274E+06  0.108268E+05  0.108119E+05  0.000000E+00  0.385339E+06
  0.107959E-01  0.382957E+06  0.374095E+06  0.972621E+04  0.101619E+05  0.000000E+00  0.381589E+06
  0.111618E-01  0.379192E+06  0.369794E+06  0.934243E+04  0.988105E+04  0.000000E+00  0.377742E+06
  0.115402E-01  0.375332E+06  0.365369E+06  0.000000E+00  0.000000E+00  0.000000E+00  0.373794E+06
  0.119313E-01  0.371375E+06  0.360819E+06  0.000000E+00  0.000000E+00  0.000000E+00  0.369746E+06
  0.123357E-01  0.367321E+06  0.356142E+06  0.000000E+00  0.000000E+00  0.000000E+00  0.365596E+06
  0.127539E-01  0.363171E+06  0.351338E+06  0.000000E+00  0.000000E+00  0.000000E+00  0.361344E+06
  0.131862E-01  0.358922E+06  0.346404E+06  0.000000E+00  0.000000E+00  0.000000E+00  0.356990E+06
  0.136331E-01  0.354574E+06  0.341340E+06  0.000000E+00  0.000000E+00  0.000000E+00  0.352532E+06
  0.140952E-01  0.350127E+06  0.336144E+06  0.000000E+00  0.000000E+00  0.000000E+00  0.347969E+06
  0.145730E-01  0.345581E+06  0.330816E+06  0.000000E+00  0.000000E+00  0.000000E+00  0.343302E+06
  0.150669E-01  0.340934E+06  0.325356E+06  0.000000E+00  0.000000E+00  0.000000E+00  0.338530E+06
  0.155776E-01  0.336188E+06  0.319763E+06  0.000000E+00  0.000000E+00  0.000000E+00  0.333653E+06
  0.161056E-01  0.331342E+06  0.314038E+06  0.000000E+00  0.000000E+00  0.000000E+00  0.328671E+06
  0.166515E-01  0.326395E+06  0.308182E+06  0.000000E+00  0.000000E+00  0.000000E+00  0.323585E+06
  0.172159E-01  0.321350E+06  0.302197E+06  0.000000E+00  0.000000E+00  0.000000E+00  0.318394E+06
  0.177994E-01  0.316207E+06  0.296085E+06  0.000000E+00  0.000000E+00  0.000000E+00  0.313101E+06
  0.184028E-01  0.310966E+06  0.289849E+06  0.000000E+00  0.000000E+00  0.000000E+00  0.307707E+06
  0.190265E-01  0.305630E+06  0.283493E+06  0.000000E+00  0.000000E+00  0.000000E+00  0.302213E+06
  0.196714E-01  0.300199E+06  0.277021E+06  0.000000E+00  0.000000E+00  0.000000E+00  0.296622E+06
  0.203382E-01  0.294678E+06  0.270441E+06  0.000000E+00  0.000000E+00  0.000000E+00  0.290938E+06
  0.210276E-01  0.289068E+06  0.263758E+06  0.000000E+00  0.000000E+00  0.000000E+00  0.285162E+06
  0.217403E-01  0.283374E+06  0.256982E+06  0.000000E+00  0.000000E+00  0.000000E+00  0.279301E+06
  0.224772E-01  0.277599E+06  0.250121E+06  0.000000E+00  0.000000E+00  0.000000E+00  0.273359E+06
  0.232390E-01  0.271749E+06  0.243189E+06  0.000000E+00  0.000000E+00  0.000000E+00  0.267341E+06
  0.240267E-01  0.265829E+06  0.236197E+06  0.000000E+00  0.000000E+00  0.000000E+00  0.261256E+06
  0.248411E-01  0.259845E+06  0.229161E+06  0.000000E+00  0.000000E+00  0.000000E+00  0.255110E+06
  0.256831E-01  0.253806E+06  0.222096E+06  0.000000E+00  0.000000E+00  0.000000E+00  0.248912E+06
  0.265537E-01  0.247720E+06  0.215022E+06  0.000000E+00  0.000000E+00  0.000000E+00  0.242674E+06
  0.274537E-01  0.241596E+06  0.207959E+06  0.000000E+00  0.000000E+00  0.000000E+00  0.236405E+06
  0.283842E-01  0.235445E+06  0.200930E+06  0.000000E+00  0.000000E+00  0.000000E+00  0.230118E+06
  0.293463E-01  0.229279E+06  0.193958E+06  0.000000E+00  0.000000E+00  0.000000E+00  0.223828E+06
  0.303410E-01  0.223110E+06  0.187070E+06  0.000000E+00  0.000000E+00  0.000000E+00  0.217548E+06
  0.313694E-01  0.216953E+06  0.180293E+06  0.000000E+00  0.000000E+00  0.000000E+00  0.211295E+06
  0.324327E-01  0.210822E+06  0.173657E+06  0.000000E+00  0.000000E+00  0.000000E+00  0.205086E+06
  0.335320E-01  0.204734E+06  0.167192E+06  0.000000E+00  0.000000E+00  0.000000E+00  0.198940E+06
  0.346686E-01  0.198706E+06  0.160928E+06  0.000000E+00  0.000000E+00  0.000000E+00  0.192875E+06
  0.358437E-01  0.192754E+06  0.154897E+06  0.000000E+00  0.000000E+00  0.000000E+00  0.186911E+06
  0.370586E-01  0.186897E+06  0.149129E+06  0.000000E+00  0.000000E+00  0.000000E+00  0.181068E+06
  0.383147E-01  0.181124E+06  0.143624E+06  0.000000E+00  0.000000E+00  0.000000E+00  0.175337E+06
  0.396134E-01  0.175464E+06  0.138419E+06  0.000000E+00  0.000000E+00  0.000000E+00  0.169747E+06
  0.409561E-01  0.169950E+06  0.133554E+06  0.000000E+00  0.000000E+00  0.000000E+00  0.164333E+06
  0.423443E-01  0.164601E+06  0.129052E+06  0.000000E+00  0.000000E+00  0.000000E+00  0.159115E+06
  0.437796E-01  0.159435E+06  0.124930E+06  0.000000E+00  0.000000E+00  0.000000E+00  0.154110E+06
  0.452635E-01  0.154464E+06  0.121194E+06  0.000000E+00  0.000000E+00  0.000000E+00  0.149329E+06
  0.467977E-01  0.149692E+06  0.117838E+06  0.000000E+00  0.000000E+00  0.000000E+00  0.144776E+06
  0.483839E-01  0.145121E+06  0.114847E+06  0.000000E+00  0.000000E+00  0.000000E+00  0.140449E+06
  0.500239E-01  0.140744E+06  0.112193E+06  0.000000E+00  0.000000E+00  0.000000E+00  0.136338E+06
  0.517194E-01  0.136552E+06  0.109837E+06  0.000000E+00  0.000000E+00  0.000000E+00  0.132429E+06
  0.534725E-01  0.132532E+06  0.107731E+06  0.000000E+00  0.000000E+00  0.000000E+00  0.128704E+06
  0.552850E-01  0.128668E+06  0.105821E+06  0.000000E+00  0.000000E+00  0.000000E+00  0.125142E+06
  0.571588E-01  0.124950E+06  0.104049E+06  0.000000E+00  0.000000E+00  0.000000E+00  0.121724E+06
  0.590963E-01  0.121376E+06  0.102367E+06  0.000000E+00  0.000000E+00  0.000000E+00  0.118442E+06
  0.610993E-01  0.118009E+06  0.100789E+06  0.000000E+00  0.000000E+00  0.000000E+00  0.115352E+06
  0.631703E-01  0.114636E+06  0.990470E+05  0.000000E+00  0.000000E+00  0.000000E+00  0.112230E+06
  0.653114E-01  0.111309E+06  0.971471E+05  0.000000E+00  0.000000E+00  0.000000E+00  0.109123E+06
  0.675252E-01  0.107996E+06  0.950175E+05  0.000000E+00  0.000000E+00  0.000000E+00  0.105993E+06
  0.698139E-01  0.104670E+06  0.925971E+05  0.000000E+00  0.000000E+00  0.000000E+00  0.102806E+06
  0.721803E-01  0.101304E+06  0.898419E+05  0.000000E+00  0.000000E+00  0.000000E+00  0.995347E+05
  0.746268E-01  0.978817E+05  0.867311E+05  0.000000E+00  0.000000E+00  0.000000E+00  0.961608E+05
  0.771564E-01  0.943980E+05  0.832738E+05  0.000000E+00  0.000000E+00  0.000000E+00  0.926812E+05
  0.797716E-01  0.908593E+05  0.795107E+05  0.000000E+00  0.000000E+00  0.000000E+00  0.891078E+05
  0.824755E-01  0.872834E+05  0.755136E+05  0.000000E+00  0.000000E+00  0.000000E+00  0.854670E+05
  0.852709E-01  0.836983E+05  0.713819E+05  0.000000E+00  0.000000E+00  0.000000E+00  0.817975E+05
  0.881612E-01  0.801383E+05  0.672350E+05  0.000000E+00  0.000000E+00  0.000000E+00  0.781469E+05
  0.911495E-01  0.766434E+05  0.632054E+05  0.000000E+00  0.000000E+00  0.000000E+00  0.745695E+05
  0.942390E-01  0.732581E+05  0.594295E+05  0.000000E+00  0.000000E+00  0.000000E+00  0.711239E+05
  0.974333E-01  0.700297E+05  0.560359E+05  0.000000E+00  0.000000E+00  0.000000E+00  0.678700E+05
  0.100736E+00  0.670039E+05  0.531315E+05  0.000000E+00  0.000000E+00  0.000000E+00  0.648630E+05
  0.104150E+00  0.642157E+05  0.507820E+05  0.000000E+00  0.000000E+00  0.000000E+00  0.621425E+05
  0.107680E+00  0.616804E+05  0.489962E+05  0.000000E+00  0.000000E+00  0.000000E+00  0.597228E+05
  0.111330E+00  0.593882E+05  0.477168E+05  0.000000E+00  0.000000E+00  0.000000E+00  0.575869E+05
  0.115104E+00  0.573070E+05  0.468256E+05  0.000000E+00  0.000000E+00  0.000000E+00  0.556894E+05
  0.119005E+00  0.553881E+05  0.461577E+05  0.000000E+00  0.000000E+00  0.000000E+00  0.539636E+05
  0.123039E+00  0.535709E+05  0.455212E+05  0.000000E+00  0.000000E+00  0.000000E+00  0.523286E+05
  0.127209E+00  0.517838E+05  0.447187E+05  0.000000E+00  0.000000E+00  0.000000E+00  0.506935E+05
  0.131521E+00  0.499526E+05  0.435777E+05  0.000000E+00  0.000000E+00  0.000000E+00  0.489687E+05
  0.135979E+00  0.480207E+05  0.419921E+05  0.000000E+00  0.000000E+00  0.000000E+00  0.470903E+05
  0.140588E+00  0.459754E+05  0.399620E+05  0.000000E+00  0.000000E+00  0.000000E+00  0.450473E+05
  0.145353E+00  0.438523E+05  0.376011E+05  0.000000E+00  0.000000E+00  0.000000E+00  0.428876E+05
  0.150280E+00  0.417154E+05  0.351034E+05  0.000000E+00  0.000000E+00  0.000000E+00  0.406950E+05
  0.155374E+00  0.396322E+05  0.326924E+05  0.000000E+00  0.000000E+00  0.000000E+00  0.385612E+05
  0.160640E+00  0.376698E+05  0.305799E+05  0.000000E+00  0.000000E+00  0.000000E+00  0.365756E+05
  0.166085E+00  0.358947E+05  0.289285E+05  0.000000E+00  0.000000E+00  0.000000E+00  0.348196E+05
  0.171715E+00  0.343459E+05  0.277952E+05  0.000000E+00  0.000000E+00  0.000000E+00  0.333349E+05
  0.177535E+00  0.330020E+05  0.270891E+05  0.000000E+00  0.000000E+00  0.000000E+00  0.320894E+05
  0.183553E+00  0.317877E+05  0.265969E+05  0.000000E+00  0.000000E+00  0.000000E+00  0.309866E+05
  0.189774E+00  0.306161E+05  0.260678E+05  0.000000E+00  0.000000E+00  0.000000E+00  0.299141E+05
  0.196206E+00  0.294141E+05  0.252954E+05  0.000000E+00  0.000000E+00  0.000000E+00  0.287785E+05
  0.202857E+00  0.281351E+05  0.241793E+05  0.000000E+00  0.000000E+00  0.000000E+00  0.275246E+05
  0.209733E+00  0.267815E+05  0.227702E+05  0.000000E+00  0.000000E+00  0.000000E+00  0.261624E+05
  0.216842E+00  0.254113E+05  0.212565E+05  0.000000E+00  0.000000E+00  0.000000E+00  0.247701E+05
  0.224192E+00  0.241059E+05  0.198752E+05  0.000000E+00  0.000000E+00  0.000000E+00  0.234529E+05
  0.231791E+00  0.229330E+05  0.188041E+05  0.000000E+00  0.000000E+00  0.000000E+00  0.222958E+05
  0.239647E+00  0.219167E+05  0.180787E+05  0.000000E+00  0.000000E+00  0.000000E+00  0.213244E+05
  0.247770E+00  0.210176E+05  0.175697E+05  0.000000E+00  0.000000E+00  0.000000E+00  0.204855E+05
  0.256168E+00  0.201582E+05  0.170618E+05  0.000000E+00  0.000000E+00  0.000000E+00  0.196804E+05
  0.264851E+00  0.192749E+05  0.163870E+05  0.000000E+00  0.000000E+00  0.000000E+00  0.188292E+05
  0.273828E+00  0.183492E+05  0.155166E+05  0.000000E+00  0.000000E+00  0.000000E+00  0.179120E+05
  0.283110E+00  0.174134E+05  0.145678E+05  0.000000E+00  0.000000E+00  0.000000E+00  0.169742E+05
  0.292706E+00  0.165313E+05  0.137190E+05  0.000000E+00  0.000000E+00  0.000000E+00  0.160973E+05
  0.302627E+00  0.157433E+05  0.130711E+05  0.000000E+00  0.000000E+00  0.000000E+00  0.153309E+05
  0.312884E+00  0.150373E+05  0.125788E+05  0.000000E+00  0.000000E+00  0.000000E+00  0.146579E+05
  0.323490E+00  0.143694E+05  0.121083E+05  0.000000E+00  0.000000E+00  0.000000E+00  0.140205E+05
  0.334454E+00  0.136942E+05  0.115495E+05  0.000000E+00  0.000000E+00  0.000000E+00  0.133632E+05
  0.345791E+00  0.130107E+05  0.109158E+05  0.000000E+00  0.000000E+00  0.000000E+00  0.126874E+05
  0.357512E+00  0.123530E+05  0.103096E+05  0.000000E+00  0.000000E+00  0.000000E+00  0.120377E+05
  0.369629E+00  0.117508E+05  0.980813E+04  0.000000E+00  0.000000E+00  0.000000E+00  0.114510E+05
  0.382158E+00  0.111984E+05  0.938736E+04  0.000000E+00  0.000000E+00  0.000000E+00  0.109189E+05
  0.395111E+00  0.106671E+05  0.896716E+04  0.000000E+00  0.000000E+00  0.000000E+00  0.104047E+05
  0.408504E+00  0.101401E+05  0.851045E+04  0.000000E+00  0.000000E+00  0.000000E+00  0.988858E+04
  0.422350E+00  0.962914E+04  0.805766E+04  0.000000E+00  0.000000E+00  0.000000E+00  0.938662E+04
  0.436666E+00  0.915155E+04  0.765695E+04  0.000000E+00  0.000000E+00  0.000000E+00  0.892089E+04
  0.451466E+00  0.870623E+04  0.730010E+04  0.000000E+00  0.000000E+00  0.000000E+00  0.848922E+04
  0.466769E+00  0.827767E+04  0.694623E+04  0.000000E+00  0.000000E+00  0.000000E+00  0.807219E+04
  0.482590E+00  0.786127E+04  0.658820E+04  0.000000E+00  0.000000E+00  0.000000E+00  0.766479E+04
  0.498948E+00  0.746546E+04  0.625203E+04  0.000000E+00  0.000000E+00  0.000000E+00  0.727819E+04
  0.515859E+00  0.709322E+04  0.594534E+04  0.000000E+00  0.000000E+00  0.000000E+00  0.691606E+04
  0.533344E+00  0.673802E+04  0.565038E+04  0.000000E+00  0.000000E+00  0.000000E+00  0.657017E+04
  0.551422E+00  0.639655E+04  0.536102E+04  0.000000E+00  0.000000E+00  0.000000E+00  0.623674E+04
  0.570113E+00  0.607205E+04  0.508812E+04  0.000000E+00  0.000000E+00  0.000000E+00  0.592020E+04
  0.589437E+00  0.576468E+04  0.483253E+04  0.000000E+00  0.000000E+00  0.000000E+00  0.562082E+04
  0.609416E+00  0.547120E+04  0.458649E+04  0.000000E+00  0.000000E+00  0.000000E+00  0.533466E+04
  0.630072E+00  0.519123E+04  0.435089E+04  0.000000E+00  0.000000E+00  0.000000E+00  0.506154E+04
  0.651428E+00  0.492554E+04  0.412872E+04  0.000000E+00  0.000000E+00  0.000000E+00  0.480256E+04
  0.673509E+00  0.467272E+04  0.391706E+04  0.000000E+00  0.000000E+00  0.000000E+00  0.455610E+04
  0.696337E+00  0.443195E+04  0.371493E+04  0.000000E+00  0.000000E+00  0.000000E+00  0.432129E+04
  0.719940E+00  0.420319E+04  0.352335E+04  0.000000E+00  0.000000E+00  0.000000E+00  0.409827E+04
  0.744342E+00  0.398566E+04  0.334109E+04  0.000000E+00  0.000000E+00  0.000000E+00  0.388619E+04
  0.769572E+00  0.377881E+04  0.316766E+04  0.000000E+00  0.000000E+00  0.000000E+00  0.368449E+04
  0.795656E+00  0.358223E+04  0.300295E+04  0.000000E+00  0.000000E+00  0.000000E+00  0.349283E+04
  0.822625E+00  0.339539E+04  0.284632E+04  0.000000E+00  0.000000E+00  0.000000E+00  0.331065E+04
  0.850508E+00  0.321786E+04  0.269752E+04  0.000000E+00  0.000000E+00  0.000000E+00  0.313755E+04
  0.879336E+00  0.304919E+04  0.255615E+04  0.000000E+00  0.000000E+00  0.000000E+00  0.297310E+04
  0.909141E+00  0.288900E+04  0.242187E+04  0.000000E+00  0.000000E+00  0.000000E+00  0.281691E+04
  0.939957E+00  0.273690E+04  0.229439E+04  0.000000E+00  0.000000E+00  0.000000E+00  0.266861E+04
  0.971817E+00  0.259249E+04  0.217335E+04  0.000000E+00  0.000000E+00  0.000000E+00  0.252781E+04
  0.100476E+01  0.245539E+04  0.205843E+04  0.000000E+00  0.000000E+00  0.000000E+00  0.239413E+04
  0.103881E+01  0.232527E+04  0.194936E+04  0.000000E+00  0.000000E+00  0.000000E+00  0.226725E+04
  0.107402E+01  0.220175E+04  0.184582E+04  0.000000E+00  0.000000E+00  0.000000E+00  0.214682E+04
  0.111043E+01  0.208456E+04  0.174758E+04  0.000000E+00  0.000000E+00  0.000000E+00  0.203255E+04
  0.114807E+01  0.197336E+04  0.165437E+04  0.000000E+00  0.000000E+00  0.000000E+00  0.192413E+04
  0.118698E+01  0.186790E+04  0.156596E+04  0.000000E+00  0.000000E+00  0.000000E+00  0.182130E+04
  0.122721E+01  0.176789E+04  0.148212E+04  0.000000E+00  0.000000E+00  0.000000E+00  0.172378E+04
  0.126881E+01  0.167303E+04  0.140261E+04  0.000000E+00  0.000000E+00  0.000000E+00  0.163130E+04
  0.131182E+01  0.158310E+04  0.132722E+04  0.000000E+00  0.000000E+00  0.000000E+00  0.154361E+04
  0.135628E+01  0.149784E+04  0.125575E+04  0.000000E+00  0.000000E+00  0.000000E+00  0.146048E+04
  0.140225E+01  0.141701E+04  0.118799E+04  0.000000E+00  0.000000E+00  0.000000E+00  0.138167E+04
  0.144978E+01  0.134041E+04  0.112378E+04  0.000000E+00  0.000000E+00  0.000000E+00  0.130698E+04
  0.149892E+01  0.126782E+04  0.106293E+04  0.000000E+00  0.000000E+00  0.000000E+00  0.123620E+04
  0.154973E+01  0.119905E+04  0.100527E+04  0.000000E+00  0.000000E+00  0.000000E+00  0.116914E+04
  0.160226E+01  0.113389E+04  0.950642E+03  0.000000E+00  0.000000E+00  0.000000E+00  0.110561E+04
  0.165656E+01  0.107217E+04  0.898904E+03  0.000000E+00  0.000000E+00  0.000000E+00  0.104543E+04
  0.171271E+01  0.101371E+04  0.849894E+03  0.000000E+00  0.000000E+00  0.000000E+00  0.988428E+03
  0.177077E+01  0.958345E+03  0.803479E+03  0.000000E+00  0.000000E+00  0.000000E+00  0.934444E+03
  0.183079E+01  0.905916E+03  0.759525E+03  0.000000E+00  0.000000E+00  0.000000E+00  0.883323E+03
  0.189284E+01  0.856279E+03  0.717911E+03  0.000000E+00  0.000000E+00  0.000000E+00  0.834925E+03
  0.195700E+01  0.809290E+03  0.678518E+03  0.000000E+00  0.000000E+00  0.000000E+00  0.789107E+03
  0.202333E+01  0.764814E+03  0.641231E+03  0.000000E+00  0.000000E+00  0.000000E+00  0.745741E+03
  0.209191E+01  0.722714E+03  0.605936E+03  0.000000E+00  0.000000E+00  0.000000E+00  0.704692E+03
  0.216282E+01  0.682872E+03  0.572534E+03  0.000000E+00  0.000000E+00  0.000000E+00  0.665844E+03
  0.223613E+01  0.645171E+03  0.540926E+03  0.000000E+00  0.000000E+00  0.000000E+00  0.629083E+03
  0.231192E+01  0.609502E+03  0.511021E+03  0.000000E+00  0.000000E+00  0.000000E+00  0.594303E+03
  0.239028E+01  0.575757E+03  0.482730E+03  0.000000E+00  0.000000E+00  0.000000E+00  0.561401E+03
  0.247130E+01  0.543836E+03  0.455968E+03  0.000000E+00  0.000000E+00  0.000000E+00  0.530275E+03
  0.255507E+01  0.513641E+03  0.430652E+03  0.000000E+00  0.000000E+00  0.000000E+00  0.500833E+03
  0.264167E+01  0.485084E+03  0.406710E+03  0.000000E+00  0.000000E+00  0.000000E+00  0.472989E+03
  0.273121E+01  0.458082E+03  0.384072E+03  0.000000E+00  0.000000E+00  0.000000E+00  0.446660E+03
  0.282379E+01  0.432548E+03  0.362664E+03  0.000000E+00  0.000000E+00  0.000000E+00  0.421763E+03
  0.291950E+01  0.408406E+03  0.342423E+03  0.000000E+00  0.000000E+00  0.000000E+00  0.398223E+03
  0.301846E+01  0.385581E+03  0.323286E+03  0.000000E+00  0.000000E+00  0.000000E+00  0.375967E+03
  0.312077E+01  0.364005E+03  0.305197E+03  0.000000E+00  0.000000E+00  0.000000E+00  0.354929E+03
  0.322655E+01  0.343613E+03  0.288099E+03  0.000000E+00  0.000000E+00  0.000000E+00  0.335045E+03
  0.333591E+01  0.324339E+03  0.271940E+03  0.000000E+00  0.000000E+00  0.000000E+00  0.316252E+03
  0.344898E+01  0.306124E+03  0.256668E+03  0.000000E+00  0.000000E+00  0.000000E+00  0.298491E+03
  0.356588E+01  0.288912E+03  0.242236E+03  0.000000E+00  0.000000E+00  0.000000E+00  0.281708E+03
  0.368675E+01  0.272649E+03  0.228601E+03  0.000000E+00  0.000000E+00  0.000000E+00  0.265851E+03
  0.381172E+01  0.257283E+03  0.215718E+03  0.000000E+00  0.000000E+00  0.000000E+00  0.250869E+03
  0.394091E+01  0.242768E+03  0.203548E+03  0.000000E+00  0.000000E+00  0.000000E+00  0.236715E+03
  0.407449E+01  0.229055E+03  0.192050E+03  0.000000E+00  0.000000E+00  0.000000E+00  0.223344E+03
  0.421259E+01  0.216104E+03  0.181191E+03  0.000000E+00  0.000000E+00  0.000000E+00  0.210716E+03
  0.435538E+01  0.203872E+03  0.170935E+03  0.000000E+00  0.000000E+00  0.000000E+00  0.198789E+03
  0.450301E+01  0.192319E+03  0.161249E+03  0.000000E+00  0.000000E+00  0.000000E+00  0.187524E+03
  0.465564E+01  0.181410E+03  0.152102E+03  0.000000E+00  0.000000E+00  0.000000E+00  0.176887E+03
  0.481344E+01  0.171109E+03  0.143465E+03  0.000000E+00  0.000000E+00  0.000000E+00  0.166843E+03
  0.497659E+01  0.161383E+03  0.135310E+03  0.000000E+00  0.000000E+00  0.000000E+00  0.157359E+03
  0.514527E+01  0.152201E+03  0.127611E+03  0.000000E+00  0.000000E+00  0.000000E+00  0.148406E+03
  0.531968E+01  0.143532E+03  0.120343E+03  0.000000E+00  0.000000E+00  0.000000E+00  0.139953E+03
  0.549998E+01  0.135350E+03  0.113482E+03  0.000000E+00  0.000000E+00  0.000000E+00  0.131975E+03
  0.568641E+01  0.127626E+03  0.107006E+03  0.000000E+00  0.000000E+00  0.000000E+00  0.124444E+03
  0.587915E+01  0.120336E+03  0.100894E+03  0.000000E+00  0.000000E+00  0.000000E+00  0.117336E+03
  0.607843E+01  0.113456E+03  0.951250E+02  0.000000E+00  0.000000E+00  0.000000E+00  0.110627E+03
  0.628446E+01  0.106964E+03  0.896812E+02  0.000000E+00  0.000000E+00  0.000000E+00  0.104296E+03
  0.649747E+01  0.100837E+03  0.845442E+02  0.000000E+00  0.000000E+00  0.000000E+00  0.983226E+02
  0.671770E+01  0.950561E+02  0.796969E+02  0.000000E+00  0.000000E+00  0.000000E+00  0.926857E+02
  0.694539E+01  0.896021E+02  0.751238E+02  0.000000E+00  0.000000E+00  0.000000E+00  0.873677E+02
  0.718081E+01  0.844562E+02  0.708090E+02  0.000000E+00  0.000000E+00  0.000000E+00  0.823500E+02
  0.742420E+01  0.796017E+02  0.667386E+02  0.000000E+00  0.000000E+00  0.000000E+00  0.776166E+02
  0.767585E+01  0.750224E+02  0.628989E+02  0.000000E+00  0.000000E+00  0.000000E+00  0.731514E+02
  0.793602E+01  0.707030E+02  0.592770E+02  0.000000E+00  0.000000E+00  0.000000E+00  0.689396E+02
  0.820502E+01  0.666287E+02  0.558607E+02  0.000000E+00  0.000000E+00  0.000000E+00  0.649669E+02
  0.848312E+01  0.627863E+02  0.526388E+02  0.000000E+00  0.000000E+00  0.000000E+00  0.612202E+02
  0.877066E+01  0.591623E+02  0.496001E+02  0.000000E+00  0.000000E+00  0.000000E+00  0.576866E+02
  0.906794E+01  0.557450E+02  0.467346E+02  0.000000E+00  0.000000E+00  0.000000E+00  0.543544E+02
  0.937530E+01  0.525224E+02  0.440325E+02  0.000000E+00  0.000000E+00  0.000000E+00  0.512122E+02
  0.969308E+01  0.494838E+02  0.414845E+02  0.000000E+00  0.000000E+00  0.000000E+00  0.482493E+02
  0.100216E+02  0.466188E+02  0.390822E+02  0.000000E+00  0.000000E+00  0.000000E+00  0.454557E+02
  0.103613E+02  0.439176E+02  0.368172E+02  0.000000E+00  0.000000E+00  0.000000E+00  0.428218E+02
  0.107125E+02  0.413710E+02  0.346818E+02  0.000000E+00  0.000000E+00  0.000000E+00  0.403387E+02
  0.110756E+02  0.389704E+02  0.326688E+02  0.000000E+00  0.000000E+00  0.000000E+00  0.379978E+02
  0.114510E+02  0.367074E+02  0.307712E+02  0.000000E+00  0.000000E+00  0.000000E+00  0.357912E+02
  0.118392E+02  0.345742E+02  0.289825E+02  0.000000E+00  0.000000E+00  0.000000E+00  0.337113E+02
  0.122404E+02  0.325637E+02  0.272966E+02  0.000000E+00  0.000000E+00  0.000000E+00  0.317508E+02
  0.126553E+02  0.306686E+02  0.257075E+02  0.000000E+00  0.000000E+00  0.000000E+00  0.299030E+02
  0.130843E+02  0.288827E+02  0.242099E+02  0.000000E+00  0.000000E+00  0.000000E+00  0.281616E+02
  0.135278E+02  0.271996E+02  0.227985E+02  0.000000E+00  0.000000E+00  0.000000E+00  0.265204E+02
  0.139863E+02  0.256135E+02  0.214686E+02  0.000000E+00  0.000000E+00  0.000000E+00  0.249738E+02
  0.144604E+02  0.241189E+02  0.202152E+02  0.000000E+00  0.000000E+00  0.000000E+00  0.235164E+02
  0.149505E+02  0.227106E+02  0.190343E+02  0.000000E+00  0.000000E+00  0.000000E+00  0.221432E+02
  0.154573E+02  0.213836E+02  0.179215E+02  0.000000E+00  0.000000E+00  0.000000E+00  0.208493E+02
  0.159812E+02  0.201334E+02  0.168731E+02  0.000000E+00  0.000000E+00  0.000000E+00  0.196302E+02
  0.165229E+02  0.189555E+02  0.158854E+02  0.000000E+00  0.000000E+00  0.000000E+00  0.184817E+02
  0.170829E+02  0.178459E+02  0.149549E+02  0.000000E+00  0.000000E+00  0.000000E+00  0.173997E+02
  0.176619E+02  0.168005E+02  0.140783E+02  0.000000E+00  0.000000E+00  0.000000E+00  0.163804E+02
  0.182606E+02  0.158158E+02  0.132525E+02  0.000000E+00  0.000000E+00  0.000000E+00  0.154202E+02
  0.188795E+02  0.148882E+02  0.124747E+02  0.000000E+00  0.000000E+00  0.000000E+00  0.145157E+02
  0.195195E+02  0.140145E+02  0.117420E+02  0.000000E+00  0.000000E+00  0.000000E+00  0.136638E+02
  0.201811E+02  0.131916E+02  0.110519E+02  0.000000E+00  0.000000E+00  0.000000E+00  0.128614E+02
  0.208651E+02  0.124166E+02  0.104019E+02  0.000000E+00  0.000000E+00  0.000000E+00  0.121057E+02
  0.215723E+02  0.116867E+02  0.978982E+01  0.000000E+00  0.000000E+00  0.000000E+00  0.113939E+02
  0.223035E+02  0.109992E+02  0.921333E+01  0.000000E+00  0.000000E+00  0.000000E+00  0.107236E+02
  0.230595E+02  0.103519E+02  0.867046E+01  0.000000E+00  0.000000E+00  0.000000E+00  0.100924E+02
  0.238411E+02  0.974229E+01  0.815922E+01  0.000000E+00  0.000000E+00  0.000000E+00  0.949798E+01
  0.246492E+02  0.916829E+01  0.767784E+01  0.000000E+00  0.000000E+00  0.000000E+00  0.893827E+01
  0.254847E+02  0.862779E+01  0.722456E+01  0.000000E+00  0.000000E+00  0.000000E+00  0.841123E+01
  0.263485E+02  0.811888E+01  0.679776E+01  0.000000E+00  0.000000E+00  0.000000E+00  0.791499E+01
  0.272416E+02  0.763974E+01  0.639592E+01  0.000000E+00  0.000000E+00  0.000000E+00  0.744778E+01
  0.281650E+02  0.718863E+01  0.601759E+01  0.000000E+00  0.000000E+00  0.000000E+00  0.700790E+01
  0.291196E+02  0.676394E+01  0.566141E+01  0.000000E+00  0.000000E+00  0.000000E+00  0.659379E+01
  0.301066E+02  0.636412E+01  0.532609E+01  0.000000E+00  0.000000E+00  0.000000E+00  0.620392E+01
  0.311271E+02  0.598775E+01  0.501043E+01  0.000000E+00  0.000000E+00  0.000000E+00  0.583692E+01
  0.321822E+02  0.563345E+01  0.471327E+01  0.000000E+00  0.000000E+00  0.000000E+00  0.549144E+01
  0.332730E+02  0.529996E+01  0.443356E+01  0.000000E+00  0.000000E+00  0.000000E+00  0.516624E+01
  0.344008E+02  0.498603E+01  0.417026E+01  0.000000E+00  0.000000E+00  0.000000E+00  0.486014E+01
  0.355668E+02  0.469057E+01  0.392244E+01  0.000000E+00  0.000000E+00  0.000000E+00  0.457202E+01
  0.367723E+02  0.441247E+01  0.368918E+01  0.000000E+00  0.000000E+00  0.000000E+00  0.430084E+01
  0.380187E+02  0.415074E+01  0.346965E+01  0.000000E+00  0.000000E+00  0.000000E+00  0.404562E+01
  0.393074E+02  0.390440E+01  0.326303E+01  0.000000E+00  0.000000E+00  0.000000E+00  0.380542E+01
  0.406397E+02  0.367258E+01  0.306857E+01  0.000000E+00  0.000000E+00  0.000000E+00  0.357936E+01
  0.420172E+02  0.345442E+01  0.288557E+01  0.000000E+00  0.000000E+00  0.000000E+00  0.336663E+01
  0.434414E+02  0.324911E+01  0.271336E+01  0.000000E+00  0.000000E+00  0.000000E+00  0.316643E+01
  0.449138E+02  0.305593E+01  0.255130E+01  0.000000E+00  0.000000E+00  0.000000E+00  0.297805E+01
  0.464362E+02  0.287414E+01  0.239880E+01  0.000000E+00  0.000000E+00  0.000000E+00  0.280078E+01
  0.480101E+02  0.270309E+01  0.225531E+01  0.000000E+00  0.000000E+00  0.000000E+00  0.263398E+01
  0.496375E+02  0.254214E+01  0.212029E+01  0.000000E+00  0.000000E+00  0.000000E+00  0.247704E+01
  0.513199E+02  0.239071E+01  0.199325E+01  0.000000E+00  0.000000E+00  0.000000E+00  0.232937E+01
  0.530594E+02  0.224824E+01  0.187372E+01  0.000000E+00  0.000000E+00  0.000000E+00  0.219044E+01
  0.548579E+02  0.211419E+01  0.176126E+01  0.000000E+00  0.000000E+00  0.000000E+00  0.205973E+01
  0.567173E+02  0.198808E+01  0.165545E+01  0.000000E+00  0.000000E+00  0.000000E+00  0.193675E+01
  0.586397E+02  0.186945E+01  0.155591E+01  0.000000E+00  0.000000E+00  0.000000E+00  0.182106E+01
  0.606273E+02  0.175784E+01  0.146226E+01  0.000000E+00  0.000000E+00  0.000000E+00  0.171222E+01
  0.626823E+02  0.165285E+01  0.137417E+01  0.000000E+00  0.000000E+00  0.000000E+00  0.160984E+01
  0.648069E+02  0.155408E+01  0.129129E+01  0.000000E+00  0.000000E+00  0.000000E+00  0.151352E+01
  0.670036E+02  0.146118E+01  0.121333E+01  0.000000E+00  0.000000E+00  0.000000E+00  0.142293E+01
  0.692747E+02  0.137379E+01  0.114000E+01  0.000000E+00  0.000000E+00  0.000000E+00  0.133771E+01
  0.716227E+02  0.129160E+01  0.107101E+01  0.000000E+00  0.000000E+00  0.000000E+00  0.125755E+01
  0.740504E+02  0.121428E+01  0.100613E+01  0.000000E+00  0.000000E+00  0.000000E+00  0.118216E+01
  0.765604E+02  0.114157E+01  0.945099E+00  0.000000E+00  0.000000E+00  0.000000E+00  0.111125E+01
  0.791553E+02  0.107318E+01  0.887697E+00  0.000000E+00  0.000000E+00  0.000000E+00  0.104455E+01
  0.818384E+02  0.100886E+01  0.833706E+00  0.000000E+00  0.000000E+00  0.000000E+00  0.981827E+00
  0.846122E+02  0.948368E+00  0.782928E+00  0.000000E+00  0.000000E+00  0.000000E+00  0.922835E+00
  0.874802E+02  0.891478E+00  0.735171E+00  0.000000E+00  0.000000E+00  0.000000E+00  0.867355E+00
  0.904453E+02  0.837979E+00  0.690258E+00  0.000000E+00  0.000000E+00  0.000000E+00  0.815181E+00
  0.935109E+02  0.787670E+00  0.648019E+00  0.000000E+00  0.000000E+00  0.000000E+00  0.766117E+00
  0.966806E+02  0.740357E+00  0.608295E+00  0.000000E+00  0.000000E+00  0.000000E+00  0.719976E+00
  0.999576E+02  0.695870E+00  0.570941E+00  0.000000E+00  0.000000E+00  0.000000E+00  0.676590E+00
  0.103346E+03  0.654038E+00  0.535813E+00  0.000000E+00  0.000000E+00  0.000000E+00  0.635792E+00
  0.106849E+03  0.614701E+00  0.502780E+00  0.000000E+00  0.000000E+00  0.000000E+00  0.597428E+00
  0.110470E+03  0.577715E+00  0.471719E+00  0.000000E+00  0.000000E+00  0.000000E+00  0.561357E+00
  0.114215E+03  0.542940E+00  0.442513E+00  0.000000E+00  0.000000E+00  0.000000E+00  0.527441E+00
  0.118086E+03  0.510243E+00  0.415051E+00  0.000000E+00  0.000000E+00  0.000000E+00  0.495552E+00
  0.122089E+03  0.479500E+00  0.389228E+00  0.000000E+00  0.000000E+00  0.000000E+00  0.465568E+00
  0.126227E+03  0.450598E+00  0.364950E+00  0.000000E+00  0.000000E+00  0.000000E+00  0.437380E+00
  0.130505E+03  0.423425E+00  0.342124E+00  0.000000E+00  0.000000E+00  0.000000E+00  0.410878E+00
  0.134928E+03  0.397879E+00  0.320664E+00  0.000000E+00  0.000000E+00  0.000000E+00  0.385962E+00
  0.139502E+03  0.373861E+00  0.300487E+00  0.000000E+00  0.000000E+00  0.000000E+00  0.362537E+00
  0.144230E+03  0.351284E+00  0.281519E+00  0.000000E+00  0.000000E+00  0.000000E+00  0.340517E+00
  0.149119E+03  0.330060E+00  0.263688E+00  0.000000E+00  0.000000E+00  0.000000E+00  0.319817E+00
  0.154173E+03  0.310108E+00  0.246926E+00  0.000000E+00  0.000000E+00  0.000000E+00  0.300358E+00
  0.159399E+03  0.291352E+00  0.231169E+00  0.000000E+00  0.000000E+00  0.000000E+00  0.282064E+00
  0.164802E+03  0.273723E+00  0.216359E+00  0.000000E+00  0.000000E+00  0.000000E+00  0.264870E+00
  0.170388E+03  0.257151E+00  0.202438E+00  0.000000E+00  0.000000E+00  0.000000E+00  0.248707E+00
  0.176164E+03  0.241574E+00  0.189354E+00  0.000000E+00  0.000000E+00  0.000000E+00  0.233515E+00
  0.182135E+03  0.226933E+00  0.177058E+00  0.000000E+00  0.000000E+00  0.000000E+00  0.219236E+00
  0.188308E+03  0.213172E+00  0.165502E+00  0.000000E+00  0.000000E+00  0.000000E+00  0.205815E+00
  0.194691E+03  0.200238E+00  0.154643E+00  0.000000E+00  0.000000E+00  0.000000E+00  0.193201E+00
  0.201290E+03  0.188081E+00  0.144439E+00  0.000000E+00  0.000000E+00  0.000000E+00  0.181346E+00
