  0.108800E-04  0.277740E+07  0.277740E+07  0.370294E+07  0.370293E+07  0.000000E+00  0.277740E+07
  0.112487E-04  0.277740E+07  0.277740E+07  0.370292E+07  0.370292E+07  0.000000E+00  0.277740E+07
  0.116300E-04  0.277740E+07  0.277740E+07  0.370290E+07  0.370290E+07  0.000000E+00  0.277740E+07
  0.120242E-04  0.277740E+07  0.277740E+07  0.370288E+07  0.370287E+07  0.000000E+00  0.277740E+07
  0.124318E-04  0.277740E+07  0.277740E+07  0.370286E+07  0.370285E+07  0.000000E+00  0.277740E+07
  0.128531E-04  0.277740E+07  0.277740E+07  0.370283E+07  0.370283E+07  0.000000E+00  0.277740E+07
  0.132888E-04  0.277739E+07  0.277739E+07  0.370281E+07  0.370280E+07  0.000000E+00  0.277739E+07
  0.137392E-04  0.277739E+07  0.277739E+07  0.370278E+07  0.370278E+07  0.000000E+00  0.277739E+07
  0.142049E-04  0.277739E+07  0.277739E+07  0.370275E+07  0.370275E+07  0.000000E+00  0.277739E+07
  0.146864E-04  0.277739E+07  0.277739E+07  0.370272E+07  0.370272E+07  0.000000E+00  0.277739E+07
  0.151842E-04  0.277739E+07  0.277739E+07  0.370269E+07  0.370268E+07  0.000000E+00  0.277739E+07
  0.156989E-04  0.277739E+07  0.277739E+07  0.370265E+07  0.370265E+07  0.000000E+00  0.277739E+07
  0.162310E-04  0.277739E+07  0.277739E+07  0.370262E+07  0.370261E+07  0.000000E+00  0.277739E+07
  0.167811E-04  0.277739E+07  0.277739E+07  0.370258E+07  0.370257E+07  0.000000E+00  0.277739E+07
  0.173499E-04  0.277739E+07  0.277739E+07  0.370253E+07  0.370253E+07  0.000000E+00  0.277739E+07
  0.179380E-04  0.277739E+07  0.277739E+07  0.370249E+07  0.370248E+07  0.000000E+00  0.277739E+07
  0.185460E-04  0.277739E+07  0.277739E+07  0.370244E+07  0.370243E+07  0.000000E+00  0.277739E+07
  0.191746E-04  0.277739E+07  0.277739E+07  0.370238E+07  0.370238E+07  0.000000E+00  0.277739E+07
  0.198246E-04  0.277739E+07  0.277739E+07  0.370233E+07  0.370232E+07  0.000000E+00  0.277739E+07
  0.204965E-04  0.277739E+07  0.277739E+07  0.370227E+07  0.370226E+07  0.000000E+00  0.277739E+07
  0.211913E-04  0.277739E+07  0.277739E+07  0.370220E+07  0.370219E+07  0.000000E+00  0.277739E+07
  0.219095E-04  0.277739E+07  0.277739E+07  0.370214E+07  0.370213E+07  0.000000E+00  0.277739E+07
  0.226522E-04  0.277739E+07  0.277739E+07  0.370206E+07  0.370205E+07  0.000000E+00  0.277739E+07
  0.234200E-04  0.277739E+07  0.277739E+07  0.370199E+07  0.370197E+07  0.000000E+00  0.277739E+07
  0.242138E-04  0.277739E+07  0.277739E+07  0.370190E+07  0.370189E+07  0.000000E+00  0.277739E+07
  0.250345E-04  0.277739E+07  0.277739E+07  0.370181E+07  0.370180E+07  0.000000E+00  0.277739E+07
  0.258831E-04  0.277738E+07  0.277738E+07  0.370172E+07  0.370170E+07  0.000000E+00  0.277738E+07
  0.267604E-04  0.277738E+07  0.277738E+07  0.370162E+07  0.370160E+07  0.000000E+00  0.277738E+07
  0.276674E-04  0.277738E+07  0.277738E+07  0.370151E+07  0.370149E+07  0.000000E+00  0.277738E+07
  0.286052E-04  0.277738E+07  0.277738E+07  0.370139E+07  0.370137E+07  0.000000E+00  0.277738E+07
  0.295748E-04  0.277738E+07  0.277738E+07  0.370126E+07  0.370124E+07  0.000000E+00  0.277738E+07
  0.305772E-04  0.277738E+07  0.277738E+07  0.370113E+07  0.370111E+07  0.000000E+00  0.277738E+07
  0.316136E-04  0.277738E+07  0.277738E+07  0.370099E+07  0.370097E+07  0.000000E+00  0.277738E+07
  0.326852E-04  0.277738E+07  0.277738E+07  0.370084E+07  0.370081E+07  0.000000E+00  0.277738E+07
  0.337931E-04  0.277738E+07  0.277738E+07  0.370067E+07  0.370065E+07  0.000000E+00  0.277738E+07
  0.349385E-04  0.277737E+07  0.277737E+07  0.370050E+07  0.370047E+07  0.000000E+00  0.277737E+07
  0.361227E-04  0.277737E+07  0.277737E+07  0.370031E+07  0.370028E+07  0.000000E+00  0.277737E+07
  0.373471E-04  0.277737E+07  0.277737E+07  0.370012E+07  0.370008E+07  0.000000E+00  0.277737E+07
  0.386130E-04  0.277737E+07  0.277737E+07  0.369990E+07  0.369987E+07  0.000000E+00  0.277737E+07
  0.399218E-04  0.277737E+07  0.277737E+07  0.369968E+07  0.369964E+07  0.000000E+00  0.277737E+07
  0.412749E-04  0.277736E+07  0.277736E+07  0.369943E+07  0.369939E+07  0.000000E+00  0.277736E+07
  0.426740E-04  0.277736E+07  0.277736E+07  0.369917E+07  0.369913E+07  0.000000E+00  0.277736E+07
  0.441204E-04  0.277736E+07  0.277736E+07  0.369890E+07  0.369885E+07  0.000000E+00  0.277736E+07
  0.456159E-04  0.277736E+07  0.277736E+07  0.369860E+07  0.369855E+07  0.000000E+00  0.277736E+07
  0.471620E-04  0.277735E+07  0.277735E+07  0.369828E+07  0.369823E+07  0.000000E+00  0.277735E+07
  0.487606E-04  0.277735E+07  0.277735E+07  0.369794E+07  0.369789E+07  0.000000E+00  0.277735E+07
  0.504133E-04  0.277735E+07  0.277735E+07  0.369758E+07  0.369752E+07  0.000000E+00  0.277735E+07
  0.521221E-04  0.277734E+07  0.277734E+07  0.369720E+07  0.369713E+07  0.000000E+00  0.277734E+07
  0.538888E-04  0.277734E+07  0.277734E+07  0.369678E+07  0.369672E+07  0.000000E+00  0.277734E+07
  0.557153E-04  0.277734E+07  0.277734E+07  0.369634E+07  0.369627E+07  0.000000E+00  0.277734E+07
  0.576038E-04  0.277733E+07  0.277733E+07  0.369587E+07  0.369579E+07  0.000000E+00  0.277733E+07
  0.595563E-04  0.277733E+07  0.277733E+07  0.369536E+07  0.369528E+07  0.000000E+00  0.277733E+07
  0.615750E-04  0.277732E+07  0.277732E+07  0.369482E+07  0.369474E+07  0.000000E+00  0.277732E+07
  0.636621E-04  0.277732E+07  0.277732E+07  0.369425E+07  0.369415E+07  0.000000E+00  0.277732E+07
  0.658199E-04  0.277731E+07  0.277731E+07  0.369363E+07  0.369353E+07  0.000000E+00  0.277731E+07
  0.680509E-04  0.277730E+07  0.277730E+07  0.369297E+07  0.369287E+07  0.000000E+00  0.277730E+07
  0.703575E-04  0.277730E+07  0.277730E+07  0.369227E+07  0.369215E+07  0.000000E+00  0.277730E+07
  0.727422E-04  0.277729E+07  0.277729E+07  0.369152E+07  0.369139E+07  0.000000E+00  0.277729E+07
  0.752079E-04  0.277728E+07  0.277728E+07  0.369071E+07  0.369058E+07  0.000000E+00  0.277728E+07
  0.777570E-04  0.277728E+07  0.277728E+07  0.368985E+07  0.368971E+07  0.000000E+00  0.277728E+07
  0.803926E-04  0.277727E+07  0.277727E+07  0.368894E+07  0.368879E+07  0.000000E+00  0.277727E+07
  0.831175E-04  0.277726E+07  0.277726E+07  0.368795E+07  0.368779E+07  0.000000E+00  0.277726E+07
  0.859348E-04  0.277725E+07  0.277725E+07  0.368691E+07  0.368673E+07  0.000000E+00  0.277725E+07
  0.888476E-04  0.277724E+07  0.277724E+07  0.368578E+07  0.368560E+07  0.000000E+00  0.277724E+07
  0.918591E-04  0.277723E+07  0.277723E+07  0.368459E+07  0.368439E+07  0.000000E+00  0.277723E+07
  0.949726E-04  0.277722E+07  0.277721E+07  0.368331E+07  0.368310E+07  0.000000E+00  0.277722E+07
  0.981917E-04  0.277720E+07  0.277720E+07  0.368194E+07  0.368172E+07  0.000000E+00  0.277720E+07
  0.101520E-03  0.277719E+07  0.277719E+07  0.368048E+07  0.368024E+07  0.000000E+00  0.277719E+07
  0.104961E-03  0.277718E+07  0.277717E+07  0.367892E+07  0.367866E+07  0.000000E+00  0.277718E+07
  0.108519E-03  0.277716E+07  0.277716E+07  0.367725E+07  0.367698E+07  0.000000E+00  0.277716E+07
  0.112197E-03  0.277714E+07  0.277714E+07  0.367547E+07  0.367518E+07  0.000000E+00  0.277714E+07
  0.116000E-03  0.277713E+07  0.277712E+07  0.367356E+07  0.367325E+07  0.000000E+00  0.277713E+07
  0.119932E-03  0.277711E+07  0.277711E+07  0.367153E+07  0.367119E+07  0.000000E+00  0.277711E+07
  0.123997E-03  0.277709E+07  0.277709E+07  0.366935E+07  0.366900E+07  0.000000E+00  0.277709E+07
  0.128200E-03  0.277707E+07  0.277706E+07  0.366703E+07  0.366665E+07  0.000000E+00  0.277707E+07
  0.132545E-03  0.277704E+07  0.277704E+07  0.366455E+07  0.366414E+07  0.000000E+00  0.277704E+07
  0.137038E-03  0.277702E+07  0.277702E+07  0.366190E+07  0.366147E+07  0.000000E+00  0.277702E+07
  0.141683E-03  0.277699E+07  0.277699E+07  0.365907E+07  0.365861E+07  0.000000E+00  0.277699E+07
  0.146485E-03  0.277696E+07  0.277696E+07  0.365604E+07  0.365555E+07  0.000000E+00  0.277696E+07
  0.151450E-03  0.277693E+07  0.277693E+07  0.365281E+07  0.365229E+07  0.000000E+00  0.277693E+07
  0.156583E-03  0.277690E+07  0.277690E+07  0.364936E+07  0.364880E+07  0.000000E+00  0.277690E+07
  0.161891E-03  0.277687E+07  0.277686E+07  0.364568E+07  0.364508E+07  0.000000E+00  0.277687E+07
  0.167378E-03  0.277683E+07  0.277683E+07  0.364174E+07  0.364110E+07  0.000000E+00  0.277683E+07
  0.173051E-03  0.277679E+07  0.277679E+07  0.363754E+07  0.363686E+07  0.000000E+00  0.277679E+07
  0.178917E-03  0.277675E+07  0.277675E+07  0.363305E+07  0.363233E+07  0.000000E+00  0.277675E+07
  0.184981E-03  0.277671E+07  0.277670E+07  0.362826E+07  0.362749E+07  0.000000E+00  0.277671E+07
  0.191251E-03  0.277666E+07  0.277665E+07  0.362315E+07  0.362232E+07  0.000000E+00  0.277666E+07
  0.197734E-03  0.277661E+07  0.277660E+07  0.361769E+07  0.361681E+07  0.000000E+00  0.277661E+07
  0.204436E-03  0.277655E+07  0.277655E+07  0.361187E+07  0.361092E+07  0.000000E+00  0.277655E+07
  0.211366E-03  0.277649E+07  0.277649E+07  0.360565E+07  0.360464E+07  0.000000E+00  0.277649E+07
  0.218530E-03  0.277643E+07  0.277643E+07  0.359901E+07  0.359794E+07  0.000000E+00  0.277643E+07
  0.225937E-03  0.277637E+07  0.277636E+07  0.359193E+07  0.359079E+07  0.000000E+00  0.277637E+07
  0.233595E-03  0.277630E+07  0.277629E+07  0.358437E+07  0.358316E+07  0.000000E+00  0.277629E+07
  0.241513E-03  0.277622E+07  0.277621E+07  0.357632E+07  0.357502E+07  0.000000E+00  0.277622E+07
  0.249699E-03  0.277614E+07  0.277613E+07  0.356772E+07  0.356633E+07  0.000000E+00  0.277614E+07
  0.258162E-03  0.277605E+07  0.277604E+07  0.355855E+07  0.355708E+07  0.000000E+00  0.277605E+07
  0.266913E-03  0.277596E+07  0.277595E+07  0.354878E+07  0.354720E+07  0.000000E+00  0.277596E+07
  0.275960E-03  0.277586E+07  0.277585E+07  0.353835E+07  0.353668E+07  0.000000E+00  0.277586E+07
  0.285314E-03  0.277576E+07  0.277575E+07  0.352724E+07  0.352546E+07  0.000000E+00  0.277575E+07
  0.294984E-03  0.277564E+07  0.277563E+07  0.351541E+07  0.351351E+07  0.000000E+00  0.277564E+07
  0.304983E-03  0.277552E+07  0.277551E+07  0.350279E+07  0.350078E+07  0.000000E+00  0.277552E+07
  0.315320E-03  0.277539E+07  0.277538E+07  0.348936E+07  0.348721E+07  0.000000E+00  0.277539E+07
  0.326008E-03  0.277526E+07  0.277524E+07  0.347505E+07  0.347276E+07  0.000000E+00  0.277525E+07
  0.337058E-03  0.277511E+07  0.277510E+07  0.345981E+07  0.345738E+07  0.000000E+00  0.277511E+07
  0.348483E-03  0.277495E+07  0.277494E+07  0.344359E+07  0.344102E+07  0.000000E+00  0.277495E+07
  0.360295E-03  0.277478E+07  0.277477E+07  0.342634E+07  0.342360E+07  0.000000E+00  0.277478E+07
  0.372507E-03  0.277461E+07  0.277459E+07  0.340798E+07  0.340507E+07  0.000000E+00  0.277460E+07
  0.385133E-03  0.277442E+07  0.277440E+07  0.338846E+07  0.338537E+07  0.000000E+00  0.277441E+07
  0.398187E-03  0.277421E+07  0.277419E+07  0.336770E+07  0.336444E+07  0.000000E+00  0.277421E+07
  0.411684E-03  0.277399E+07  0.277398E+07  0.334565E+07  0.334219E+07  0.000000E+00  0.277399E+07
  0.425638E-03  0.277376E+07  0.277374E+07  0.332223E+07  0.331856E+07  0.000000E+00  0.277376E+07
  0.440065E-03  0.277351E+07  0.277349E+07  0.329736E+07  0.329348E+07  0.000000E+00  0.277351E+07
  0.454981E-03  0.277325E+07  0.277323E+07  0.327098E+07  0.326687E+07  0.000000E+00  0.277324E+07
  0.470403E-03  0.277297E+07  0.277294E+07  0.324299E+07  0.323864E+07  0.000000E+00  0.277296E+07
  0.486347E-03  0.277266E+07  0.277264E+07  0.321332E+07  0.320873E+07  0.000000E+00  0.277266E+07
  0.502832E-03  0.277234E+07  0.277231E+07  0.318188E+07  0.317704E+07  0.000000E+00  0.277234E+07
  0.519875E-03  0.277200E+07  0.277197E+07  0.314860E+07  0.314349E+07  0.000000E+00  0.277199E+07
  0.537497E-03  0.277163E+07  0.277160E+07  0.311338E+07  0.310800E+07  0.000000E+00  0.277163E+07
  0.555715E-03  0.277124E+07  0.277121E+07  0.307615E+07  0.307049E+07  0.000000E+00  0.277124E+07
  0.574551E-03  0.277082E+07  0.277079E+07  0.303681E+07  0.303086E+07  0.000000E+00  0.277082E+07
  0.594026E-03  0.277038E+07  0.277034E+07  0.299528E+07  0.298904E+07  0.000000E+00  0.277037E+07
  0.614160E-03  0.276990E+07  0.276986E+07  0.295148E+07  0.294494E+07  0.000000E+00  0.276990E+07
  0.634977E-03  0.276940E+07  0.276936E+07  0.290533E+07  0.289849E+07  0.000000E+00  0.276939E+07
  0.656500E-03  0.276886E+07  0.276881E+07  0.285676E+07  0.284960E+07  0.000000E+00  0.276885E+07
  0.678752E-03  0.276828E+07  0.276824E+07  0.280568E+07  0.279822E+07  0.000000E+00  0.276828E+07
  0.701758E-03  0.276767E+07  0.276762E+07  0.275204E+07  0.274426E+07  0.000000E+00  0.276766E+07
  0.725544E-03  0.276702E+07  0.276696E+07  0.269577E+07  0.268770E+07  0.000000E+00  0.276701E+07
  0.750137E-03  0.276633E+07  0.276627E+07  0.263684E+07  0.262846E+07  0.000000E+00  0.276632E+07
  0.775563E-03  0.276559E+07  0.276552E+07  0.257520E+07  0.256653E+07  0.000000E+00  0.276558E+07
  0.801851E-03  0.276480E+07  0.276473E+07  0.251083E+07  0.250188E+07  0.000000E+00  0.276479E+07
  0.829029E-03  0.276396E+07  0.276389E+07  0.244372E+07  0.243452E+07  0.000000E+00  0.276395E+07
  0.857129E-03  0.276307E+07  0.276299E+07  0.237389E+07  0.236445E+07  0.000000E+00  0.276306E+07
  0.886182E-03  0.276212E+07  0.276204E+07  0.230136E+07  0.229171E+07  0.000000E+00  0.276211E+07
  0.916219E-03  0.276111E+07  0.276102E+07  0.222620E+07  0.221636E+07  0.000000E+00  0.276110E+07
  0.947274E-03  0.276004E+07  0.275994E+07  0.214848E+07  0.213850E+07  0.000000E+00  0.276002E+07
  0.979383E-03  0.275890E+07  0.275880E+07  0.206832E+07  0.205824E+07  0.000000E+00  0.275888E+07
  0.101258E-02  0.275769E+07  0.275758E+07  0.198586E+07  0.197572E+07  0.000000E+00  0.275767E+07
  0.104690E-02  0.275640E+07  0.275629E+07  0.190127E+07  0.189114E+07  0.000000E+00  0.275639E+07
  0.108239E-02  0.275504E+07  0.275492E+07  0.181478E+07  0.180471E+07  0.000000E+00  0.275502E+07
  0.111907E-02  0.275359E+07  0.275346E+07  0.172664E+07  0.171670E+07  0.000000E+00  0.275357E+07
  0.115700E-02  0.275206E+07  0.275192E+07  0.163715E+07  0.162741E+07  0.000000E+00  0.275204E+07
  0.119622E-02  0.275043E+07  0.275028E+07  0.154664E+07  0.153718E+07  0.000000E+00  0.275041E+07
  0.123677E-02  0.274871E+07  0.274855E+07  0.145551E+07  0.144642E+07  0.000000E+00  0.274869E+07
  0.127869E-02  0.274689E+07  0.274671E+07  0.136417E+07  0.135554E+07  0.000000E+00  0.274686E+07
  0.132203E-02  0.274496E+07  0.274477E+07  0.127311E+07  0.126503E+07  0.000000E+00  0.274493E+07
  0.136684E-02  0.274291E+07  0.274272E+07  0.118283E+07  0.117538E+07  0.000000E+00  0.274288E+07
  0.141317E-02  0.274076E+07  0.274055E+07  0.109387E+07  0.108715E+07  0.000000E+00  0.274072E+07
  0.146107E-02  0.273848E+07  0.273825E+07  0.100681E+07  0.100090E+07  0.000000E+00  0.273844E+07
  0.151059E-02  0.273607E+07  0.273583E+07  0.922239E+06  0.917217E+06  0.000000E+00  0.273603E+07
  0.156179E-02  0.273353E+07  0.273327E+07  0.840756E+06  0.836692E+06  0.000000E+00  0.273349E+07
  0.161473E-02  0.273085E+07  0.273058E+07  0.762964E+06  0.759912E+06  0.000000E+00  0.273081E+07
  0.166946E-02  0.272803E+07  0.272774E+07  0.689442E+06  0.687438E+06  0.000000E+00  0.272799E+07
  0.172605E-02  0.272506E+07  0.272475E+07  0.620735E+06  0.619793E+06  0.000000E+00  0.272501E+07
  0.178455E-02  0.272194E+07  0.272160E+07  0.557332E+06  0.557441E+06  0.000000E+00  0.272189E+07
  0.184504E-02  0.271865E+07  0.271830E+07  0.499647E+06  0.500768E+06  0.000000E+00  0.271860E+07
  0.190758E-02  0.271520E+07  0.271482E+07  0.447999E+06  0.450057E+06  0.000000E+00  0.271515E+07
  0.197223E-02  0.271158E+07  0.271118E+07  0.402585E+06  0.405476E+06  0.000000E+00  0.271152E+07
  0.203908E-02  0.270778E+07  0.270735E+07  0.363467E+06  0.367051E+06  0.000000E+00  0.270772E+07
  0.210820E-02  0.270380E+07  0.270334E+07  0.330553E+06  0.334657E+06  0.000000E+00  0.270373E+07
  0.217966E-02  0.269963E+07  0.269914E+07  0.303584E+06  0.308007E+06  0.000000E+00  0.269956E+07
  0.225354E-02  0.269527E+07  0.269474E+07  0.282127E+06  0.286647E+06  0.000000E+00  0.269519E+07
  0.232992E-02  0.269071E+07  0.269014E+07  0.265585E+06  0.269965E+06  0.000000E+00  0.269062E+07
  0.240889E-02  0.268594E+07  0.268534E+07  0.253203E+06  0.257206E+06  0.000000E+00  0.268585E+07
  0.249054E-02  0.268096E+07  0.268032E+07  0.244098E+06  0.247500E+06  0.000000E+00  0.268086E+07
  0.257496E-02  0.267577E+07  0.267508E+07  0.237294E+06  0.239900E+06  0.000000E+00  0.267566E+07
  0.266224E-02  0.267035E+07  0.266962E+07  0.231776E+06  0.233438E+06  0.000000E+00  0.267024E+07
  0.275248E-02  0.266470E+07  0.266392E+07  0.226548E+06  0.227180E+06  0.000000E+00  0.266458E+07
  0.284577E-02  0.265882E+07  0.265799E+07  0.220704E+06  0.220294E+06  0.000000E+00  0.265869E+07
  0.294223E-02  0.265270E+07  0.265181E+07  0.213497E+06  0.212118E+06  0.000000E+00  0.265256E+07
  0.304196E-02  0.264633E+07  0.264538E+07  0.204410E+06  0.202220E+06  0.000000E+00  0.264618E+07
  0.314506E-02  0.263970E+07  0.263869E+07  0.193210E+06  0.190440E+06  0.000000E+00  0.263955E+07
  0.325166E-02  0.263282E+07  0.263173E+07  0.179979E+06  0.176917E+06  0.000000E+00  0.263265E+07
  0.336188E-02  0.262566E+07  0.262450E+07  0.165121E+06  0.162076E+06  0.000000E+00  0.262548E+07
  0.347583E-02  0.261823E+07  0.261699E+07  0.149326E+06  0.146587E+06  0.000000E+00  0.261804E+07
  0.359365E-02  0.261052E+07  0.260920E+07  0.133491E+06  0.131283E+06  0.000000E+00  0.261031E+07
  0.371545E-02  0.260251E+07  0.260110E+07  0.118610E+06  0.117042E+06  0.000000E+00  0.260229E+07
  0.384139E-02  0.259421E+07  0.259271E+07  0.105627E+06  0.104654E+06  0.000000E+00  0.259398E+07
  0.397159E-02  0.258560E+07  0.258400E+07  0.952786E+05  0.946869E+05  0.000000E+00  0.258535E+07
  0.410621E-02  0.257668E+07  0.257497E+07  0.879532E+05  0.873678E+05  0.000000E+00  0.257642E+07
  0.424539E-02  0.256744E+07  0.256562E+07  0.835906E+05  0.825227E+05  0.000000E+00  0.256716E+07
  0.438929E-02  0.255787E+07  0.255593E+07  0.816552E+05  0.795853E+05  0.000000E+00  0.255757E+07
  0.453806E-02  0.254797E+07  0.254590E+07  0.000000E+00  0.000000E+00  0.000000E+00  0.254765E+07
  0.469188E-02  0.253772E+07  0.253552E+07  0.000000E+00  0.000000E+00  0.000000E+00  0.253738E+07
  0.485091E-02  0.252713E+07  0.252478E+07  0.000000E+00  0.000000E+00  0.000000E+00  0.252677E+07
  0.501534E-02  0.251618E+07  0.251367E+07  0.000000E+00  0.000000E+00  0.000000E+00  0.251579E+07
  0.518533E-02  0.250486E+07  0.250219E+07  0.000000E+00  0.000000E+00  0.000000E+00  0.250445E+07
  0.536109E-02  0.249317E+07  0.249033E+07  0.000000E+00  0.000000E+00  0.000000E+00  0.249273E+07
  0.554280E-02  0.248110E+07  0.247807E+07  0.000000E+00  0.000000E+00  0.000000E+00  0.248064E+07
  0.573068E-02  0.246865E+07  0.246542E+07  0.000000E+00  0.000000E+00  0.000000E+00  0.246815E+07
  0.592492E-02  0.245580E+07  0.245236E+07  0.000000E+00  0.000000E+00  0.000000E+00  0.245527E+07
  0.612574E-02  0.244255E+07  0.243889E+07  0.000000E+00  0.000000E+00  0.000000E+00  0.244198E+07
  0.633338E-02  0.242888E+07  0.242499E+07  0.000000E+00  0.000000E+00  0.000000E+00  0.242828E+07
  0.654805E-02  0.241481E+07  0.241066E+07  0.000000E+00  0.000000E+00  0.000000E+00  0.241417E+07
  0.677000E-02  0.240030E+07  0.239589E+07  0.000000E+00  0.000000E+00  0.000000E+00  0.239962E+07
  0.699947E-02  0.238537E+07  0.238067E+07  0.000000E+00  0.000000E+00  0.000000E+00  0.238464E+07
  0.723671E-02  0.236999E+07  0.236499E+07  0.000000E+00  0.000000E+00  0.000000E+00  0.236922E+07
  0.748200E-02  0.235417E+07  0.234885E+07  0.000000E+00  0.000000E+00  0.000000E+00  0.235335E+07
  0.773561E-02  0.233789E+07  0.233224E+07  0.000000E+00  0.000000E+00  0.000000E+00  0.233702E+07
  0.799781E-02  0.232116E+07  0.231514E+07  0.000000E+00  0.000000E+00  0.000000E+00  0.232023E+07
  0.826889E-02  0.230395E+07  0.229756E+07  0.000000E+00  0.000000E+00  0.000000E+00  0.230296E+07
  0.854917E-02  0.228627E+07  0.227947E+07  0.000000E+00  0.000000E+00  0.000000E+00  0.228522E+07
  0.883894E-02  0.226810E+07  0.226088E+07  0.000000E+00  0.000000E+00  0.000000E+00  0.226699E+07
  0.913854E-02  0.224944E+07  0.224178E+07  0.000000E+00  0.000000E+00  0.000000E+00  0.224826E+07
  0.944829E-02  0.223029E+07  0.222215E+07  0.000000E+00  0.000000E+00  0.000000E+00  0.222903E+07
  0.976854E-02  0.221063E+07  0.220199E+07  0.000000E+00  0.000000E+00  0.000000E+00  0.220930E+07
  0.100996E-01  0.219046E+07  0.218129E+07  0.000000E+00  0.000000E+00  0.000000E+00  0.218904E+07
  0.104420E-01  0.216977E+07  0.216004E+07  0.000000E+00  0.000000E+00  0.000000E+00  0.216827E+07
  0.107959E-01  0.214855E+07  0.213824E+07  0.000000E+00  0.000000E+00  0.000000E+00  0.214696E+07
  0.111618E-01  0.212680E+07  0.211588E+07  0.000000E+00  0.000000E+00  0.000000E+00  0.212511E+07
  0.115402E-01  0.210451E+07  0.209294E+07  0.000000E+00  0.000000E+00  0.000000E+00  0.210273E+07
  0.119313E-01  0.208168E+07  0.206942E+07  0.000000E+00  0.000000E+00  0.000000E+00  0.207979E+07
  0.123357E-01  0.205830E+07  0.204532E+07  0.000000E+00  0.000000E+00  0.000000E+00  0.205629E+07
  0.127539E-01  0.203435E+07  0.202063E+07  0.000000E+00  0.000000E+00  0.000000E+00  0.203224E+07
  0.131862E-01  0.200985E+07  0.199534E+07  0.000000E+00  0.000000E+00  0.000000E+00  0.200761E+07
  0.136331E-01  0.198478E+07  0.196945E+07  0.000000E+00  0.000000E+00  0.000000E+00  0.198242E+07
  0.140952E-01  0.195915E+07  0.194296E+07  0.000000E+00  0.000000E+00  0.000000E+00  0.195665E+07
  0.145730E-01  0.193293E+07  0.191585E+07  0.000000E+00  0.000000E+00  0.000000E+00  0.193030E+07
  0.150669E-01  0.190615E+07  0.188813E+07  0.000000E+00  0.000000E+00  0.000000E+00  0.190337E+07
  0.155776E-01  0.187878E+07  0.185980E+07  0.000000E+00  0.000000E+00  0.000000E+00  0.187585E+07
  0.161056E-01  0.185084E+07  0.183086E+07  0.000000E+00  0.000000E+00  0.000000E+00  0.184776E+07
  0.166515E-01  0.182233E+07  0.180130E+07  0.000000E+00  0.000000E+00  0.000000E+00  0.181908E+07
  0.172159E-01  0.179324E+07  0.177114E+07  0.000000E+00  0.000000E+00  0.000000E+00  0.178983E+07
  0.177994E-01  0.176359E+07  0.174039E+07  0.000000E+00  0.000000E+00  0.000000E+00  0.176001E+07
  0.184028E-01  0.173338E+07  0.170904E+07  0.000000E+00  0.000000E+00  0.000000E+00  0.172962E+07
  0.190265E-01  0.170262E+07  0.167712E+07  0.000000E+00  0.000000E+00  0.000000E+00  0.169868E+07
  0.196714E-01  0.167132E+07  0.164464E+07  0.000000E+00  0.000000E+00  0.000000E+00  0.166720E+07
  0.203382E-01  0.163950E+07  0.161162E+07  0.000000E+00  0.000000E+00  0.000000E+00  0.163520E+07
  0.210276E-01  0.160718E+07  0.157808E+07  0.000000E+00  0.000000E+00  0.000000E+00  0.160269E+07
  0.217403E-01  0.157438E+07  0.154406E+07  0.000000E+00  0.000000E+00  0.000000E+00  0.156970E+07
  0.224772E-01  0.154114E+07  0.150958E+07  0.000000E+00  0.000000E+00  0.000000E+00  0.153627E+07
  0.232390E-01  0.150747E+07  0.147469E+07  0.000000E+00  0.000000E+00  0.000000E+00  0.150241E+07
  0.240267E-01  0.147342E+07  0.143943E+07  0.000000E+00  0.000000E+00  0.000000E+00  0.146818E+07
  0.248411E-01  0.143903E+07  0.140386E+07  0.000000E+00  0.000000E+00  0.000000E+00  0.143360E+07
  0.256831E-01  0.140435E+07  0.136803E+07  0.000000E+00  0.000000E+00  0.000000E+00  0.139875E+07
  0.265537E-01  0.136944E+07  0.133201E+07  0.000000E+00  0.000000E+00  0.000000E+00  0.136366E+07
  0.274537E-01  0.133434E+07  0.129587E+07  0.000000E+00  0.000000E+00  0.000000E+00  0.132841E+07
  0.283842E-01  0.129914E+07  0.125970E+07  0.000000E+00  0.000000E+00  0.000000E+00  0.129306E+07
  0.293463E-01  0.126391E+07  0.122357E+07  0.000000E+00  0.000000E+00  0.000000E+00  0.125768E+07
  0.303410E-01  0.122872E+07  0.118760E+07  0.000000E+00  0.000000E+00  0.000000E+00  0.122238E+07
  0.313694E-01  0.119367E+07  0.115188E+07  0.000000E+00  0.000000E+00  0.000000E+00  0.118722E+07
  0.324327E-01  0.115885E+07  0.111652E+07  0.000000E+00  0.000000E+00  0.000000E+00  0.115232E+07
  0.335320E-01  0.112436E+07  0.108165E+07  0.000000E+00  0.000000E+00  0.000000E+00  0.111777E+07
  0.346686E-01  0.109031E+07  0.104737E+07  0.000000E+00  0.000000E+00  0.000000E+00  0.108368E+07
  0.358437E-01  0.105679E+07  0.101381E+07  0.000000E+00  0.000000E+00  0.000000E+00  0.105016E+07
  0.370586E-01  0.102392E+07  0.981098E+06  0.000000E+00  0.000000E+00  0.000000E+00  0.101731E+07
  0.383147E-01  0.991654E+06  0.949191E+06  0.000000E+00  0.000000E+00  0.000000E+00  0.985101E+06
  0.396134E-01  0.960147E+06  0.918261E+06  0.000000E+00  0.000000E+00  0.000000E+00  0.953683E+06
  0.409561E-01  0.929596E+06  0.888510E+06  0.000000E+00  0.000000E+00  0.000000E+00  0.923255E+06
  0.423443E-01  0.900116E+06  0.860056E+06  0.000000E+00  0.000000E+00  0.000000E+00  0.893934E+06
  0.437796E-01  0.871799E+06  0.832989E+06  0.000000E+00  0.000000E+00  0.000000E+00  0.865810E+06
  0.452635E-01  0.844707E+06  0.807366E+06  0.000000E+00  0.000000E+00  0.000000E+00  0.838944E+06
  0.467977E-01  0.818866E+06  0.783197E+06  0.000000E+00  0.000000E+00  0.000000E+00  0.813361E+06
  0.483839E-01  0.794265E+06  0.760453E+06  0.000000E+00  0.000000E+00  0.000000E+00  0.789047E+06
  0.500239E-01  0.770858E+06  0.739062E+06  0.000000E+00  0.000000E+00  0.000000E+00  0.765951E+06
  0.517194E-01  0.748569E+06  0.718912E+06  0.000000E+00  0.000000E+00  0.000000E+00  0.743992E+06
  0.534725E-01  0.727298E+06  0.699864E+06  0.000000E+00  0.000000E+00  0.000000E+00  0.723064E+06
  0.552850E-01  0.706936E+06  0.681760E+06  0.000000E+00  0.000000E+00  0.000000E+00  0.703051E+06
  0.571588E-01  0.687385E+06  0.664449E+06  0.000000E+00  0.000000E+00  0.000000E+00  0.683845E+06
  0.590963E-01  0.668611E+06  0.647843E+06  0.000000E+00  0.000000E+00  0.000000E+00  0.665406E+06
  0.610993E-01  0.650937E+06  0.632209E+06  0.000000E+00  0.000000E+00  0.000000E+00  0.648047E+06
  0.631703E-01  0.633117E+06  0.616236E+06  0.000000E+00  0.000000E+00  0.000000E+00  0.630511E+06
  0.653114E-01  0.615413E+06  0.600136E+06  0.000000E+00  0.000000E+00  0.000000E+00  0.613055E+06
  0.675252E-01  0.597625E+06  0.583661E+06  0.000000E+00  0.000000E+00  0.000000E+00  0.595470E+06
  0.698139E-01  0.579567E+06  0.566590E+06  0.000000E+00  0.000000E+00  0.000000E+00  0.577564E+06
  0.721803E-01  0.561086E+06  0.548749E+06  0.000000E+00  0.000000E+00  0.000000E+00  0.559182E+06
  0.746268E-01  0.542084E+06  0.530038E+06  0.000000E+00  0.000000E+00  0.000000E+00  0.540225E+06
  0.771564E-01  0.522538E+06  0.510455E+06  0.000000E+00  0.000000E+00  0.000000E+00  0.520673E+06
  0.797716E-01  0.502509E+06  0.490101E+06  0.000000E+00  0.000000E+00  0.000000E+00  0.500594E+06
  0.824755E-01  0.482136E+06  0.469180E+06  0.000000E+00  0.000000E+00  0.000000E+00  0.480136E+06
  0.852709E-01  0.461623E+06  0.447982E+06  0.000000E+00  0.000000E+00  0.000000E+00  0.459518E+06
  0.881612E-01  0.441223E+06  0.426860E+06  0.000000E+00  0.000000E+00  0.000000E+00  0.439007E+06
  0.911495E-01  0.421224E+06  0.406210E+06  0.000000E+00  0.000000E+00  0.000000E+00  0.418907E+06
  0.942390E-01  0.401939E+06  0.386452E+06  0.000000E+00  0.000000E+00  0.000000E+00  0.399549E+06
  0.974333E-01  0.383689E+06  0.368001E+06  0.000000E+00  0.000000E+00  0.000000E+00  0.381268E+06
  0.100736E+00  0.366774E+06  0.351226E+06  0.000000E+00  0.000000E+00  0.000000E+00  0.364374E+06
  0.104150E+00  0.351412E+06  0.336378E+06  0.000000E+00  0.000000E+00  0.000000E+00  0.349091E+06
  0.107680E+00  0.337684E+06  0.323528E+06  0.000000E+00  0.000000E+00  0.000000E+00  0.335499E+06
  0.111330E+00  0.325504E+06  0.312531E+06  0.000000E+00  0.000000E+00  0.000000E+00  0.323502E+06
  0.115104E+00  0.314633E+06  0.303043E+06  0.000000E+00  0.000000E+00  0.000000E+00  0.312844E+06
  0.119005E+00  0.304716E+06  0.294574E+06  0.000000E+00  0.000000E+00  0.000000E+00  0.303151E+06
  0.123039E+00  0.295324E+06  0.286539E+06  0.000000E+00  0.000000E+00  0.000000E+00  0.293968E+06
  0.127209E+00  0.285967E+06  0.278302E+06  0.000000E+00  0.000000E+00  0.000000E+00  0.284784E+06
  0.131521E+00  0.276160E+06  0.269264E+06  0.000000E+00  0.000000E+00  0.000000E+00  0.275096E+06
  0.135979E+00  0.265550E+06  0.259019E+06  0.000000E+00  0.000000E+00  0.000000E+00  0.264543E+06
  0.140588E+00  0.254075E+06  0.247522E+06  0.000000E+00  0.000000E+00  0.000000E+00  0.253063E+06
  0.145353E+00  0.241988E+06  0.235122E+06  0.000000E+00  0.000000E+00  0.000000E+00  0.240928E+06
  0.150280E+00  0.229738E+06  0.222424E+06  0.000000E+00  0.000000E+00  0.000000E+00  0.228609E+06
  0.155374E+00  0.217812E+06  0.210095E+06  0.000000E+00  0.000000E+00  0.000000E+00  0.216621E+06
  0.160640E+00  0.206685E+06  0.198783E+06  0.000000E+00  0.000000E+00  0.000000E+00  0.205465E+06
  0.166085E+00  0.196798E+06  0.189036E+06  0.000000E+00  0.000000E+00  0.000000E+00  0.195600E+06
  0.171715E+00  0.188384E+06  0.181104E+06  0.000000E+00  0.000000E+00  0.000000E+00  0.187261E+06
  0.177535E+00  0.181275E+06  0.174735E+06  0.000000E+00  0.000000E+00  0.000000E+00  0.180266E+06
  0.183553E+00  0.174952E+06  0.169246E+06  0.000000E+00  0.000000E+00  0.000000E+00  0.174072E+06
  0.189774E+00  0.168815E+06  0.163843E+06  0.000000E+00  0.000000E+00  0.000000E+00  0.168048E+06
  0.196206E+00  0.162361E+06  0.157870E+06  0.000000E+00  0.000000E+00  0.000000E+00  0.161668E+06
  0.202857E+00  0.155291E+06  0.150968E+06  0.000000E+00  0.000000E+00  0.000000E+00  0.154624E+06
  0.209733E+00  0.147651E+06  0.143242E+06  0.000000E+00  0.000000E+00  0.000000E+00  0.146971E+06
  0.216842E+00  0.139857E+06  0.135264E+06  0.000000E+00  0.000000E+00  0.000000E+00  0.139148E+06
  0.224192E+00  0.132472E+06  0.127781E+06  0.000000E+00  0.000000E+00  0.000000E+00  0.131748E+06
  0.231791E+00  0.125954E+06  0.121376E+06  0.000000E+00  0.000000E+00  0.000000E+00  0.125248E+06
  0.239647E+00  0.120447E+06  0.116202E+06  0.000000E+00  0.000000E+00  0.000000E+00  0.119792E+06
  0.247770E+00  0.115666E+06  0.111869E+06  0.000000E+00  0.000000E+00  0.000000E+00  0.115080E+06
  0.256168E+00  0.111081E+06  0.107685E+06  0.000000E+00  0.000000E+00  0.000000E+00  0.110557E+06
  0.264851E+00  0.106264E+06  0.103098E+06  0.000000E+00  0.000000E+00  0.000000E+00  0.105776E+06
  0.273828E+00  0.101104E+06  0.979885E+05  0.000000E+00  0.000000E+00  0.000000E+00  0.100623E+06
  0.283110E+00  0.958389E+05  0.926980E+05  0.000000E+00  0.000000E+00  0.000000E+00  0.953542E+05
  0.292706E+00  0.909076E+05  0.877981E+05  0.000000E+00  0.000000E+00  0.000000E+00  0.904277E+05
  0.302627E+00  0.865781E+05  0.836266E+05  0.000000E+00  0.000000E+00  0.000000E+00  0.861226E+05
  0.312884E+00  0.827600E+05  0.800518E+05  0.000000E+00  0.000000E+00  0.000000E+00  0.823420E+05
  0.323490E+00  0.791451E+05  0.766594E+05  0.000000E+00  0.000000E+00  0.000000E+00  0.787615E+05
  0.334454E+00  0.754331E+05  0.730745E+05  0.000000E+00  0.000000E+00  0.000000E+00  0.750691E+05
  0.345791E+00  0.716289E+05  0.693202E+05  0.000000E+00  0.000000E+00  0.000000E+00  0.712726E+05
  0.357512E+00  0.679704E+05  0.657155E+05  0.000000E+00  0.000000E+00  0.000000E+00  0.676224E+05
  0.369629E+00  0.646577E+05  0.625151E+05  0.000000E+00  0.000000E+00  0.000000E+00  0.643270E+05
  0.382158E+00  0.616455E+05  0.596511E+05  0.000000E+00  0.000000E+00  0.000000E+00  0.613377E+05
  0.395111E+00  0.587384E+05  0.568675E+05  0.000000E+00  0.000000E+00  0.000000E+00  0.584496E+05
  0.408504E+00  0.558270E+05  0.540320E+05  0.000000E+00  0.000000E+00  0.000000E+00  0.555499E+05
  0.422350E+00  0.529974E+05  0.512650E+05  0.000000E+00  0.000000E+00  0.000000E+00  0.527301E+05
  0.436666E+00  0.503680E+05  0.487208E+05  0.000000E+00  0.000000E+00  0.000000E+00  0.501138E+05
  0.451466E+00  0.479279E+05  0.463793E+05  0.000000E+00  0.000000E+00  0.000000E+00  0.476889E+05
  0.466769E+00  0.455725E+05  0.441063E+05  0.000000E+00  0.000000E+00  0.000000E+00  0.453462E+05
  0.482590E+00  0.432741E+05  0.418715E+05  0.000000E+00  0.000000E+00  0.000000E+00  0.430576E+05
  0.498948E+00  0.410921E+05  0.397551E+05  0.000000E+00  0.000000E+00  0.000000E+00  0.408858E+05
  0.515859E+00  0.390467E+05  0.377823E+05  0.000000E+00  0.000000E+00  0.000000E+00  0.388515E+05
  0.533344E+00  0.370933E+05  0.358954E+05  0.000000E+00  0.000000E+00  0.000000E+00  0.369084E+05
  0.551422E+00  0.352114E+05  0.340706E+05  0.000000E+00  0.000000E+00  0.000000E+00  0.350354E+05
  0.570113E+00  0.334245E+05  0.323406E+05  0.000000E+00  0.000000E+00  0.000000E+00  0.332572E+05
  0.589437E+00  0.317339E+05  0.307071E+05  0.000000E+00  0.000000E+00  0.000000E+00  0.315754E+05
  0.609416E+00  0.301183E+05  0.291438E+05  0.000000E+00  0.000000E+00  0.000000E+00  0.299679E+05
  0.630072E+00  0.285764E+05  0.276508E+05  0.000000E+00  0.000000E+00  0.000000E+00  0.284336E+05
  0.651428E+00  0.271142E+05  0.262365E+05  0.000000E+00  0.000000E+00  0.000000E+00  0.269788E+05
  0.673509E+00  0.257227E+05  0.248904E+05  0.000000E+00  0.000000E+00  0.000000E+00  0.255942E+05
  0.696337E+00  0.243971E+05  0.236073E+05  0.000000E+00  0.000000E+00  0.000000E+00  0.242752E+05
  0.719940E+00  0.231379E+05  0.223891E+05  0.000000E+00  0.000000E+00  0.000000E+00  0.230223E+05
  0.744342E+00  0.219405E+05  0.212305E+05  0.000000E+00  0.000000E+00  0.000000E+00  0.218309E+05
  0.769572E+00  0.208018E+05  0.201286E+05  0.000000E+00  0.000000E+00  0.000000E+00  0.206979E+05
  0.795656E+00  0.197197E+05  0.190817E+05  0.000000E+00  0.000000E+00  0.000000E+00  0.196212E+05
  0.822625E+00  0.186911E+05  0.180864E+05  0.000000E+00  0.000000E+00  0.000000E+00  0.185978E+05
  0.850508E+00  0.177139E+05  0.171408E+05  0.000000E+00  0.000000E+00  0.000000E+00  0.176254E+05
  0.879336E+00  0.167854E+05  0.162424E+05  0.000000E+00  0.000000E+00  0.000000E+00  0.167016E+05
  0.909141E+00  0.159036E+05  0.153891E+05  0.000000E+00  0.000000E+00  0.000000E+00  0.158242E+05
  0.939957E+00  0.150663E+05  0.145789E+05  0.000000E+00  0.000000E+00  0.000000E+00  0.149911E+05
  0.971817E+00  0.142714E+05  0.138097E+05  0.000000E+00  0.000000E+00  0.000000E+00  0.142001E+05
  0.100476E+01  0.135166E+05  0.130794E+05  0.000000E+00  0.000000E+00  0.000000E+00  0.134492E+05
  0.103881E+01  0.128004E+05  0.123863E+05  0.000000E+00  0.000000E+00  0.000000E+00  0.127365E+05
  0.107402E+01  0.121204E+05  0.117284E+05  0.000000E+00  0.000000E+00  0.000000E+00  0.120599E+05
  0.111043E+01  0.114753E+05  0.111041E+05  0.000000E+00  0.000000E+00  0.000000E+00  0.114180E+05
  0.114807E+01  0.108631E+05  0.105118E+05  0.000000E+00  0.000000E+00  0.000000E+00  0.108089E+05
  0.118698E+01  0.102826E+05  0.995007E+04  0.000000E+00  0.000000E+00  0.000000E+00  0.102313E+05
  0.122721E+01  0.973204E+04  0.941732E+04  0.000000E+00  0.000000E+00  0.000000E+00  0.968347E+04
  0.126881E+01  0.920990E+04  0.891207E+04  0.000000E+00  0.000000E+00  0.000000E+00  0.916394E+04
  0.131182E+01  0.871484E+04  0.843303E+04  0.000000E+00  0.000000E+00  0.000000E+00  0.867135E+04
  0.135628E+01  0.824546E+04  0.797884E+04  0.000000E+00  0.000000E+00  0.000000E+00  0.820432E+04
  0.140225E+01  0.780054E+04  0.754831E+04  0.000000E+00  0.000000E+00  0.000000E+00  0.776162E+04
  0.144978E+01  0.737886E+04  0.714027E+04  0.000000E+00  0.000000E+00  0.000000E+00  0.734204E+04
  0.149892E+01  0.697927E+04  0.675361E+04  0.000000E+00  0.000000E+00  0.000000E+00  0.694444E+04
  0.154973E+01  0.660066E+04  0.638724E+04  0.000000E+00  0.000000E+00  0.000000E+00  0.656773E+04
  0.160226E+01  0.624196E+04  0.604015E+04  0.000000E+00  0.000000E+00  0.000000E+00  0.621082E+04
  0.165656E+01  0.590222E+04  0.571139E+04  0.000000E+00  0.000000E+00  0.000000E+00  0.587277E+04
  0.171271E+01  0.558040E+04  0.539998E+04  0.000000E+00  0.000000E+00  0.000000E+00  0.555255E+04
  0.177077E+01  0.527562E+04  0.510506E+04  0.000000E+00  0.000000E+00  0.000000E+00  0.524930E+04
  0.183079E+01  0.498701E+04  0.482578E+04  0.000000E+00  0.000000E+00  0.000000E+00  0.496212E+04
  0.189284E+01  0.471376E+04  0.456137E+04  0.000000E+00  0.000000E+00  0.000000E+00  0.469024E+04
  0.195700E+01  0.445509E+04  0.431106E+04  0.000000E+00  0.000000E+00  0.000000E+00  0.443286E+04
  0.202333E+01  0.421025E+04  0.407414E+04  0.000000E+00  0.000000E+00  0.000000E+00  0.418925E+04
  0.209191E+01  0.397850E+04  0.384988E+04  0.000000E+00  0.000000E+00  0.000000E+00  0.395865E+04
  0.216282E+01  0.375917E+04  0.363765E+04  0.000000E+00  0.000000E+00  0.000000E+00  0.374042E+04
  0.223613E+01  0.355163E+04  0.343681E+04  0.000000E+00  0.000000E+00  0.000000E+00  0.353391E+04
  0.231192E+01  0.335527E+04  0.324680E+04  0.000000E+00  0.000000E+00  0.000000E+00  0.333853E+04
  0.239028E+01  0.316951E+04  0.306705E+04  0.000000E+00  0.000000E+00  0.000000E+00  0.315370E+04
  0.247130E+01  0.299379E+04  0.289701E+04  0.000000E+00  0.000000E+00  0.000000E+00  0.297885E+04
  0.255507E+01  0.282756E+04  0.273616E+04  0.000000E+00  0.000000E+00  0.000000E+00  0.281346E+04
  0.264167E+01  0.267036E+04  0.258404E+04  0.000000E+00  0.000000E+00  0.000000E+00  0.265704E+04
  0.273121E+01  0.252172E+04  0.244020E+04  0.000000E+00  0.000000E+00  0.000000E+00  0.250914E+04
  0.282379E+01  0.238115E+04  0.230418E+04  0.000000E+00  0.000000E+00  0.000000E+00  0.236927E+04
  0.291950E+01  0.224825E+04  0.217557E+04  0.000000E+00  0.000000E+00  0.000000E+00  0.223704E+04
  0.301846E+01  0.212260E+04  0.205398E+04  0.000000E+00  0.000000E+00  0.000000E+00  0.211201E+04
  0.312077E+01  0.200383E+04  0.193905E+04  0.000000E+00  0.000000E+00  0.000000E+00  0.199383E+04
  0.322655E+01  0.189157E+04  0.183042E+04  0.000000E+00  0.000000E+00  0.000000E+00  0.188213E+04
  0.333591E+01  0.178547E+04  0.172775E+04  0.000000E+00  0.000000E+00  0.000000E+00  0.177656E+04
  0.344898E+01  0.168520E+04  0.163072E+04  0.000000E+00  0.000000E+00  0.000000E+00  0.167679E+04
  0.356588E+01  0.159045E+04  0.153903E+04  0.000000E+00  0.000000E+00  0.000000E+00  0.158251E+04
  0.368675E+01  0.150092E+04  0.145239E+04  0.000000E+00  0.000000E+00  0.000000E+00  0.149343E+04
  0.381172E+01  0.141633E+04  0.137054E+04  0.000000E+00  0.000000E+00  0.000000E+00  0.140927E+04
  0.394091E+01  0.133643E+04  0.129321E+04  0.000000E+00  0.000000E+00  0.000000E+00  0.132976E+04
  0.407449E+01  0.126094E+04  0.122017E+04  0.000000E+00  0.000000E+00  0.000000E+00  0.125465E+04
  0.421259E+01  0.118964E+04  0.115117E+04  0.000000E+00  0.000000E+00  0.000000E+00  0.118370E+04
  0.435538E+01  0.112230E+04  0.108601E+04  0.000000E+00  0.000000E+00  0.000000E+00  0.111670E+04
  0.450301E+01  0.105871E+04  0.102447E+04  0.000000E+00  0.000000E+00  0.000000E+00  0.105342E+04
  0.465564E+01  0.998651E+03  0.966355E+03  0.000000E+00  0.000000E+00  0.000000E+00  0.993667E+03
  0.481344E+01  0.941946E+03  0.911482E+03  0.000000E+00  0.000000E+00  0.000000E+00  0.937244E+03
  0.497659E+01  0.888405E+03  0.859671E+03  0.000000E+00  0.000000E+00  0.000000E+00  0.883971E+03
  0.514527E+01  0.837857E+03  0.810756E+03  0.000000E+00  0.000000E+00  0.000000E+00  0.833674E+03
  0.531968E+01  0.790136E+03  0.764576E+03  0.000000E+00  0.000000E+00  0.000000E+00  0.786191E+03
  0.549998E+01  0.745092E+03  0.720987E+03  0.000000E+00  0.000000E+00  0.000000E+00  0.741372E+03
  0.568641E+01  0.702573E+03  0.679842E+03  0.000000E+00  0.000000E+00  0.000000E+00  0.699065E+03
  0.587915E+01  0.662442E+03  0.641008E+03  0.000000E+00  0.000000E+00  0.000000E+00  0.659134E+03
  0.607843E+01  0.624568E+03  0.604357E+03  0.000000E+00  0.000000E+00  0.000000E+00  0.621449E+03
  0.628446E+01  0.588827E+03  0.569771E+03  0.000000E+00  0.000000E+00  0.000000E+00  0.585886E+03
  0.649747E+01  0.555101E+03  0.537134E+03  0.000000E+00  0.000000E+00  0.000000E+00  0.552328E+03
  0.671770E+01  0.523276E+03  0.506338E+03  0.000000E+00  0.000000E+00  0.000000E+00  0.520662E+03
  0.694539E+01  0.493252E+03  0.477283E+03  0.000000E+00  0.000000E+00  0.000000E+00  0.490788E+03
  0.718081E+01  0.464924E+03  0.449870E+03  0.000000E+00  0.000000E+00  0.000000E+00  0.462601E+03
  0.742420E+01  0.438200E+03  0.424009E+03  0.000000E+00  0.000000E+00  0.000000E+00  0.436010E+03
  0.767585E+01  0.412991E+03  0.399615E+03  0.000000E+00  0.000000E+00  0.000000E+00  0.410927E+03
  0.793602E+01  0.389213E+03  0.376604E+03  0.000000E+00  0.000000E+00  0.000000E+00  0.387267E+03
  0.820502E+01  0.366784E+03  0.354899E+03  0.000000E+00  0.000000E+00  0.000000E+00  0.364950E+03
  0.848312E+01  0.345631E+03  0.334430E+03  0.000000E+00  0.000000E+00  0.000000E+00  0.343903E+03
  0.877066E+01  0.325681E+03  0.315124E+03  0.000000E+00  0.000000E+00  0.000000E+00  0.324052E+03
  0.906794E+01  0.306869E+03  0.296919E+03  0.000000E+00  0.000000E+00  0.000000E+00  0.305333E+03
  0.937530E+01  0.289129E+03  0.279752E+03  0.000000E+00  0.000000E+00  0.000000E+00  0.287682E+03
  0.969308E+01  0.272401E+03  0.263564E+03  0.000000E+00  0.000000E+00  0.000000E+00  0.271037E+03
  0.100216E+02  0.256629E+03  0.248302E+03  0.000000E+00  0.000000E+00  0.000000E+00  0.255344E+03
  0.103613E+02  0.241759E+03  0.233912E+03  0.000000E+00  0.000000E+00  0.000000E+00  0.240548E+03
  0.107125E+02  0.227740E+03  0.220345E+03  0.000000E+00  0.000000E+00  0.000000E+00  0.226599E+03
  0.110756E+02  0.214524E+03  0.207556E+03  0.000000E+00  0.000000E+00  0.000000E+00  0.213449E+03
  0.114510E+02  0.202067E+03  0.195501E+03  0.000000E+00  0.000000E+00  0.000000E+00  0.201053E+03
  0.118392E+02  0.190324E+03  0.184137E+03  0.000000E+00  0.000000E+00  0.000000E+00  0.189369E+03
  0.122404E+02  0.179255E+03  0.173426E+03  0.000000E+00  0.000000E+00  0.000000E+00  0.178356E+03
  0.126553E+02  0.168823E+03  0.163330E+03  0.000000E+00  0.000000E+00  0.000000E+00  0.167976E+03
  0.130843E+02  0.158992E+03  0.153816E+03  0.000000E+00  0.000000E+00  0.000000E+00  0.158193E+03
  0.135278E+02  0.149726E+03  0.144849E+03  0.000000E+00  0.000000E+00  0.000000E+00  0.148973E+03
  0.139863E+02  0.140995E+03  0.136400E+03  0.000000E+00  0.000000E+00  0.000000E+00  0.140286E+03
  0.144604E+02  0.132767E+03  0.128437E+03  0.000000E+00  0.000000E+00  0.000000E+00  0.132099E+03
  0.149505E+02  0.125014E+03  0.120935E+03  0.000000E+00  0.000000E+00  0.000000E+00  0.124385E+03
  0.154573E+02  0.117709E+03  0.113865E+03  0.000000E+00  0.000000E+00  0.000000E+00  0.117116E+03
  0.159812E+02  0.110826E+03  0.107205E+03  0.000000E+00  0.000000E+00  0.000000E+00  0.110268E+03
  0.165229E+02  0.104342E+03  0.100930E+03  0.000000E+00  0.000000E+00  0.000000E+00  0.103816E+03
  0.170829E+02  0.982335E+02  0.950181E+02  0.000000E+00  0.000000E+00  0.000000E+00  0.977372E+02
  0.176619E+02  0.924788E+02  0.894491E+02  0.000000E+00  0.000000E+00  0.000000E+00  0.920112E+02
  0.182606E+02  0.870578E+02  0.842029E+02  0.000000E+00  0.000000E+00  0.000000E+00  0.866172E+02
  0.188795E+02  0.819515E+02  0.792612E+02  0.000000E+00  0.000000E+00  0.000000E+00  0.815363E+02
  0.195195E+02  0.771417E+02  0.746065E+02  0.000000E+00  0.000000E+00  0.000000E+00  0.767505E+02
  0.201811E+02  0.726116E+02  0.702225E+02  0.000000E+00  0.000000E+00  0.000000E+00  0.722429E+02
  0.208651E+02  0.683449E+02  0.660933E+02  0.000000E+00  0.000000E+00  0.000000E+00  0.679974E+02
  0.215723E+02  0.643266E+02  0.622045E+02  0.000000E+00  0.000000E+00  0.000000E+00  0.639991E+02
  0.223035E+02  0.605423E+02  0.585421E+02  0.000000E+00  0.000000E+00  0.000000E+00  0.602336E+02
  0.230595E+02  0.569786E+02  0.550933E+02  0.000000E+00  0.000000E+00  0.000000E+00  0.566876E+02
  0.238411E+02  0.536227E+02  0.518454E+02  0.000000E+00  0.000000E+00  0.000000E+00  0.533484E+02
  0.246492E+02  0.504627E+02  0.487873E+02  0.000000E+00  0.000000E+00  0.000000E+00  0.502042E+02
  0.254847E+02  0.474872E+02  0.459076E+02  0.000000E+00  0.000000E+00  0.000000E+00  0.472434E+02
  0.263485E+02  0.446856E+02  0.431962E+02  0.000000E+00  0.000000E+00  0.000000E+00  0.444558E+02
  0.272416E+02  0.420479E+02  0.406434E+02  0.000000E+00  0.000000E+00  0.000000E+00  0.418312E+02
  0.281650E+02  0.395645E+02  0.382399E+02  0.000000E+00  0.000000E+00  0.000000E+00  0.393601E+02
  0.291196E+02  0.372265E+02  0.359772E+02  0.000000E+00  0.000000E+00  0.000000E+00  0.370337E+02
  0.301066E+02  0.350255E+02  0.338469E+02  0.000000E+00  0.000000E+00  0.000000E+00  0.348436E+02
  0.311271E+02  0.329535E+02  0.318416E+02  0.000000E+00  0.000000E+00  0.000000E+00  0.327819E+02
  0.321822E+02  0.310030E+02  0.299538E+02  0.000000E+00  0.000000E+00  0.000000E+00  0.308411E+02
  0.332730E+02  0.291670E+02  0.281769E+02  0.000000E+00  0.000000E+00  0.000000E+00  0.290142E+02
  0.344008E+02  0.274388E+02  0.265043E+02  0.000000E+00  0.000000E+00  0.000000E+00  0.272946E+02
  0.355668E+02  0.258123E+02  0.249299E+02  0.000000E+00  0.000000E+00  0.000000E+00  0.256761E+02
  0.367723E+02  0.242813E+02  0.234481E+02  0.000000E+00  0.000000E+00  0.000000E+00  0.241527E+02
  0.380187E+02  0.228404E+02  0.220535E+02  0.000000E+00  0.000000E+00  0.000000E+00  0.227189E+02
  0.393074E+02  0.214842E+02  0.207409E+02  0.000000E+00  0.000000E+00  0.000000E+00  0.213695E+02
  0.406397E+02  0.202080E+02  0.195056E+02  0.000000E+00  0.000000E+00  0.000000E+00  0.200996E+02
  0.420172E+02  0.190069E+02  0.183431E+02  0.000000E+00  0.000000E+00  0.000000E+00  0.189045E+02
  0.434414E+02  0.178767E+02  0.172490E+02  0.000000E+00  0.000000E+00  0.000000E+00  0.177798E+02
  0.449138E+02  0.168132E+02  0.162196E+02  0.000000E+00  0.000000E+00  0.000000E+00  0.167216E+02
  0.464362E+02  0.158124E+02  0.152508E+02  0.000000E+00  0.000000E+00  0.000000E+00  0.157257E+02
  0.480101E+02  0.148707E+02  0.143393E+02  0.000000E+00  0.000000E+00  0.000000E+00  0.147887E+02
  0.496375E+02  0.139846E+02  0.134816E+02  0.000000E+00  0.000000E+00  0.000000E+00  0.139070E+02
  0.513199E+02  0.131509E+02  0.126746E+02  0.000000E+00  0.000000E+00  0.000000E+00  0.130774E+02
  0.530594E+02  0.123665E+02  0.119153E+02  0.000000E+00  0.000000E+00  0.000000E+00  0.122969E+02
  0.548579E+02  0.116286E+02  0.112009E+02  0.000000E+00  0.000000E+00  0.000000E+00  0.115626E+02
  0.567173E+02  0.109343E+02  0.105288E+02  0.000000E+00  0.000000E+00  0.000000E+00  0.108717E+02
  0.586397E+02  0.102811E+02  0.989647E+01  0.000000E+00  0.000000E+00  0.000000E+00  0.102218E+02
  0.606273E+02  0.966669E+01  0.930160E+01  0.000000E+00  0.000000E+00  0.000000E+00  0.961034E+01
  0.626823E+02  0.908867E+01  0.874200E+01  0.000000E+00  0.000000E+00  0.000000E+00  0.903516E+01
  0.648069E+02  0.854491E+01  0.821556E+01  0.000000E+00  0.000000E+00  0.000000E+00  0.849408E+01
  0.670036E+02  0.803343E+01  0.772035E+01  0.000000E+00  0.000000E+00  0.000000E+00  0.798511E+01
  0.692747E+02  0.755232E+01  0.725454E+01  0.000000E+00  0.000000E+00  0.000000E+00  0.750636E+01
  0.716227E+02  0.709978E+01  0.681637E+01  0.000000E+00  0.000000E+00  0.000000E+00  0.705604E+01
  0.740504E+02  0.667414E+01  0.640424E+01  0.000000E+00  0.000000E+00  0.000000E+00  0.663248E+01
  0.765604E+02  0.627378E+01  0.601658E+01  0.000000E+00  0.000000E+00  0.000000E+00  0.623409E+01
  0.791553E+02  0.589726E+01  0.565198E+01  0.000000E+00  0.000000E+00  0.000000E+00  0.585940E+01
  0.818384E+02  0.554312E+01  0.530906E+01  0.000000E+00  0.000000E+00  0.000000E+00  0.550700E+01
  0.846122E+02  0.521007E+01  0.498654E+01  0.000000E+00  0.000000E+00  0.000000E+00  0.517557E+01
  0.874802E+02  0.489685E+01  0.468321E+01  0.000000E+00  0.000000E+00  0.000000E+00  0.486388E+01
  0.904453E+02  0.460229E+01  0.439796E+01  0.000000E+00  0.000000E+00  0.000000E+00  0.457076E+01
  0.935109E+02  0.432529E+01  0.412969E+01  0.000000E+00  0.000000E+00  0.000000E+00  0.429511E+01
  0.966806E+02  0.406480E+01  0.387741E+01  0.000000E+00  0.000000E+00  0.000000E+00  0.403588E+01
  0.999576E+02  0.381985E+01  0.364017E+01  0.000000E+00  0.000000E+00  0.000000E+00  0.379212E+01
  0.103346E+03  0.358952E+01  0.341709E+01  0.000000E+00  0.000000E+00  0.000000E+00  0.356291E+01
  0.106849E+03  0.337293E+01  0.320730E+01  0.000000E+00  0.000000E+00  0.000000E+00  0.334737E+01
  0.110470E+03  0.316929E+01  0.301005E+01  0.000000E+00  0.000000E+00  0.000000E+00  0.314471E+01
  0.114215E+03  0.297781E+01  0.282459E+01  0.000000E+00  0.000000E+00  0.000000E+00  0.295417E+01
  0.118086E+03  0.279778E+01  0.265020E+01  0.000000E+00  0.000000E+00  0.000000E+00  0.277500E+01
  0.122089E+03  0.262850E+01  0.248623E+01  0.000000E+00  0.000000E+00  0.000000E+00  0.260655E+01
  0.126227E+03  0.246936E+01  0.233207E+01  0.000000E+00  0.000000E+00  0.000000E+00  0.244817E+01
  0.130505E+03  0.231974E+01  0.218714E+01  0.000000E+00  0.000000E+00  0.000000E+00  0.229928E+01
  0.134928E+03  0.217908E+01  0.205089E+01  0.000000E+00  0.000000E+00  0.000000E+00  0.215930E+01
  0.139502E+03  0.204683E+01  0.192279E+01  0.000000E+00  0.000000E+00  0.000000E+00  0.202769E+01
  0.144230E+03  0.192252E+01  0.180237E+01  0.000000E+00  0.000000E+00  0.000000E+00  0.190398E+01
  0.149119E+03  0.180565E+01  0.168918E+01  0.000000E+00  0.000000E+00  0.000000E+00  0.178768E+01
  0.154173E+03  0.169580E+01  0.158278E+01  0.000000E+00  0.000000E+00  0.000000E+00  0.167835E+01
  0.159399E+03  0.159252E+01  0.148277E+01  0.000000E+00  0.000000E+00  0.000000E+00  0.157558E+01
  0.164802E+03  0.149545E+01  0.138877E+01  0.000000E+00  0.000000E+00  0.000000E+00  0.147899E+01
  0.170388E+03  0.140421E+01  0.130042E+01  0.000000E+00  0.000000E+00  0.000000E+00  0.138819E+01
  0.176164E+03  0.131844E+01  0.121739E+01  0.000000E+00  0.000000E+00  0.000000E+00  0.130284E+01
  0.182135E+03  0.123783E+01  0.113936E+01  0.000000E+00  0.000000E+00  0.000000E+00  0.122263E+01
  0.188308E+03  0.116206E+01  0.106604E+01  0.000000E+00  0.000000E+00  0.000000E+00  0.114725E+01
  0.194691E+03  0.109086E+01  0.997154E+00  0.000000E+00  0.000000E+00  0.000000E+00  0.107639E+01
  0.201290E+03  0.102393E+01  0.932426E+00  0.000000E+00  0.000000E+00  0.000000E+00  0.100981E+01
