  0.108800E-04  0.249858E+07  0.249858E+07  0.333123E+07  0.333123E+07  0.000000E+00  0.249858E+07
  0.112487E-04  0.249858E+07  0.249858E+07  0.333122E+07  0.333121E+07  0.000000E+00  0.249858E+07
  0.116300E-04  0.249858E+07  0.249858E+07  0.333120E+07  0.333120E+07  0.000000E+00  0.249858E+07
  0.120242E-04  0.249858E+07  0.249858E+07  0.333118E+07  0.333118E+07  0.000000E+00  0.249858E+07
  0.124318E-04  0.249858E+07  0.249858E+07  0.333116E+07  0.333116E+07  0.000000E+00  0.249858E+07
  0.128531E-04  0.249858E+07  0.249858E+07  0.333115E+07  0.333114E+07  0.000000E+00  0.249858E+07
  0.132888E-04  0.249858E+07  0.249858E+07  0.333113E+07  0.333112E+07  0.000000E+00  0.249858E+07
  0.137392E-04  0.249858E+07  0.249858E+07  0.333110E+07  0.333110E+07  0.000000E+00  0.249858E+07
  0.142049E-04  0.249858E+07  0.249858E+07  0.333108E+07  0.333108E+07  0.000000E+00  0.249858E+07
  0.146864E-04  0.249858E+07  0.249858E+07  0.333106E+07  0.333105E+07  0.000000E+00  0.249858E+07
  0.151842E-04  0.249858E+07  0.249858E+07  0.333103E+07  0.333103E+07  0.000000E+00  0.249858E+07
  0.156989E-04  0.249858E+07  0.249858E+07  0.333100E+07  0.333100E+07  0.000000E+00  0.249858E+07
  0.162310E-04  0.249858E+07  0.249858E+07  0.333097E+07  0.333097E+07  0.000000E+00  0.249858E+07
  0.167811E-04  0.249858E+07  0.249858E+07  0.333094E+07  0.333093E+07  0.000000E+00  0.249858E+07
  0.173499E-04  0.249858E+07  0.249858E+07  0.333090E+07  0.333090E+07  0.000000E+00  0.249858E+07
  0.179380E-04  0.249858E+07  0.249857E+07  0.333087E+07  0.333086E+07  0.000000E+00  0.249858E+07
  0.185460E-04  0.249857E+07  0.249857E+07  0.333083E+07  0.333082E+07  0.000000E+00  0.249857E+07
  0.191746E-04  0.249857E+07  0.249857E+07  0.333078E+07  0.333078E+07  0.000000E+00  0.249857E+07
  0.198246E-04  0.249857E+07  0.249857E+07  0.333074E+07  0.333073E+07  0.000000E+00  0.249857E+07
  0.204965E-04  0.249857E+07  0.249857E+07  0.333069E+07  0.333068E+07  0.000000E+00  0.249857E+07
  0.211913E-04  0.249857E+07  0.249857E+07  0.333064E+07  0.333063E+07  0.000000E+00  0.249857E+07
  0.219095E-04  0.249857E+07  0.249857E+07  0.333058E+07  0.333058E+07  0.000000E+00  0.249857E+07
  0.226522E-04  0.249857E+07  0.249857E+07  0.333053E+07  0.333052E+07  0.000000E+00  0.249857E+07
  0.234200E-04  0.249857E+07  0.249857E+07  0.333046E+07  0.333045E+07  0.000000E+00  0.249857E+07
  0.242138E-04  0.249857E+07  0.249857E+07  0.333040E+07  0.333038E+07  0.000000E+00  0.249857E+07
  0.250345E-04  0.249857E+07  0.249857E+07  0.333032E+07  0.333031E+07  0.000000E+00  0.249857E+07
  0.258831E-04  0.249857E+07  0.249857E+07  0.333025E+07  0.333023E+07  0.000000E+00  0.249857E+07
  0.267604E-04  0.249857E+07  0.249857E+07  0.333016E+07  0.333015E+07  0.000000E+00  0.249857E+07
  0.276674E-04  0.249857E+07  0.249857E+07  0.333008E+07  0.333006E+07  0.000000E+00  0.249857E+07
  0.286052E-04  0.249857E+07  0.249857E+07  0.332998E+07  0.332997E+07  0.000000E+00  0.249857E+07
  0.295748E-04  0.249857E+07  0.249856E+07  0.332988E+07  0.332986E+07  0.000000E+00  0.249857E+07
  0.305772E-04  0.249856E+07  0.249856E+07  0.332977E+07  0.332976E+07  0.000000E+00  0.249856E+07
  0.316136E-04  0.249856E+07  0.249856E+07  0.332966E+07  0.332964E+07  0.000000E+00  0.249856E+07
  0.326852E-04  0.249856E+07  0.249856E+07  0.332954E+07  0.332952E+07  0.000000E+00  0.249856E+07
  0.337931E-04  0.249856E+07  0.249856E+07  0.332940E+07  0.332938E+07  0.000000E+00  0.249856E+07
  0.349385E-04  0.249856E+07  0.249856E+07  0.332926E+07  0.332924E+07  0.000000E+00  0.249856E+07
  0.361227E-04  0.249856E+07  0.249856E+07  0.332911E+07  0.332909E+07  0.000000E+00  0.249856E+07
  0.373471E-04  0.249856E+07  0.249856E+07  0.332895E+07  0.332893E+07  0.000000E+00  0.249856E+07
  0.386130E-04  0.249855E+07  0.249855E+07  0.332878E+07  0.332875E+07  0.000000E+00  0.249855E+07
  0.399218E-04  0.249855E+07  0.249855E+07  0.332860E+07  0.332857E+07  0.000000E+00  0.249855E+07
  0.412749E-04  0.249855E+07  0.249855E+07  0.332840E+07  0.332837E+07  0.000000E+00  0.249855E+07
  0.426740E-04  0.249855E+07  0.249855E+07  0.332819E+07  0.332816E+07  0.000000E+00  0.249855E+07
  0.441204E-04  0.249855E+07  0.249855E+07  0.332797E+07  0.332793E+07  0.000000E+00  0.249855E+07
  0.456159E-04  0.249854E+07  0.249854E+07  0.332773E+07  0.332769E+07  0.000000E+00  0.249854E+07
  0.471620E-04  0.249854E+07  0.249854E+07  0.332747E+07  0.332743E+07  0.000000E+00  0.249854E+07
  0.487606E-04  0.249854E+07  0.249854E+07  0.332720E+07  0.332716E+07  0.000000E+00  0.249854E+07
  0.504133E-04  0.249854E+07  0.249854E+07  0.332691E+07  0.332686E+07  0.000000E+00  0.249854E+07
  0.521221E-04  0.249853E+07  0.249853E+07  0.332660E+07  0.332655E+07  0.000000E+00  0.249853E+07
  0.538888E-04  0.249853E+07  0.249853E+07  0.332626E+07  0.332621E+07  0.000000E+00  0.249853E+07
  0.557153E-04  0.249853E+07  0.249852E+07  0.332591E+07  0.332585E+07  0.000000E+00  0.249853E+07
  0.576038E-04  0.249852E+07  0.249852E+07  0.332553E+07  0.332546E+07  0.000000E+00  0.249852E+07
  0.595563E-04  0.249852E+07  0.249852E+07  0.332512E+07  0.332505E+07  0.000000E+00  0.249852E+07
  0.615750E-04  0.249851E+07  0.249851E+07  0.332468E+07  0.332461E+07  0.000000E+00  0.249851E+07
  0.636621E-04  0.249851E+07  0.249851E+07  0.332422E+07  0.332414E+07  0.000000E+00  0.249851E+07
  0.658199E-04  0.249850E+07  0.249850E+07  0.332372E+07  0.332364E+07  0.000000E+00  0.249850E+07
  0.680509E-04  0.249850E+07  0.249850E+07  0.332319E+07  0.332310E+07  0.000000E+00  0.249850E+07
  0.703575E-04  0.249849E+07  0.249849E+07  0.332262E+07  0.332253E+07  0.000000E+00  0.249849E+07
  0.727422E-04  0.249849E+07  0.249849E+07  0.332201E+07  0.332192E+07  0.000000E+00  0.249849E+07
  0.752079E-04  0.249848E+07  0.249848E+07  0.332136E+07  0.332126E+07  0.000000E+00  0.249848E+07
  0.777570E-04  0.249847E+07  0.249847E+07  0.332067E+07  0.332056E+07  0.000000E+00  0.249847E+07
  0.803926E-04  0.249847E+07  0.249846E+07  0.331993E+07  0.331981E+07  0.000000E+00  0.249847E+07
  0.831175E-04  0.249846E+07  0.249846E+07  0.331914E+07  0.331901E+07  0.000000E+00  0.249846E+07
  0.859348E-04  0.249845E+07  0.249845E+07  0.331829E+07  0.331815E+07  0.000000E+00  0.249845E+07
  0.888476E-04  0.249844E+07  0.249844E+07  0.331738E+07  0.331724E+07  0.000000E+00  0.249844E+07
  0.918591E-04  0.249843E+07  0.249843E+07  0.331642E+07  0.331626E+07  0.000000E+00  0.249843E+07
  0.949726E-04  0.249842E+07  0.249842E+07  0.331538E+07  0.331522E+07  0.000000E+00  0.249842E+07
  0.981917E-04  0.249841E+07  0.249841E+07  0.331428E+07  0.331410E+07  0.000000E+00  0.249841E+07
  0.101520E-03  0.249840E+07  0.249840E+07  0.331310E+07  0.331291E+07  0.000000E+00  0.249840E+07
  0.104961E-03  0.249839E+07  0.249838E+07  0.331184E+07  0.331164E+07  0.000000E+00  0.249839E+07
  0.108519E-03  0.249837E+07  0.249837E+07  0.331049E+07  0.331028E+07  0.000000E+00  0.249837E+07
  0.112197E-03  0.249836E+07  0.249836E+07  0.330905E+07  0.330882E+07  0.000000E+00  0.249836E+07
  0.116000E-03  0.249834E+07  0.249834E+07  0.330751E+07  0.330727E+07  0.000000E+00  0.249834E+07
  0.119932E-03  0.249833E+07  0.249832E+07  0.330587E+07  0.330561E+07  0.000000E+00  0.249833E+07
  0.123997E-03  0.249831E+07  0.249831E+07  0.330411E+07  0.330383E+07  0.000000E+00  0.249831E+07
  0.128200E-03  0.249829E+07  0.249829E+07  0.330224E+07  0.330194E+07  0.000000E+00  0.249829E+07
  0.132545E-03  0.249827E+07  0.249827E+07  0.330023E+07  0.329991E+07  0.000000E+00  0.249827E+07
  0.137038E-03  0.249825E+07  0.249824E+07  0.329809E+07  0.329775E+07  0.000000E+00  0.249825E+07
  0.141683E-03  0.249823E+07  0.249822E+07  0.329580E+07  0.329544E+07  0.000000E+00  0.249823E+07
  0.146485E-03  0.249820E+07  0.249820E+07  0.329336E+07  0.329297E+07  0.000000E+00  0.249820E+07
  0.151450E-03  0.249818E+07  0.249817E+07  0.329075E+07  0.329034E+07  0.000000E+00  0.249818E+07
  0.156583E-03  0.249815E+07  0.249814E+07  0.328796E+07  0.328752E+07  0.000000E+00  0.249815E+07
  0.161891E-03  0.249812E+07  0.249811E+07  0.328498E+07  0.328451E+07  0.000000E+00  0.249812E+07
  0.167378E-03  0.249809E+07  0.249808E+07  0.328180E+07  0.328130E+07  0.000000E+00  0.249809E+07
  0.173051E-03  0.249805E+07  0.249804E+07  0.327840E+07  0.327787E+07  0.000000E+00  0.249805E+07
  0.178917E-03  0.249802E+07  0.249801E+07  0.327478E+07  0.327421E+07  0.000000E+00  0.249801E+07
  0.184981E-03  0.249798E+07  0.249797E+07  0.327090E+07  0.327029E+07  0.000000E+00  0.249798E+07
  0.191251E-03  0.249793E+07  0.249793E+07  0.326677E+07  0.326612E+07  0.000000E+00  0.249793E+07
  0.197734E-03  0.249789E+07  0.249788E+07  0.326235E+07  0.326166E+07  0.000000E+00  0.249789E+07
  0.204436E-03  0.249784E+07  0.249783E+07  0.325764E+07  0.325690E+07  0.000000E+00  0.249784E+07
  0.211366E-03  0.249779E+07  0.249778E+07  0.325261E+07  0.325182E+07  0.000000E+00  0.249779E+07
  0.218530E-03  0.249774E+07  0.249773E+07  0.324724E+07  0.324639E+07  0.000000E+00  0.249774E+07
  0.225937E-03  0.249768E+07  0.249767E+07  0.324151E+07  0.324061E+07  0.000000E+00  0.249768E+07
  0.233595E-03  0.249762E+07  0.249760E+07  0.323539E+07  0.323443E+07  0.000000E+00  0.249762E+07
  0.241513E-03  0.249755E+07  0.249754E+07  0.322887E+07  0.322784E+07  0.000000E+00  0.249755E+07
  0.249699E-03  0.249748E+07  0.249747E+07  0.322190E+07  0.322081E+07  0.000000E+00  0.249748E+07
  0.258162E-03  0.249740E+07  0.249739E+07  0.321448E+07  0.321331E+07  0.000000E+00  0.249740E+07
  0.266913E-03  0.249732E+07  0.249731E+07  0.320656E+07  0.320532E+07  0.000000E+00  0.249732E+07
  0.275960E-03  0.249724E+07  0.249722E+07  0.319811E+07  0.319679E+07  0.000000E+00  0.249724E+07
  0.285314E-03  0.249715E+07  0.249713E+07  0.318910E+07  0.318770E+07  0.000000E+00  0.249714E+07
  0.294984E-03  0.249705E+07  0.249703E+07  0.317950E+07  0.317800E+07  0.000000E+00  0.249705E+07
  0.304983E-03  0.249694E+07  0.249692E+07  0.316927E+07  0.316767E+07  0.000000E+00  0.249694E+07
  0.315320E-03  0.249683E+07  0.249681E+07  0.315836E+07  0.315667E+07  0.000000E+00  0.249683E+07
  0.326008E-03  0.249671E+07  0.249668E+07  0.314674E+07  0.314494E+07  0.000000E+00  0.249671E+07
  0.337058E-03  0.249658E+07  0.249655E+07  0.313437E+07  0.313245E+07  0.000000E+00  0.249658E+07
  0.348483E-03  0.249644E+07  0.249642E+07  0.312119E+07  0.311915E+07  0.000000E+00  0.249644E+07
  0.360295E-03  0.249630E+07  0.249627E+07  0.310716E+07  0.310499E+07  0.000000E+00  0.249630E+07
  0.372507E-03  0.249614E+07  0.249611E+07  0.309223E+07  0.308992E+07  0.000000E+00  0.249614E+07
  0.385133E-03  0.249597E+07  0.249594E+07  0.307634E+07  0.307390E+07  0.000000E+00  0.249597E+07
  0.398187E-03  0.249580E+07  0.249576E+07  0.305945E+07  0.305685E+07  0.000000E+00  0.249580E+07
  0.411684E-03  0.249561E+07  0.249557E+07  0.304148E+07  0.303872E+07  0.000000E+00  0.249560E+07
  0.425638E-03  0.249540E+07  0.249536E+07  0.302238E+07  0.301946E+07  0.000000E+00  0.249540E+07
  0.440065E-03  0.249519E+07  0.249514E+07  0.300209E+07  0.299899E+07  0.000000E+00  0.249518E+07
  0.454981E-03  0.249495E+07  0.249491E+07  0.298054E+07  0.297726E+07  0.000000E+00  0.249495E+07
  0.470403E-03  0.249471E+07  0.249466E+07  0.295767E+07  0.295420E+07  0.000000E+00  0.249470E+07
  0.486347E-03  0.249444E+07  0.249439E+07  0.293340E+07  0.292973E+07  0.000000E+00  0.249444E+07
  0.502832E-03  0.249416E+07  0.249410E+07  0.290767E+07  0.290378E+07  0.000000E+00  0.249416E+07
  0.519875E-03  0.249386E+07  0.249380E+07  0.288039E+07  0.287629E+07  0.000000E+00  0.249386E+07
  0.537497E-03  0.249354E+07  0.249347E+07  0.285150E+07  0.284717E+07  0.000000E+00  0.249354E+07
  0.555715E-03  0.249320E+07  0.249313E+07  0.282092E+07  0.281636E+07  0.000000E+00  0.249319E+07
  0.574551E-03  0.249283E+07  0.249276E+07  0.278857E+07  0.278377E+07  0.000000E+00  0.249283E+07
  0.594026E-03  0.249244E+07  0.249236E+07  0.275437E+07  0.274932E+07  0.000000E+00  0.249244E+07
  0.614160E-03  0.249203E+07  0.249194E+07  0.271826E+07  0.271295E+07  0.000000E+00  0.249202E+07
  0.634977E-03  0.249158E+07  0.249149E+07  0.268014E+07  0.267457E+07  0.000000E+00  0.249158E+07
  0.656500E-03  0.249111E+07  0.249101E+07  0.263996E+07  0.263412E+07  0.000000E+00  0.249111E+07
  0.678752E-03  0.249061E+07  0.249050E+07  0.259763E+07  0.259152E+07  0.000000E+00  0.249060E+07
  0.701758E-03  0.249007E+07  0.248996E+07  0.255309E+07  0.254671E+07  0.000000E+00  0.249007E+07
  0.725544E-03  0.248950E+07  0.248938E+07  0.250628E+07  0.249963E+07  0.000000E+00  0.248949E+07
  0.750137E-03  0.248889E+07  0.248876E+07  0.245715E+07  0.245022E+07  0.000000E+00  0.248888E+07
  0.775563E-03  0.248824E+07  0.248810E+07  0.240563E+07  0.239844E+07  0.000000E+00  0.248824E+07
  0.801851E-03  0.248755E+07  0.248740E+07  0.235170E+07  0.234424E+07  0.000000E+00  0.248754E+07
  0.829029E-03  0.248681E+07  0.248665E+07  0.229532E+07  0.228761E+07  0.000000E+00  0.248681E+07
  0.857129E-03  0.248603E+07  0.248586E+07  0.223649E+07  0.222853E+07  0.000000E+00  0.248602E+07
  0.886182E-03  0.248520E+07  0.248502E+07  0.217519E+07  0.216701E+07  0.000000E+00  0.248519E+07
  0.916219E-03  0.248431E+07  0.248412E+07  0.211144E+07  0.210306E+07  0.000000E+00  0.248430E+07
  0.947274E-03  0.248337E+07  0.248316E+07  0.204529E+07  0.203672E+07  0.000000E+00  0.248336E+07
  0.979383E-03  0.248236E+07  0.248214E+07  0.197679E+07  0.196806E+07  0.000000E+00  0.248236E+07
  0.101258E-02  0.248130E+07  0.248106E+07  0.190602E+07  0.189717E+07  0.000000E+00  0.248129E+07
  0.104690E-02  0.248017E+07  0.247992E+07  0.183309E+07  0.182416E+07  0.000000E+00  0.248016E+07
  0.108239E-02  0.247896E+07  0.247870E+07  0.175814E+07  0.174918E+07  0.000000E+00  0.247896E+07
  0.111907E-02  0.247769E+07  0.247740E+07  0.168136E+07  0.167240E+07  0.000000E+00  0.247768E+07
  0.115700E-02  0.247633E+07  0.247603E+07  0.160293E+07  0.159405E+07  0.000000E+00  0.247632E+07
  0.119622E-02  0.247490E+07  0.247457E+07  0.152311E+07  0.151436E+07  0.000000E+00  0.247489E+07
  0.123677E-02  0.247338E+07  0.247303E+07  0.144219E+07  0.143362E+07  0.000000E+00  0.247336E+07
  0.127869E-02  0.247176E+07  0.247139E+07  0.136047E+07  0.135217E+07  0.000000E+00  0.247175E+07
  0.132203E-02  0.247006E+07  0.246966E+07  0.127832E+07  0.127036E+07  0.000000E+00  0.247004E+07
  0.136684E-02  0.246825E+07  0.246782E+07  0.119614E+07  0.118859E+07  0.000000E+00  0.246823E+07
  0.141317E-02  0.246634E+07  0.246588E+07  0.111436E+07  0.110732E+07  0.000000E+00  0.246632E+07
  0.146107E-02  0.246431E+07  0.246383E+07  0.103347E+07  0.102700E+07  0.000000E+00  0.246430E+07
  0.151059E-02  0.246218E+07  0.246166E+07  0.953943E+06  0.948132E+06  0.000000E+00  0.246216E+07
  0.156179E-02  0.245992E+07  0.245937E+07  0.876318E+06  0.871238E+06  0.000000E+00  0.245991E+07
  0.161473E-02  0.245754E+07  0.245696E+07  0.801131E+06  0.796848E+06  0.000000E+00  0.245753E+07
  0.166946E-02  0.245504E+07  0.245441E+07  0.728923E+06  0.725495E+06  0.000000E+00  0.245502E+07
  0.172605E-02  0.245239E+07  0.245172E+07  0.660228E+06  0.657700E+06  0.000000E+00  0.245237E+07
  0.178455E-02  0.244961E+07  0.244889E+07  0.595560E+06  0.593960E+06  0.000000E+00  0.244958E+07
  0.184504E-02  0.244668E+07  0.244591E+07  0.535393E+06  0.534730E+06  0.000000E+00  0.244665E+07
  0.190758E-02  0.244360E+07  0.244278E+07  0.480146E+06  0.480404E+06  0.000000E+00  0.244357E+07
  0.197223E-02  0.244036E+07  0.243949E+07  0.430164E+06  0.431302E+06  0.000000E+00  0.244034E+07
  0.203908E-02  0.243697E+07  0.243604E+07  0.385695E+06  0.387643E+06  0.000000E+00  0.243694E+07
  0.210820E-02  0.243341E+07  0.243242E+07  0.346878E+06  0.349537E+06  0.000000E+00  0.243338E+07
  0.217966E-02  0.242967E+07  0.242862E+07  0.313719E+06  0.316959E+06  0.000000E+00  0.242964E+07
  0.225354E-02  0.242576E+07  0.242464E+07  0.286084E+06  0.289748E+06  0.000000E+00  0.242573E+07
  0.232992E-02  0.242167E+07  0.242047E+07  0.263682E+06  0.267590E+06  0.000000E+00  0.242163E+07
  0.240889E-02  0.241739E+07  0.241611E+07  0.246074E+06  0.250025E+06  0.000000E+00  0.241735E+07
  0.249054E-02  0.241292E+07  0.241156E+07  0.232667E+06  0.236454E+06  0.000000E+00  0.241288E+07
  0.257496E-02  0.240826E+07  0.240680E+07  0.222738E+06  0.226154E+06  0.000000E+00  0.240821E+07
  0.266224E-02  0.240339E+07  0.240184E+07  0.215460E+06  0.218312E+06  0.000000E+00  0.240334E+07
  0.275248E-02  0.239831E+07  0.239666E+07  0.209935E+06  0.212060E+06  0.000000E+00  0.239826E+07
  0.284577E-02  0.239303E+07  0.239126E+07  0.205250E+06  0.206526E+06  0.000000E+00  0.239297E+07
  0.294223E-02  0.238752E+07  0.238564E+07  0.200529E+06  0.200894E+06  0.000000E+00  0.238746E+07
  0.304196E-02  0.238179E+07  0.237978E+07  0.195000E+06  0.194458E+06  0.000000E+00  0.238172E+07
  0.314506E-02  0.237583E+07  0.237369E+07  0.188057E+06  0.186687E+06  0.000000E+00  0.237576E+07
  0.325166E-02  0.236963E+07  0.236736E+07  0.179318E+06  0.177270E+06  0.000000E+00  0.236956E+07
  0.336188E-02  0.236320E+07  0.236078E+07  0.168671E+06  0.166157E+06  0.000000E+00  0.236312E+07
  0.347583E-02  0.235652E+07  0.235394E+07  0.156289E+06  0.153565E+06  0.000000E+00  0.235644E+07
  0.359365E-02  0.234958E+07  0.234683E+07  0.142631E+06  0.139962E+06  0.000000E+00  0.234950E+07
  0.371545E-02  0.234239E+07  0.233946E+07  0.128388E+06  0.126014E+06  0.000000E+00  0.234230E+07
  0.384139E-02  0.233493E+07  0.233181E+07  0.114408E+06  0.112502E+06  0.000000E+00  0.233483E+07
  0.397159E-02  0.232720E+07  0.232388E+07  0.101584E+06  0.100208E+06  0.000000E+00  0.232709E+07
  0.410621E-02  0.231919E+07  0.231566E+07  0.907112E+05  0.897915E+05  0.000000E+00  0.231908E+07
  0.424539E-02  0.231090E+07  0.230714E+07  0.823567E+05  0.816712E+05  0.000000E+00  0.231078E+07
  0.438929E-02  0.230231E+07  0.229832E+07  0.767372E+05  0.759321E+05  0.000000E+00  0.230219E+07
  0.453806E-02  0.229343E+07  0.228919E+07  0.736523E+05  0.722908E+05  0.000000E+00  0.229330E+07
  0.469188E-02  0.228425E+07  0.227974E+07  0.724879E+05  0.701299E+05  0.000000E+00  0.228411E+07
  0.485091E-02  0.227477E+07  0.226997E+07  0.000000E+00  0.000000E+00  0.000000E+00  0.227461E+07
  0.501534E-02  0.226496E+07  0.225987E+07  0.000000E+00  0.000000E+00  0.000000E+00  0.226480E+07
  0.518533E-02  0.225484E+07  0.224943E+07  0.000000E+00  0.000000E+00  0.000000E+00  0.225467E+07
  0.536109E-02  0.224440E+07  0.223865E+07  0.000000E+00  0.000000E+00  0.000000E+00  0.224422E+07
  0.554280E-02  0.223363E+07  0.222752E+07  0.000000E+00  0.000000E+00  0.000000E+00  0.223344E+07
  0.573068E-02  0.222252E+07  0.221604E+07  0.000000E+00  0.000000E+00  0.000000E+00  0.222232E+07
  0.592492E-02  0.221107E+07  0.220419E+07  0.000000E+00  0.000000E+00  0.000000E+00  0.221085E+07
  0.612574E-02  0.219928E+07  0.219198E+07  0.000000E+00  0.000000E+00  0.000000E+00  0.219905E+07
  0.633338E-02  0.218713E+07  0.217939E+07  0.000000E+00  0.000000E+00  0.000000E+00  0.218689E+07
  0.654805E-02  0.217463E+07  0.216642E+07  0.000000E+00  0.000000E+00  0.000000E+00  0.217438E+07
  0.677000E-02  0.216178E+07  0.215307E+07  0.000000E+00  0.000000E+00  0.000000E+00  0.216150E+07
  0.699947E-02  0.214856E+07  0.213933E+07  0.000000E+00  0.000000E+00  0.000000E+00  0.214826E+07
  0.723671E-02  0.213497E+07  0.212519E+07  0.000000E+00  0.000000E+00  0.000000E+00  0.213466E+07
  0.748200E-02  0.212100E+07  0.211065E+07  0.000000E+00  0.000000E+00  0.000000E+00  0.212068E+07
  0.773561E-02  0.210667E+07  0.209571E+07  0.000000E+00  0.000000E+00  0.000000E+00  0.210632E+07
  0.799781E-02  0.209195E+07  0.208035E+07  0.000000E+00  0.000000E+00  0.000000E+00  0.209159E+07
  0.826889E-02  0.207685E+07  0.206458E+07  0.000000E+00  0.000000E+00  0.000000E+00  0.207647E+07
  0.854917E-02  0.206137E+07  0.204839E+07  0.000000E+00  0.000000E+00  0.000000E+00  0.206096E+07
  0.883894E-02  0.204550E+07  0.203178E+07  0.000000E+00  0.000000E+00  0.000000E+00  0.204507E+07
  0.913854E-02  0.202924E+07  0.201474E+07  0.000000E+00  0.000000E+00  0.000000E+00  0.202878E+07
  0.944829E-02  0.201258E+07  0.199727E+07  0.000000E+00  0.000000E+00  0.000000E+00  0.201210E+07
  0.976854E-02  0.199553E+07  0.197937E+07  0.000000E+00  0.000000E+00  0.000000E+00  0.199502E+07
  0.100996E-01  0.197808E+07  0.196103E+07  0.000000E+00  0.000000E+00  0.000000E+00  0.197755E+07
  0.104420E-01  0.196024E+07  0.194226E+07  0.000000E+00  0.000000E+00  0.000000E+00  0.195967E+07
  0.107959E-01  0.194200E+07  0.192305E+07  0.000000E+00  0.000000E+00  0.000000E+00  0.194140E+07
  0.111618E-01  0.192335E+07  0.190340E+07  0.000000E+00  0.000000E+00  0.000000E+00  0.192273E+07
  0.115402E-01  0.190431E+07  0.188331E+07  0.000000E+00  0.000000E+00  0.000000E+00  0.190365E+07
  0.119313E-01  0.188487E+07  0.186278E+07  0.000000E+00  0.000000E+00  0.000000E+00  0.188418E+07
  0.123357E-01  0.186504E+07  0.184182E+07  0.000000E+00  0.000000E+00  0.000000E+00  0.186431E+07
  0.127539E-01  0.184480E+07  0.182042E+07  0.000000E+00  0.000000E+00  0.000000E+00  0.184403E+07
  0.131862E-01  0.182417E+07  0.179858E+07  0.000000E+00  0.000000E+00  0.000000E+00  0.182337E+07
  0.136331E-01  0.180315E+07  0.177632E+07  0.000000E+00  0.000000E+00  0.000000E+00  0.180231E+07
  0.140952E-01  0.178174E+07  0.175363E+07  0.000000E+00  0.000000E+00  0.000000E+00  0.178086E+07
  0.145730E-01  0.175995E+07  0.173053E+07  0.000000E+00  0.000000E+00  0.000000E+00  0.175902E+07
  0.150669E-01  0.173777E+07  0.170701E+07  0.000000E+00  0.000000E+00  0.000000E+00  0.173680E+07
  0.155776E-01  0.171522E+07  0.168310E+07  0.000000E+00  0.000000E+00  0.000000E+00  0.171421E+07
  0.161056E-01  0.169230E+07  0.165879E+07  0.000000E+00  0.000000E+00  0.000000E+00  0.169124E+07
  0.166515E-01  0.166901E+07  0.163410E+07  0.000000E+00  0.000000E+00  0.000000E+00  0.166791E+07
  0.172159E-01  0.164538E+07  0.160904E+07  0.000000E+00  0.000000E+00  0.000000E+00  0.164423E+07
  0.177994E-01  0.162139E+07  0.158364E+07  0.000000E+00  0.000000E+00  0.000000E+00  0.162020E+07
  0.184028E-01  0.159707E+07  0.155790E+07  0.000000E+00  0.000000E+00  0.000000E+00  0.159584E+07
  0.190265E-01  0.157243E+07  0.153184E+07  0.000000E+00  0.000000E+00  0.000000E+00  0.157115E+07
  0.196714E-01  0.154747E+07  0.150550E+07  0.000000E+00  0.000000E+00  0.000000E+00  0.154615E+07
  0.203382E-01  0.152222E+07  0.147888E+07  0.000000E+00  0.000000E+00  0.000000E+00  0.152086E+07
  0.210276E-01  0.149669E+07  0.145203E+07  0.000000E+00  0.000000E+00  0.000000E+00  0.149528E+07
  0.217403E-01  0.147090E+07  0.142497E+07  0.000000E+00  0.000000E+00  0.000000E+00  0.146945E+07
  0.224772E-01  0.144486E+07  0.139772E+07  0.000000E+00  0.000000E+00  0.000000E+00  0.144337E+07
  0.232390E-01  0.141859E+07  0.137033E+07  0.000000E+00  0.000000E+00  0.000000E+00  0.141707E+07
  0.240267E-01  0.139213E+07  0.134284E+07  0.000000E+00  0.000000E+00  0.000000E+00  0.139057E+07
  0.248411E-01  0.136548E+07  0.131527E+07  0.000000E+00  0.000000E+00  0.000000E+00  0.136390E+07
  0.256831E-01  0.133869E+07  0.128768E+07  0.000000E+00  0.000000E+00  0.000000E+00  0.133709E+07
  0.265537E-01  0.131178E+07  0.126011E+07  0.000000E+00  0.000000E+00  0.000000E+00  0.131015E+07
  0.274537E-01  0.128477E+07  0.123261E+07  0.000000E+00  0.000000E+00  0.000000E+00  0.128313E+07
  0.283842E-01  0.125771E+07  0.120523E+07  0.000000E+00  0.000000E+00  0.000000E+00  0.125606E+07
  0.293463E-01  0.123063E+07  0.117801E+07  0.000000E+00  0.000000E+00  0.000000E+00  0.122897E+07
  0.303410E-01  0.120356E+07  0.115101E+07  0.000000E+00  0.000000E+00  0.000000E+00  0.120190E+07
  0.313694E-01  0.117654E+07  0.112427E+07  0.000000E+00  0.000000E+00  0.000000E+00  0.117489E+07
  0.324327E-01  0.114961E+07  0.109786E+07  0.000000E+00  0.000000E+00  0.000000E+00  0.114798E+07
  0.335320E-01  0.112281E+07  0.107181E+07  0.000000E+00  0.000000E+00  0.000000E+00  0.112120E+07
  0.346686E-01  0.109618E+07  0.104616E+07  0.000000E+00  0.000000E+00  0.000000E+00  0.109461E+07
  0.358437E-01  0.106977E+07  0.102097E+07  0.000000E+00  0.000000E+00  0.000000E+00  0.106823E+07
  0.370586E-01  0.104360E+07  0.996248E+06  0.000000E+00  0.000000E+00  0.000000E+00  0.104210E+07
  0.383147E-01  0.101762E+07  0.971938E+06  0.000000E+00  0.000000E+00  0.000000E+00  0.101618E+07
  0.396134E-01  0.991786E+06  0.947980E+06  0.000000E+00  0.000000E+00  0.000000E+00  0.990407E+06
  0.409561E-01  0.966334E+06  0.924580E+06  0.000000E+00  0.000000E+00  0.000000E+00  0.965019E+06
  0.423443E-01  0.941292E+06  0.901742E+06  0.000000E+00  0.000000E+00  0.000000E+00  0.940047E+06
  0.437796E-01  0.916674E+06  0.879443E+06  0.000000E+00  0.000000E+00  0.000000E+00  0.915502E+06
  0.452635E-01  0.892472E+06  0.857630E+06  0.000000E+00  0.000000E+00  0.000000E+00  0.891375E+06
  0.467977E-01  0.868657E+06  0.836225E+06  0.000000E+00  0.000000E+00  0.000000E+00  0.867635E+06
  0.483839E-01  0.845189E+06  0.815135E+06  0.000000E+00  0.000000E+00  0.000000E+00  0.844242E+06
  0.500239E-01  0.822022E+06  0.794256E+06  0.000000E+00  0.000000E+00  0.000000E+00  0.821147E+06
  0.517194E-01  0.799119E+06  0.773494E+06  0.000000E+00  0.000000E+00  0.000000E+00  0.798312E+06
  0.534725E-01  0.776458E+06  0.752771E+06  0.000000E+00  0.000000E+00  0.000000E+00  0.775712E+06
  0.552850E-01  0.754040E+06  0.732041E+06  0.000000E+00  0.000000E+00  0.000000E+00  0.753347E+06
  0.571588E-01  0.731909E+06  0.711306E+06  0.000000E+00  0.000000E+00  0.000000E+00  0.731260E+06
  0.590963E-01  0.710185E+06  0.690658E+06  0.000000E+00  0.000000E+00  0.000000E+00  0.709570E+06
  0.610993E-01  0.689410E+06  0.670649E+06  0.000000E+00  0.000000E+00  0.000000E+00  0.688819E+06
  0.631703E-01  0.668346E+06  0.650002E+06  0.000000E+00  0.000000E+00  0.000000E+00  0.667768E+06
  0.653114E-01  0.647542E+06  0.629310E+06  0.000000E+00  0.000000E+00  0.000000E+00  0.646968E+06
  0.675252E-01  0.626981E+06  0.608598E+06  0.000000E+00  0.000000E+00  0.000000E+00  0.626402E+06
  0.698139E-01  0.606662E+06  0.587926E+06  0.000000E+00  0.000000E+00  0.000000E+00  0.606072E+06
  0.721803E-01  0.586608E+06  0.567397E+06  0.000000E+00  0.000000E+00  0.000000E+00  0.586003E+06
  0.746268E-01  0.566877E+06  0.547159E+06  0.000000E+00  0.000000E+00  0.000000E+00  0.566256E+06
  0.771564E-01  0.547554E+06  0.527395E+06  0.000000E+00  0.000000E+00  0.000000E+00  0.546919E+06
  0.797716E-01  0.528728E+06  0.508286E+06  0.000000E+00  0.000000E+00  0.000000E+00  0.528084E+06
  0.824755E-01  0.510462E+06  0.489976E+06  0.000000E+00  0.000000E+00  0.000000E+00  0.509817E+06
  0.852709E-01  0.492780E+06  0.472544E+06  0.000000E+00  0.000000E+00  0.000000E+00  0.492143E+06
  0.881612E-01  0.475661E+06  0.455992E+06  0.000000E+00  0.000000E+00  0.000000E+00  0.475042E+06
  0.911495E-01  0.459063E+06  0.440266E+06  0.000000E+00  0.000000E+00  0.000000E+00  0.458471E+06
  0.942390E-01  0.442948E+06  0.425276E+06  0.000000E+00  0.000000E+00  0.000000E+00  0.442391E+06
  0.974333E-01  0.427299E+06  0.410921E+06  0.000000E+00  0.000000E+00  0.000000E+00  0.426783E+06
  0.100736E+00  0.412108E+06  0.397083E+06  0.000000E+00  0.000000E+00  0.000000E+00  0.411635E+06
  0.104150E+00  0.397345E+06  0.383615E+06  0.000000E+00  0.000000E+00  0.000000E+00  0.396912E+06
  0.107680E+00  0.382954E+06  0.370350E+06  0.000000E+00  0.000000E+00  0.000000E+00  0.382557E+06
  0.111330E+00  0.368870E+06  0.357141E+06  0.000000E+00  0.000000E+00  0.000000E+00  0.368500E+06
  0.115104E+00  0.355056E+06  0.343912E+06  0.000000E+00  0.000000E+00  0.000000E+00  0.354705E+06
  0.119005E+00  0.341517E+06  0.330680E+06  0.000000E+00  0.000000E+00  0.000000E+00  0.341176E+06
  0.123039E+00  0.328278E+06  0.317534E+06  0.000000E+00  0.000000E+00  0.000000E+00  0.327940E+06
  0.127209E+00  0.315360E+06  0.304593E+06  0.000000E+00  0.000000E+00  0.000000E+00  0.315021E+06
  0.131521E+00  0.302790E+06  0.292000E+06  0.000000E+00  0.000000E+00  0.000000E+00  0.302451E+06
  0.135979E+00  0.290632E+06  0.279924E+06  0.000000E+00  0.000000E+00  0.000000E+00  0.290294E+06
  0.140588E+00  0.278963E+06  0.268509E+06  0.000000E+00  0.000000E+00  0.000000E+00  0.278633E+06
  0.145353E+00  0.267808E+06  0.257792E+06  0.000000E+00  0.000000E+00  0.000000E+00  0.267493E+06
  0.150280E+00  0.257111E+06  0.247670E+06  0.000000E+00  0.000000E+00  0.000000E+00  0.256813E+06
  0.155374E+00  0.246789E+06  0.237978E+06  0.000000E+00  0.000000E+00  0.000000E+00  0.246512E+06
  0.160640E+00  0.236801E+06  0.228579E+06  0.000000E+00  0.000000E+00  0.000000E+00  0.236542E+06
  0.166085E+00  0.227120E+06  0.219375E+06  0.000000E+00  0.000000E+00  0.000000E+00  0.226876E+06
  0.171715E+00  0.217702E+06  0.210297E+06  0.000000E+00  0.000000E+00  0.000000E+00  0.217469E+06
  0.177535E+00  0.208535E+06  0.201358E+06  0.000000E+00  0.000000E+00  0.000000E+00  0.208309E+06
  0.183553E+00  0.199657E+06  0.192656E+06  0.000000E+00  0.000000E+00  0.000000E+00  0.199437E+06
  0.189774E+00  0.191106E+06  0.184297E+06  0.000000E+00  0.000000E+00  0.000000E+00  0.190892E+06
  0.196206E+00  0.182898E+06  0.176337E+06  0.000000E+00  0.000000E+00  0.000000E+00  0.182691E+06
  0.202857E+00  0.175042E+06  0.168788E+06  0.000000E+00  0.000000E+00  0.000000E+00  0.174845E+06
  0.209733E+00  0.167505E+06  0.161584E+06  0.000000E+00  0.000000E+00  0.000000E+00  0.167319E+06
  0.216842E+00  0.160233E+06  0.154625E+06  0.000000E+00  0.000000E+00  0.000000E+00  0.160057E+06
  0.224192E+00  0.153221E+06  0.147879E+06  0.000000E+00  0.000000E+00  0.000000E+00  0.153053E+06
  0.231791E+00  0.146469E+06  0.141348E+06  0.000000E+00  0.000000E+00  0.000000E+00  0.146308E+06
  0.239647E+00  0.139951E+06  0.135027E+06  0.000000E+00  0.000000E+00  0.000000E+00  0.139796E+06
  0.247770E+00  0.133687E+06  0.128965E+06  0.000000E+00  0.000000E+00  0.000000E+00  0.133539E+06
  0.256168E+00  0.127691E+06  0.123181E+06  0.000000E+00  0.000000E+00  0.000000E+00  0.127549E+06
  0.264851E+00  0.121933E+06  0.117639E+06  0.000000E+00  0.000000E+00  0.000000E+00  0.121798E+06
  0.273828E+00  0.116410E+06  0.112321E+06  0.000000E+00  0.000000E+00  0.000000E+00  0.116281E+06
  0.283110E+00  0.111106E+06  0.107205E+06  0.000000E+00  0.000000E+00  0.000000E+00  0.110983E+06
  0.292706E+00  0.106008E+06  0.102281E+06  0.000000E+00  0.000000E+00  0.000000E+00  0.105890E+06
  0.302627E+00  0.101123E+06  0.975637E+05  0.000000E+00  0.000000E+00  0.000000E+00  0.101011E+06
  0.312884E+00  0.964381E+05  0.930445E+05  0.000000E+00  0.000000E+00  0.000000E+00  0.963312E+05
  0.323490E+00  0.919526E+05  0.887194E+05  0.000000E+00  0.000000E+00  0.000000E+00  0.918508E+05
  0.334454E+00  0.876524E+05  0.845715E+05  0.000000E+00  0.000000E+00  0.000000E+00  0.875553E+05
  0.345791E+00  0.835350E+05  0.805984E+05  0.000000E+00  0.000000E+00  0.000000E+00  0.834425E+05
  0.357512E+00  0.795911E+05  0.767927E+05  0.000000E+00  0.000000E+00  0.000000E+00  0.795030E+05
  0.369629E+00  0.758181E+05  0.731526E+05  0.000000E+00  0.000000E+00  0.000000E+00  0.757341E+05
  0.382158E+00  0.722065E+05  0.696683E+05  0.000000E+00  0.000000E+00  0.000000E+00  0.721265E+05
  0.395111E+00  0.687536E+05  0.663370E+05  0.000000E+00  0.000000E+00  0.000000E+00  0.686775E+05
  0.408504E+00  0.654501E+05  0.631496E+05  0.000000E+00  0.000000E+00  0.000000E+00  0.653777E+05
  0.422350E+00  0.622947E+05  0.601053E+05  0.000000E+00  0.000000E+00  0.000000E+00  0.622258E+05
  0.436666E+00  0.592779E+05  0.571946E+05  0.000000E+00  0.000000E+00  0.000000E+00  0.592123E+05
  0.451466E+00  0.563973E+05  0.544153E+05  0.000000E+00  0.000000E+00  0.000000E+00  0.563348E+05
  0.466769E+00  0.536462E+05  0.517610E+05  0.000000E+00  0.000000E+00  0.000000E+00  0.535868E+05
  0.482590E+00  0.510191E+05  0.492263E+05  0.000000E+00  0.000000E+00  0.000000E+00  0.509626E+05
  0.498948E+00  0.485122E+05  0.468075E+05  0.000000E+00  0.000000E+00  0.000000E+00  0.484585E+05
  0.515859E+00  0.461198E+05  0.444993E+05  0.000000E+00  0.000000E+00  0.000000E+00  0.460688E+05
  0.533344E+00  0.438366E+05  0.422963E+05  0.000000E+00  0.000000E+00  0.000000E+00  0.437880E+05
  0.551422E+00  0.416588E+05  0.401951E+05  0.000000E+00  0.000000E+00  0.000000E+00  0.416127E+05
  0.570113E+00  0.395822E+05  0.381915E+05  0.000000E+00  0.000000E+00  0.000000E+00  0.395384E+05
  0.589437E+00  0.376022E+05  0.362811E+05  0.000000E+00  0.000000E+00  0.000000E+00  0.375605E+05
  0.609416E+00  0.357148E+05  0.344601E+05  0.000000E+00  0.000000E+00  0.000000E+00  0.356752E+05
  0.630072E+00  0.339163E+05  0.327248E+05  0.000000E+00  0.000000E+00  0.000000E+00  0.338787E+05
  0.651428E+00  0.322032E+05  0.310719E+05  0.000000E+00  0.000000E+00  0.000000E+00  0.321676E+05
  0.673509E+00  0.305719E+05  0.294980E+05  0.000000E+00  0.000000E+00  0.000000E+00  0.305381E+05
  0.696337E+00  0.290189E+05  0.279996E+05  0.000000E+00  0.000000E+00  0.000000E+00  0.289868E+05
  0.719940E+00  0.275406E+05  0.265732E+05  0.000000E+00  0.000000E+00  0.000000E+00  0.275101E+05
  0.744342E+00  0.261335E+05  0.252156E+05  0.000000E+00  0.000000E+00  0.000000E+00  0.261046E+05
  0.769572E+00  0.247944E+05  0.239235E+05  0.000000E+00  0.000000E+00  0.000000E+00  0.247669E+05
  0.795656E+00  0.235201E+05  0.226940E+05  0.000000E+00  0.000000E+00  0.000000E+00  0.234941E+05
  0.822625E+00  0.223078E+05  0.215243E+05  0.000000E+00  0.000000E+00  0.000000E+00  0.222831E+05
  0.850508E+00  0.211548E+05  0.204118E+05  0.000000E+00  0.000000E+00  0.000000E+00  0.211314E+05
  0.879336E+00  0.200585E+05  0.193540E+05  0.000000E+00  0.000000E+00  0.000000E+00  0.200363E+05
  0.909141E+00  0.190164E+05  0.183486E+05  0.000000E+00  0.000000E+00  0.000000E+00  0.189954E+05
  0.939957E+00  0.180262E+05  0.173931E+05  0.000000E+00  0.000000E+00  0.000000E+00  0.180063E+05
  0.971817E+00  0.170852E+05  0.164852E+05  0.000000E+00  0.000000E+00  0.000000E+00  0.170663E+05
  0.100476E+01  0.161910E+05  0.156224E+05  0.000000E+00  0.000000E+00  0.000000E+00  0.161731E+05
  0.103881E+01  0.153416E+05  0.148028E+05  0.000000E+00  0.000000E+00  0.000000E+00  0.153246E+05
  0.107402E+01  0.145347E+05  0.140243E+05  0.000000E+00  0.000000E+00  0.000000E+00  0.145186E+05
  0.111043E+01  0.137686E+05  0.132851E+05  0.000000E+00  0.000000E+00  0.000000E+00  0.137533E+05
  0.114807E+01  0.130412E+05  0.125833E+05  0.000000E+00  0.000000E+00  0.000000E+00  0.130268E+05
  0.118698E+01  0.123509E+05  0.119172E+05  0.000000E+00  0.000000E+00  0.000000E+00  0.123372E+05
  0.122721E+01  0.116957E+05  0.112850E+05  0.000000E+00  0.000000E+00  0.000000E+00  0.116827E+05
  0.126881E+01  0.110738E+05  0.106849E+05  0.000000E+00  0.000000E+00  0.000000E+00  0.110615E+05
  0.131182E+01  0.104837E+05  0.101156E+05  0.000000E+00  0.000000E+00  0.000000E+00  0.104722E+05
  0.135628E+01  0.992401E+04  0.957554E+04  0.000000E+00  0.000000E+00  0.000000E+00  0.991303E+04
  0.140225E+01  0.939313E+04  0.906330E+04  0.000000E+00  0.000000E+00  0.000000E+00  0.938274E+04
  0.144978E+01  0.888961E+04  0.857747E+04  0.000000E+00  0.000000E+00  0.000000E+00  0.887978E+04
  0.149892E+01  0.841211E+04  0.811673E+04  0.000000E+00  0.000000E+00  0.000000E+00  0.840281E+04
  0.154973E+01  0.795937E+04  0.767989E+04  0.000000E+00  0.000000E+00  0.000000E+00  0.795057E+04
  0.160226E+01  0.753019E+04  0.726578E+04  0.000000E+00  0.000000E+00  0.000000E+00  0.752186E+04
  0.165656E+01  0.712343E+04  0.687331E+04  0.000000E+00  0.000000E+00  0.000000E+00  0.711555E+04
  0.171271E+01  0.673790E+04  0.650132E+04  0.000000E+00  0.000000E+00  0.000000E+00  0.673045E+04
  0.177077E+01  0.637259E+04  0.614883E+04  0.000000E+00  0.000000E+00  0.000000E+00  0.636554E+04
  0.183079E+01  0.602649E+04  0.581488E+04  0.000000E+00  0.000000E+00  0.000000E+00  0.601982E+04
  0.189284E+01  0.569863E+04  0.549854E+04  0.000000E+00  0.000000E+00  0.000000E+00  0.569233E+04
  0.195700E+01  0.538808E+04  0.519889E+04  0.000000E+00  0.000000E+00  0.000000E+00  0.538212E+04
  0.202333E+01  0.509399E+04  0.491512E+04  0.000000E+00  0.000000E+00  0.000000E+00  0.508835E+04
  0.209191E+01  0.481548E+04  0.464640E+04  0.000000E+00  0.000000E+00  0.000000E+00  0.481016E+04
  0.216282E+01  0.455179E+04  0.439196E+04  0.000000E+00  0.000000E+00  0.000000E+00  0.454675E+04
  0.223613E+01  0.430212E+04  0.415106E+04  0.000000E+00  0.000000E+00  0.000000E+00  0.429736E+04
  0.231192E+01  0.406578E+04  0.392301E+04  0.000000E+00  0.000000E+00  0.000000E+00  0.406128E+04
  0.239028E+01  0.384207E+04  0.370716E+04  0.000000E+00  0.000000E+00  0.000000E+00  0.383782E+04
  0.247130E+01  0.363034E+04  0.350286E+04  0.000000E+00  0.000000E+00  0.000000E+00  0.362632E+04
  0.255507E+01  0.342998E+04  0.330954E+04  0.000000E+00  0.000000E+00  0.000000E+00  0.342619E+04
  0.264167E+01  0.324040E+04  0.312661E+04  0.000000E+00  0.000000E+00  0.000000E+00  0.323682E+04
  0.273121E+01  0.306105E+04  0.295356E+04  0.000000E+00  0.000000E+00  0.000000E+00  0.305766E+04
  0.282379E+01  0.289139E+04  0.278985E+04  0.000000E+00  0.000000E+00  0.000000E+00  0.288819E+04
  0.291950E+01  0.273091E+04  0.263501E+04  0.000000E+00  0.000000E+00  0.000000E+00  0.272789E+04
  0.301846E+01  0.257914E+04  0.248856E+04  0.000000E+00  0.000000E+00  0.000000E+00  0.257629E+04
  0.312077E+01  0.243561E+04  0.235007E+04  0.000000E+00  0.000000E+00  0.000000E+00  0.243292E+04
  0.322655E+01  0.229988E+04  0.221911E+04  0.000000E+00  0.000000E+00  0.000000E+00  0.229734E+04
  0.333591E+01  0.217155E+04  0.209528E+04  0.000000E+00  0.000000E+00  0.000000E+00  0.216915E+04
  0.344898E+01  0.205022E+04  0.197821E+04  0.000000E+00  0.000000E+00  0.000000E+00  0.204795E+04
  0.356588E+01  0.193552E+04  0.186754E+04  0.000000E+00  0.000000E+00  0.000000E+00  0.193338E+04
  0.368675E+01  0.182710E+04  0.176292E+04  0.000000E+00  0.000000E+00  0.000000E+00  0.182508E+04
  0.381172E+01  0.172462E+04  0.166404E+04  0.000000E+00  0.000000E+00  0.000000E+00  0.172272E+04
  0.394091E+01  0.162779E+04  0.157061E+04  0.000000E+00  0.000000E+00  0.000000E+00  0.162599E+04
  0.407449E+01  0.153628E+04  0.148231E+04  0.000000E+00  0.000000E+00  0.000000E+00  0.153458E+04
  0.421259E+01  0.144983E+04  0.139889E+04  0.000000E+00  0.000000E+00  0.000000E+00  0.144822E+04
  0.435538E+01  0.136814E+04  0.132006E+04  0.000000E+00  0.000000E+00  0.000000E+00  0.136662E+04
  0.450301E+01  0.129096E+04  0.124560E+04  0.000000E+00  0.000000E+00  0.000000E+00  0.128953E+04
  0.465564E+01  0.121805E+04  0.117525E+04  0.000000E+00  0.000000E+00  0.000000E+00  0.121670E+04
  0.481344E+01  0.114918E+04  0.110880E+04  0.000000E+00  0.000000E+00  0.000000E+00  0.114791E+04
  0.497659E+01  0.108414E+04  0.104603E+04  0.000000E+00  0.000000E+00  0.000000E+00  0.108294E+04
  0.514527E+01  0.102271E+04  0.986761E+03  0.000000E+00  0.000000E+00  0.000000E+00  0.102158E+04
  0.531968E+01  0.964705E+03  0.930791E+03  0.000000E+00  0.000000E+00  0.000000E+00  0.963636E+03
  0.549998E+01  0.909935E+03  0.877942E+03  0.000000E+00  0.000000E+00  0.000000E+00  0.908927E+03
  0.568641E+01  0.858220E+03  0.828042E+03  0.000000E+00  0.000000E+00  0.000000E+00  0.857269E+03
  0.587915E+01  0.809395E+03  0.780930E+03  0.000000E+00  0.000000E+00  0.000000E+00  0.808498E+03
  0.607843E+01  0.763298E+03  0.736451E+03  0.000000E+00  0.000000E+00  0.000000E+00  0.762452E+03
  0.628446E+01  0.719782E+03  0.694462E+03  0.000000E+00  0.000000E+00  0.000000E+00  0.718985E+03
  0.649747E+01  0.678710E+03  0.654830E+03  0.000000E+00  0.000000E+00  0.000000E+00  0.677957E+03
  0.671770E+01  0.639944E+03  0.617425E+03  0.000000E+00  0.000000E+00  0.000000E+00  0.639235E+03
  0.694539E+01  0.603361E+03  0.582125E+03  0.000000E+00  0.000000E+00  0.000000E+00  0.602692E+03
  0.718081E+01  0.568836E+03  0.548812E+03  0.000000E+00  0.000000E+00  0.000000E+00  0.568206E+03
  0.742420E+01  0.536258E+03  0.517376E+03  0.000000E+00  0.000000E+00  0.000000E+00  0.535663E+03
  0.767585E+01  0.505515E+03  0.487711E+03  0.000000E+00  0.000000E+00  0.000000E+00  0.504954E+03
  0.793602E+01  0.476508E+03  0.459722E+03  0.000000E+00  0.000000E+00  0.000000E+00  0.475980E+03
  0.820502E+01  0.449142E+03  0.433316E+03  0.000000E+00  0.000000E+00  0.000000E+00  0.448644E+03
  0.848312E+01  0.423327E+03  0.408407E+03  0.000000E+00  0.000000E+00  0.000000E+00  0.422857E+03
  0.877066E+01  0.398976E+03  0.384909E+03  0.000000E+00  0.000000E+00  0.000000E+00  0.398532E+03
  0.906794E+01  0.376006E+03  0.362745E+03  0.000000E+00  0.000000E+00  0.000000E+00  0.375588E+03
  0.937530E+01  0.354338E+03  0.341837E+03  0.000000E+00  0.000000E+00  0.000000E+00  0.353945E+03
  0.969308E+01  0.333903E+03  0.322118E+03  0.000000E+00  0.000000E+00  0.000000E+00  0.333532E+03
  0.100216E+02  0.314630E+03  0.303522E+03  0.000000E+00  0.000000E+00  0.000000E+00  0.314280E+03
  0.103613E+02  0.296456E+03  0.285985E+03  0.000000E+00  0.000000E+00  0.000000E+00  0.296126E+03
  0.107125E+02  0.279319E+03  0.269449E+03  0.000000E+00  0.000000E+00  0.000000E+00  0.279008E+03
  0.110756E+02  0.263160E+03  0.253856E+03  0.000000E+00  0.000000E+00  0.000000E+00  0.262867E+03
  0.114510E+02  0.247923E+03  0.239154E+03  0.000000E+00  0.000000E+00  0.000000E+00  0.247647E+03
  0.118392E+02  0.233557E+03  0.225291E+03  0.000000E+00  0.000000E+00  0.000000E+00  0.233296E+03
  0.122404E+02  0.220014E+03  0.212223E+03  0.000000E+00  0.000000E+00  0.000000E+00  0.219769E+03
  0.126553E+02  0.207247E+03  0.199904E+03  0.000000E+00  0.000000E+00  0.000000E+00  0.207016E+03
  0.130843E+02  0.195213E+03  0.188291E+03  0.000000E+00  0.000000E+00  0.000000E+00  0.194995E+03
  0.135278E+02  0.183868E+03  0.177344E+03  0.000000E+00  0.000000E+00  0.000000E+00  0.183663E+03
  0.139863E+02  0.173175E+03  0.167026E+03  0.000000E+00  0.000000E+00  0.000000E+00  0.172981E+03
  0.144604E+02  0.163097E+03  0.157301E+03  0.000000E+00  0.000000E+00  0.000000E+00  0.162914E+03
  0.149505E+02  0.153600E+03  0.148136E+03  0.000000E+00  0.000000E+00  0.000000E+00  0.153427E+03
  0.154573E+02  0.144648E+03  0.139499E+03  0.000000E+00  0.000000E+00  0.000000E+00  0.144486E+03
  0.159812E+02  0.136213E+03  0.131359E+03  0.000000E+00  0.000000E+00  0.000000E+00  0.136060E+03
  0.165229E+02  0.128264E+03  0.123688E+03  0.000000E+00  0.000000E+00  0.000000E+00  0.128120E+03
  0.170829E+02  0.120775E+03  0.116461E+03  0.000000E+00  0.000000E+00  0.000000E+00  0.120639E+03
  0.176619E+02  0.113718E+03  0.109652E+03  0.000000E+00  0.000000E+00  0.000000E+00  0.113590E+03
  0.182606E+02  0.107069E+03  0.103235E+03  0.000000E+00  0.000000E+00  0.000000E+00  0.106948E+03
  0.188795E+02  0.100805E+03  0.971905E+02  0.000000E+00  0.000000E+00  0.000000E+00  0.100691E+03
  0.195195E+02  0.949034E+02  0.914957E+02  0.000000E+00  0.000000E+00  0.000000E+00  0.947961E+02
  0.201811E+02  0.893444E+02  0.861312E+02  0.000000E+00  0.000000E+00  0.000000E+00  0.892432E+02
  0.208651E+02  0.841074E+02  0.810775E+02  0.000000E+00  0.000000E+00  0.000000E+00  0.840119E+02
  0.215723E+02  0.791743E+02  0.763171E+02  0.000000E+00  0.000000E+00  0.000000E+00  0.790843E+02
  0.223035E+02  0.745279E+02  0.718332E+02  0.000000E+00  0.000000E+00  0.000000E+00  0.744430E+02
  0.230595E+02  0.701518E+02  0.676101E+02  0.000000E+00  0.000000E+00  0.000000E+00  0.700717E+02
  0.238411E+02  0.660299E+02  0.636324E+02  0.000000E+00  0.000000E+00  0.000000E+00  0.659544E+02
  0.246492E+02  0.621480E+02  0.598862E+02  0.000000E+00  0.000000E+00  0.000000E+00  0.620767E+02
  0.254847E+02  0.584923E+02  0.563583E+02  0.000000E+00  0.000000E+00  0.000000E+00  0.584250E+02
  0.263485E+02  0.550496E+02  0.530360E+02  0.000000E+00  0.000000E+00  0.000000E+00  0.549862E+02
  0.272416E+02  0.518077E+02  0.499073E+02  0.000000E+00  0.000000E+00  0.000000E+00  0.517479E+02
  0.281650E+02  0.487551E+02  0.469613E+02  0.000000E+00  0.000000E+00  0.000000E+00  0.486986E+02
  0.291196E+02  0.458808E+02  0.441874E+02  0.000000E+00  0.000000E+00  0.000000E+00  0.458275E+02
  0.301066E+02  0.431744E+02  0.415755E+02  0.000000E+00  0.000000E+00  0.000000E+00  0.431240E+02
  0.311271E+02  0.406263E+02  0.391163E+02  0.000000E+00  0.000000E+00  0.000000E+00  0.405787E+02
  0.321822E+02  0.382273E+02  0.368010E+02  0.000000E+00  0.000000E+00  0.000000E+00  0.381824E+02
  0.332730E+02  0.359689E+02  0.346213E+02  0.000000E+00  0.000000E+00  0.000000E+00  0.359264E+02
  0.344008E+02  0.338426E+02  0.325691E+02  0.000000E+00  0.000000E+00  0.000000E+00  0.338025E+02
  0.355668E+02  0.318411E+02  0.306374E+02  0.000000E+00  0.000000E+00  0.000000E+00  0.318032E+02
  0.367723E+02  0.299570E+02  0.288189E+02  0.000000E+00  0.000000E+00  0.000000E+00  0.299211E+02
  0.380187E+02  0.281834E+02  0.271071E+02  0.000000E+00  0.000000E+00  0.000000E+00  0.281495E+02
  0.393074E+02  0.265141E+02  0.254958E+02  0.000000E+00  0.000000E+00  0.000000E+00  0.264820E+02
  0.406397E+02  0.249428E+02  0.239792E+02  0.000000E+00  0.000000E+00  0.000000E+00  0.249125E+02
  0.420172E+02  0.234639E+02  0.225517E+02  0.000000E+00  0.000000E+00  0.000000E+00  0.234351E+02
  0.434414E+02  0.220720E+02  0.212082E+02  0.000000E+00  0.000000E+00  0.000000E+00  0.220448E+02
  0.449138E+02  0.207621E+02  0.199438E+02  0.000000E+00  0.000000E+00  0.000000E+00  0.207363E+02
  0.464362E+02  0.195293E+02  0.187537E+02  0.000000E+00  0.000000E+00  0.000000E+00  0.195048E+02
  0.480101E+02  0.183691E+02  0.176339E+02  0.000000E+00  0.000000E+00  0.000000E+00  0.183460E+02
  0.496375E+02  0.172774E+02  0.165799E+02  0.000000E+00  0.000000E+00  0.000000E+00  0.172554E+02
  0.513199E+02  0.162501E+02  0.155882E+02  0.000000E+00  0.000000E+00  0.000000E+00  0.162292E+02
  0.530594E+02  0.152834E+02  0.146550E+02  0.000000E+00  0.000000E+00  0.000000E+00  0.152636E+02
  0.548579E+02  0.143738E+02  0.137768E+02  0.000000E+00  0.000000E+00  0.000000E+00  0.143550E+02
  0.567173E+02  0.135179E+02  0.129505E+02  0.000000E+00  0.000000E+00  0.000000E+00  0.135000E+02
  0.586397E+02  0.127126E+02  0.121731E+02  0.000000E+00  0.000000E+00  0.000000E+00  0.126956E+02
  0.606273E+02  0.119550E+02  0.114416E+02  0.000000E+00  0.000000E+00  0.000000E+00  0.119388E+02
  0.626823E+02  0.112422E+02  0.107534E+02  0.000000E+00  0.000000E+00  0.000000E+00  0.112268E+02
  0.648069E+02  0.105716E+02  0.101058E+02  0.000000E+00  0.000000E+00  0.000000E+00  0.105569E+02
  0.670036E+02  0.994071E+01  0.949667E+01  0.000000E+00  0.000000E+00  0.000000E+00  0.992672E+01
  0.692747E+02  0.934723E+01  0.892358E+01  0.000000E+00  0.000000E+00  0.000000E+00  0.933389E+01
  0.716227E+02  0.878893E+01  0.838444E+01  0.000000E+00  0.000000E+00  0.000000E+00  0.877619E+01
  0.740504E+02  0.826375E+01  0.787728E+01  0.000000E+00  0.000000E+00  0.000000E+00  0.825158E+01
  0.765604E+02  0.776973E+01  0.740018E+01  0.000000E+00  0.000000E+00  0.000000E+00  0.775809E+01
  0.791553E+02  0.730506E+01  0.695141E+01  0.000000E+00  0.000000E+00  0.000000E+00  0.729392E+01
  0.818384E+02  0.686798E+01  0.652926E+01  0.000000E+00  0.000000E+00  0.000000E+00  0.685731E+01
  0.846122E+02  0.645688E+01  0.613220E+01  0.000000E+00  0.000000E+00  0.000000E+00  0.644665E+01
  0.874802E+02  0.607022E+01  0.575872E+01  0.000000E+00  0.000000E+00  0.000000E+00  0.606041E+01
  0.904453E+02  0.570656E+01  0.540745E+01  0.000000E+00  0.000000E+00  0.000000E+00  0.569714E+01
  0.935109E+02  0.536455E+01  0.507707E+01  0.000000E+00  0.000000E+00  0.000000E+00  0.535549E+01
  0.966806E+02  0.504288E+01  0.476633E+01  0.000000E+00  0.000000E+00  0.000000E+00  0.503417E+01
  0.999576E+02  0.474039E+01  0.447410E+01  0.000000E+00  0.000000E+00  0.000000E+00  0.473200E+01
  0.103346E+03  0.445592E+01  0.419928E+01  0.000000E+00  0.000000E+00  0.000000E+00  0.444783E+01
  0.106849E+03  0.418839E+01  0.394081E+01  0.000000E+00  0.000000E+00  0.000000E+00  0.418059E+01
  0.110470E+03  0.393683E+01  0.369777E+01  0.000000E+00  0.000000E+00  0.000000E+00  0.392930E+01
  0.114215E+03  0.370028E+01  0.346922E+01  0.000000E+00  0.000000E+00  0.000000E+00  0.369300E+01
  0.118086E+03  0.347785E+01  0.325431E+01  0.000000E+00  0.000000E+00  0.000000E+00  0.347081E+01
  0.122089E+03  0.326869E+01  0.305221E+01  0.000000E+00  0.000000E+00  0.000000E+00  0.326187E+01
  0.126227E+03  0.307203E+01  0.286220E+01  0.000000E+00  0.000000E+00  0.000000E+00  0.306542E+01
  0.130505E+03  0.288713E+01  0.268355E+01  0.000000E+00  0.000000E+00  0.000000E+00  0.288071E+01
  0.134928E+03  0.271327E+01  0.251558E+01  0.000000E+00  0.000000E+00  0.000000E+00  0.270705E+01
  0.139502E+03  0.254981E+01  0.235765E+01  0.000000E+00  0.000000E+00  0.000000E+00  0.254376E+01
  0.144230E+03  0.239614E+01  0.220919E+01  0.000000E+00  0.000000E+00  0.000000E+00  0.239025E+01
  0.149119E+03  0.225166E+01  0.206963E+01  0.000000E+00  0.000000E+00  0.000000E+00  0.224593E+01
  0.154173E+03  0.211583E+01  0.193844E+01  0.000000E+00  0.000000E+00  0.000000E+00  0.211025E+01
  0.159399E+03  0.198814E+01  0.181511E+01  0.000000E+00  0.000000E+00  0.000000E+00  0.198269E+01
  0.164802E+03  0.186810E+01  0.169920E+01  0.000000E+00  0.000000E+00  0.000000E+00  0.186278E+01
  0.170388E+03  0.175525E+01  0.159027E+01  0.000000E+00  0.000000E+00  0.000000E+00  0.175006E+01
  0.176164E+03  0.164917E+01  0.148788E+01  0.000000E+00  0.000000E+00  0.000000E+00  0.164409E+01
  0.182135E+03  0.154946E+01  0.139168E+01  0.000000E+00  0.000000E+00  0.000000E+00  0.154449E+01
  0.188308E+03  0.145573E+01  0.130128E+01  0.000000E+00  0.000000E+00  0.000000E+00  0.145086E+01
  0.194691E+03  0.136763E+01  0.121635E+01  0.000000E+00  0.000000E+00  0.000000E+00  0.136286E+01
  0.201290E+03  0.128481E+01  0.113655E+01  0.000000E+00  0.000000E+00  0.000000E+00  0.128014E+01
