  0.108800E-04  0.478947E+06  0.478947E+06  0.638590E+06  0.638590E+06  0.000000E+00  0.478947E+06
  0.112487E-04  0.478947E+06  0.478947E+06  0.638589E+06  0.638589E+06  0.000000E+00  0.478947E+06
  0.116300E-04  0.478947E+06  0.478947E+06  0.638589E+06  0.638588E+06  0.000000E+00  0.478947E+06
  0.120242E-04  0.478947E+06  0.478947E+06  0.638588E+06  0.638588E+06  0.000000E+00  0.478947E+06
  0.124318E-04  0.478947E+06  0.478947E+06  0.638588E+06  0.638587E+06  0.000000E+00  0.478947E+06
  0.128531E-04  0.478947E+06  0.478947E+06  0.638587E+06  0.638587E+06  0.000000E+00  0.478947E+06
  0.132888E-04  0.478947E+06  0.478947E+06  0.638586E+06  0.638586E+06  0.000000E+00  0.478947E+06
  0.137392E-04  0.478947E+06  0.478947E+06  0.638586E+06  0.638585E+06  0.000000E+00  0.478947E+06
  0.142049E-04  0.478947E+06  0.478947E+06  0.638585E+06  0.638584E+06  0.000000E+00  0.478947E+06
  0.146864E-04  0.478947E+06  0.478947E+06  0.638584E+06  0.638584E+06  0.000000E+00  0.478947E+06
  0.151842E-04  0.478947E+06  0.478947E+06  0.638583E+06  0.638583E+06  0.000000E+00  0.478947E+06
  0.156989E-04  0.478947E+06  0.478947E+06  0.638582E+06  0.638582E+06  0.000000E+00  0.478947E+06
  0.162310E-04  0.478947E+06  0.478947E+06  0.638581E+06  0.638581E+06  0.000000E+00  0.478947E+06
  0.167811E-04  0.478947E+06  0.478947E+06  0.638580E+06  0.638580E+06  0.000000E+00  0.478947E+06
  0.173499E-04  0.478947E+06  0.478947E+06  0.638579E+06  0.638578E+06  0.000000E+00  0.478947E+06
  0.179380E-04  0.478947E+06  0.478947E+06  0.638578E+06  0.638577E+06  0.000000E+00  0.478947E+06
  0.185460E-04  0.478947E+06  0.478947E+06  0.638577E+06  0.638576E+06  0.000000E+00  0.478947E+06
  0.191746E-04  0.478947E+06  0.478947E+06  0.638575E+06  0.638574E+06  0.000000E+00  0.478947E+06
  0.198246E-04  0.478947E+06  0.478947E+06  0.638574E+06  0.638573E+06  0.000000E+00  0.478947E+06
  0.204965E-04  0.478947E+06  0.478947E+06  0.638572E+06  0.638571E+06  0.000000E+00  0.478947E+06
  0.211913E-04  0.478947E+06  0.478947E+06  0.638571E+06  0.638569E+06  0.000000E+00  0.478947E+06
  0.219095E-04  0.478947E+06  0.478947E+06  0.638569E+06  0.638567E+06  0.000000E+00  0.478947E+06
  0.226522E-04  0.478947E+06  0.478947E+06  0.638567E+06  0.638565E+06  0.000000E+00  0.478947E+06
  0.234200E-04  0.478947E+06  0.478947E+06  0.638565E+06  0.638563E+06  0.000000E+00  0.478947E+06
  0.242138E-04  0.478947E+06  0.478946E+06  0.638563E+06  0.638561E+06  0.000000E+00  0.478947E+06
  0.250345E-04  0.478947E+06  0.478946E+06  0.638560E+06  0.638558E+06  0.000000E+00  0.478946E+06
  0.258831E-04  0.478946E+06  0.478946E+06  0.638558E+06  0.638556E+06  0.000000E+00  0.478946E+06
  0.267604E-04  0.478946E+06  0.478946E+06  0.638555E+06  0.638553E+06  0.000000E+00  0.478946E+06
  0.276674E-04  0.478946E+06  0.478946E+06  0.638552E+06  0.638550E+06  0.000000E+00  0.478946E+06
  0.286052E-04  0.478946E+06  0.478946E+06  0.638549E+06  0.638547E+06  0.000000E+00  0.478946E+06
  0.295748E-04  0.478946E+06  0.478946E+06  0.638546E+06  0.638543E+06  0.000000E+00  0.478946E+06
  0.305772E-04  0.478946E+06  0.478946E+06  0.638542E+06  0.638540E+06  0.000000E+00  0.478946E+06
  0.316136E-04  0.478946E+06  0.478946E+06  0.638538E+06  0.638536E+06  0.000000E+00  0.478946E+06
  0.326852E-04  0.478946E+06  0.478946E+06  0.638534E+06  0.638531E+06  0.000000E+00  0.478946E+06
  0.337931E-04  0.478946E+06  0.478945E+06  0.638530E+06  0.638527E+06  0.000000E+00  0.478946E+06
  0.349385E-04  0.478946E+06  0.478945E+06  0.638526E+06  0.638522E+06  0.000000E+00  0.478946E+06
  0.361227E-04  0.478945E+06  0.478945E+06  0.638521E+06  0.638517E+06  0.000000E+00  0.478945E+06
  0.373471E-04  0.478945E+06  0.478945E+06  0.638515E+06  0.638512E+06  0.000000E+00  0.478945E+06
  0.386130E-04  0.478945E+06  0.478945E+06  0.638510E+06  0.638506E+06  0.000000E+00  0.478945E+06
  0.399218E-04  0.478945E+06  0.478945E+06  0.638504E+06  0.638499E+06  0.000000E+00  0.478945E+06
  0.412749E-04  0.478945E+06  0.478944E+06  0.638497E+06  0.638493E+06  0.000000E+00  0.478945E+06
  0.426740E-04  0.478944E+06  0.478944E+06  0.638491E+06  0.638485E+06  0.000000E+00  0.478944E+06
  0.441204E-04  0.478944E+06  0.478944E+06  0.638483E+06  0.638478E+06  0.000000E+00  0.478944E+06
  0.456159E-04  0.478944E+06  0.478944E+06  0.638475E+06  0.638470E+06  0.000000E+00  0.478944E+06
  0.471620E-04  0.478944E+06  0.478943E+06  0.638467E+06  0.638461E+06  0.000000E+00  0.478944E+06
  0.487606E-04  0.478944E+06  0.478943E+06  0.638458E+06  0.638451E+06  0.000000E+00  0.478944E+06
  0.504133E-04  0.478943E+06  0.478943E+06  0.638449E+06  0.638441E+06  0.000000E+00  0.478943E+06
  0.521221E-04  0.478943E+06  0.478942E+06  0.638438E+06  0.638431E+06  0.000000E+00  0.478943E+06
  0.538888E-04  0.478943E+06  0.478942E+06  0.638427E+06  0.638419E+06  0.000000E+00  0.478943E+06
  0.557153E-04  0.478942E+06  0.478942E+06  0.638416E+06  0.638407E+06  0.000000E+00  0.478942E+06
  0.576038E-04  0.478942E+06  0.478941E+06  0.638403E+06  0.638394E+06  0.000000E+00  0.478942E+06
  0.595563E-04  0.478942E+06  0.478941E+06  0.638390E+06  0.638380E+06  0.000000E+00  0.478942E+06
  0.615750E-04  0.478941E+06  0.478940E+06  0.638376E+06  0.638365E+06  0.000000E+00  0.478941E+06
  0.636621E-04  0.478941E+06  0.478940E+06  0.638360E+06  0.638349E+06  0.000000E+00  0.478941E+06
  0.658199E-04  0.478940E+06  0.478939E+06  0.638344E+06  0.638332E+06  0.000000E+00  0.478940E+06
  0.680509E-04  0.478940E+06  0.478939E+06  0.638327E+06  0.638314E+06  0.000000E+00  0.478940E+06
  0.703575E-04  0.478939E+06  0.478938E+06  0.638308E+06  0.638294E+06  0.000000E+00  0.478939E+06
  0.727422E-04  0.478939E+06  0.478938E+06  0.638288E+06  0.638273E+06  0.000000E+00  0.478939E+06
  0.752079E-04  0.478938E+06  0.478937E+06  0.638267E+06  0.638251E+06  0.000000E+00  0.478938E+06
  0.777570E-04  0.478937E+06  0.478936E+06  0.638244E+06  0.638227E+06  0.000000E+00  0.478937E+06
  0.803926E-04  0.478937E+06  0.478936E+06  0.638220E+06  0.638202E+06  0.000000E+00  0.478937E+06
  0.831175E-04  0.478936E+06  0.478935E+06  0.638194E+06  0.638175E+06  0.000000E+00  0.478936E+06
  0.859348E-04  0.478935E+06  0.478934E+06  0.638166E+06  0.638145E+06  0.000000E+00  0.478935E+06
  0.888476E-04  0.478934E+06  0.478933E+06  0.638136E+06  0.638114E+06  0.000000E+00  0.478934E+06
  0.918591E-04  0.478933E+06  0.478932E+06  0.638105E+06  0.638081E+06  0.000000E+00  0.478933E+06
  0.949726E-04  0.478932E+06  0.478931E+06  0.638071E+06  0.638046E+06  0.000000E+00  0.478932E+06
  0.981917E-04  0.478931E+06  0.478930E+06  0.638035E+06  0.638008E+06  0.000000E+00  0.478931E+06
  0.101520E-03  0.478930E+06  0.478928E+06  0.637996E+06  0.637967E+06  0.000000E+00  0.478930E+06
  0.104961E-03  0.478929E+06  0.478927E+06  0.637954E+06  0.637924E+06  0.000000E+00  0.478929E+06
  0.108519E-03  0.478928E+06  0.478926E+06  0.637910E+06  0.637877E+06  0.000000E+00  0.478928E+06
  0.112197E-03  0.478926E+06  0.478924E+06  0.637863E+06  0.637828E+06  0.000000E+00  0.478926E+06
  0.116000E-03  0.478925E+06  0.478922E+06  0.637812E+06  0.637775E+06  0.000000E+00  0.478925E+06
  0.119932E-03  0.478923E+06  0.478921E+06  0.637758E+06  0.637718E+06  0.000000E+00  0.478923E+06
  0.123997E-03  0.478922E+06  0.478919E+06  0.637700E+06  0.637658E+06  0.000000E+00  0.478922E+06
  0.128200E-03  0.478920E+06  0.478917E+06  0.637639E+06  0.637593E+06  0.000000E+00  0.478920E+06
  0.132545E-03  0.478918E+06  0.478915E+06  0.637573E+06  0.637524E+06  0.000000E+00  0.478918E+06
  0.137038E-03  0.478916E+06  0.478912E+06  0.637502E+06  0.637450E+06  0.000000E+00  0.478916E+06
  0.141683E-03  0.478914E+06  0.478910E+06  0.637427E+06  0.637371E+06  0.000000E+00  0.478914E+06
  0.146485E-03  0.478911E+06  0.478908E+06  0.637346E+06  0.637286E+06  0.000000E+00  0.478911E+06
  0.151450E-03  0.478909E+06  0.478905E+06  0.637260E+06  0.637196E+06  0.000000E+00  0.478909E+06
  0.156583E-03  0.478906E+06  0.478902E+06  0.637168E+06  0.637100E+06  0.000000E+00  0.478906E+06
  0.161891E-03  0.478903E+06  0.478899E+06  0.637070E+06  0.636996E+06  0.000000E+00  0.478903E+06
  0.167378E-03  0.478900E+06  0.478895E+06  0.636964E+06  0.636886E+06  0.000000E+00  0.478900E+06
  0.173051E-03  0.478897E+06  0.478892E+06  0.636852E+06  0.636768E+06  0.000000E+00  0.478897E+06
  0.178917E-03  0.478893E+06  0.478888E+06  0.636732E+06  0.636643E+06  0.000000E+00  0.478893E+06
  0.184981E-03  0.478890E+06  0.478884E+06  0.636604E+06  0.636508E+06  0.000000E+00  0.478890E+06
  0.191251E-03  0.478886E+06  0.478879E+06  0.636466E+06  0.636364E+06  0.000000E+00  0.478886E+06
  0.197734E-03  0.478882E+06  0.478875E+06  0.636320E+06  0.636211E+06  0.000000E+00  0.478881E+06
  0.204436E-03  0.478877E+06  0.478870E+06  0.636163E+06  0.636046E+06  0.000000E+00  0.478877E+06
  0.211366E-03  0.478872E+06  0.478864E+06  0.635996E+06  0.635871E+06  0.000000E+00  0.478872E+06
  0.218530E-03  0.478867E+06  0.478858E+06  0.635817E+06  0.635684E+06  0.000000E+00  0.478867E+06
  0.225937E-03  0.478861E+06  0.478852E+06  0.635625E+06  0.635483E+06  0.000000E+00  0.478861E+06
  0.233595E-03  0.478855E+06  0.478846E+06  0.635421E+06  0.635269E+06  0.000000E+00  0.478855E+06
  0.241513E-03  0.478849E+06  0.478839E+06  0.635203E+06  0.635040E+06  0.000000E+00  0.478849E+06
  0.249699E-03  0.478842E+06  0.478831E+06  0.634969E+06  0.634796E+06  0.000000E+00  0.478842E+06
  0.258162E-03  0.478835E+06  0.478823E+06  0.634720E+06  0.634534E+06  0.000000E+00  0.478835E+06
  0.266913E-03  0.478827E+06  0.478815E+06  0.634453E+06  0.634255E+06  0.000000E+00  0.478827E+06
  0.275960E-03  0.478819E+06  0.478805E+06  0.634168E+06  0.633957E+06  0.000000E+00  0.478818E+06
  0.285314E-03  0.478810E+06  0.478796E+06  0.633864E+06  0.633638E+06  0.000000E+00  0.478810E+06
  0.294984E-03  0.478801E+06  0.478785E+06  0.633539E+06  0.633298E+06  0.000000E+00  0.478800E+06
  0.304983E-03  0.478790E+06  0.478774E+06  0.633192E+06  0.632934E+06  0.000000E+00  0.478790E+06
  0.315320E-03  0.478780E+06  0.478762E+06  0.632821E+06  0.632545E+06  0.000000E+00  0.478779E+06
  0.326008E-03  0.478768E+06  0.478749E+06  0.632424E+06  0.632130E+06  0.000000E+00  0.478768E+06
  0.337058E-03  0.478756E+06  0.478736E+06  0.632001E+06  0.631686E+06  0.000000E+00  0.478755E+06
  0.348483E-03  0.478743E+06  0.478721E+06  0.631548E+06  0.631212E+06  0.000000E+00  0.478742E+06
  0.360295E-03  0.478728E+06  0.478705E+06  0.631065E+06  0.630706E+06  0.000000E+00  0.478728E+06
  0.372507E-03  0.478713E+06  0.478689E+06  0.630549E+06  0.630165E+06  0.000000E+00  0.478713E+06
  0.385133E-03  0.478697E+06  0.478671E+06  0.629997E+06  0.629588E+06  0.000000E+00  0.478696E+06
  0.398187E-03  0.478680E+06  0.478652E+06  0.629408E+06  0.628971E+06  0.000000E+00  0.478679E+06
  0.411684E-03  0.478662E+06  0.478632E+06  0.628779E+06  0.628312E+06  0.000000E+00  0.478661E+06
  0.425638E-03  0.478642E+06  0.478610E+06  0.628107E+06  0.627609E+06  0.000000E+00  0.478641E+06
  0.440065E-03  0.478621E+06  0.478587E+06  0.627390E+06  0.626858E+06  0.000000E+00  0.478620E+06
  0.454981E-03  0.478598E+06  0.478562E+06  0.626624E+06  0.626056E+06  0.000000E+00  0.478597E+06
  0.470403E-03  0.478574E+06  0.478535E+06  0.625806E+06  0.625200E+06  0.000000E+00  0.478573E+06
  0.486347E-03  0.478549E+06  0.478507E+06  0.624932E+06  0.624286E+06  0.000000E+00  0.478547E+06
  0.502832E-03  0.478521E+06  0.478476E+06  0.624000E+06  0.623310E+06  0.000000E+00  0.478520E+06
  0.519875E-03  0.478492E+06  0.478444E+06  0.623005E+06  0.622269E+06  0.000000E+00  0.478490E+06
  0.537497E-03  0.478461E+06  0.478409E+06  0.621943E+06  0.621157E+06  0.000000E+00  0.478459E+06
  0.555715E-03  0.478427E+06  0.478372E+06  0.620809E+06  0.619971E+06  0.000000E+00  0.478426E+06
  0.574551E-03  0.478391E+06  0.478333E+06  0.619599E+06  0.618706E+06  0.000000E+00  0.478390E+06
  0.594026E-03  0.478353E+06  0.478291E+06  0.618308E+06  0.617355E+06  0.000000E+00  0.478351E+06
  0.614160E-03  0.478312E+06  0.478246E+06  0.616931E+06  0.615915E+06  0.000000E+00  0.478310E+06
  0.634977E-03  0.478269E+06  0.478197E+06  0.615462E+06  0.614379E+06  0.000000E+00  0.478267E+06
  0.656500E-03  0.478222E+06  0.478146E+06  0.613895E+06  0.612741E+06  0.000000E+00  0.478220E+06
  0.678752E-03  0.478173E+06  0.478091E+06  0.612224E+06  0.610994E+06  0.000000E+00  0.478170E+06
  0.701758E-03  0.478119E+06  0.478032E+06  0.610443E+06  0.609132E+06  0.000000E+00  0.478117E+06
  0.725544E-03  0.478063E+06  0.477969E+06  0.608543E+06  0.607147E+06  0.000000E+00  0.478060E+06
  0.750137E-03  0.478002E+06  0.477902E+06  0.606519E+06  0.605032E+06  0.000000E+00  0.477999E+06
  0.775563E-03  0.477937E+06  0.477831E+06  0.604362E+06  0.602779E+06  0.000000E+00  0.477934E+06
  0.801851E-03  0.477868E+06  0.477754E+06  0.602063E+06  0.600379E+06  0.000000E+00  0.477864E+06
  0.829029E-03  0.477794E+06  0.477672E+06  0.599615E+06  0.597823E+06  0.000000E+00  0.477790E+06
  0.857129E-03  0.477715E+06  0.477585E+06  0.597008E+06  0.595102E+06  0.000000E+00  0.477711E+06
  0.886182E-03  0.477631E+06  0.477492E+06  0.594232E+06  0.592206E+06  0.000000E+00  0.477627E+06
  0.916219E-03  0.477541E+06  0.477392E+06  0.591278E+06  0.589124E+06  0.000000E+00  0.477536E+06
  0.947274E-03  0.477445E+06  0.477286E+06  0.588135E+06  0.585847E+06  0.000000E+00  0.477440E+06
  0.979383E-03  0.477342E+06  0.477173E+06  0.584791E+06  0.582362E+06  0.000000E+00  0.477337E+06
  0.101258E-02  0.477233E+06  0.477052E+06  0.581236E+06  0.578657E+06  0.000000E+00  0.477227E+06
  0.104690E-02  0.477116E+06  0.476922E+06  0.577458E+06  0.574722E+06  0.000000E+00  0.477110E+06
  0.108239E-02  0.476991E+06  0.476784E+06  0.573443E+06  0.570542E+06  0.000000E+00  0.476985E+06
  0.111907E-02  0.476858E+06  0.476637E+06  0.569179E+06  0.566104E+06  0.000000E+00  0.476851E+06
  0.115700E-02  0.476716E+06  0.476480E+06  0.564653E+06  0.561396E+06  0.000000E+00  0.476709E+06
  0.119622E-02  0.476565E+06  0.476312E+06  0.559850E+06  0.556404E+06  0.000000E+00  0.476557E+06
  0.123677E-02  0.476403E+06  0.476133E+06  0.554757E+06  0.551112E+06  0.000000E+00  0.476395E+06
  0.127869E-02  0.476231E+06  0.475942E+06  0.549359E+06  0.545507E+06  0.000000E+00  0.476222E+06
  0.132203E-02  0.476047E+06  0.475738E+06  0.543640E+06  0.539573E+06  0.000000E+00  0.476037E+06
  0.136684E-02  0.475851E+06  0.475521E+06  0.537587E+06  0.533296E+06  0.000000E+00  0.475840E+06
  0.141317E-02  0.475642E+06  0.475290E+06  0.531184E+06  0.526661E+06  0.000000E+00  0.475631E+06
  0.146107E-02  0.475419E+06  0.475043E+06  0.524415E+06  0.519652E+06  0.000000E+00  0.475407E+06
  0.151059E-02  0.475181E+06  0.474779E+06  0.517266E+06  0.512256E+06  0.000000E+00  0.475169E+06
  0.156179E-02  0.474928E+06  0.474499E+06  0.509720E+06  0.504457E+06  0.000000E+00  0.474915E+06
  0.161473E-02  0.474659E+06  0.474200E+06  0.501765E+06  0.496242E+06  0.000000E+00  0.474644E+06
  0.166946E-02  0.474371E+06  0.473881E+06  0.493385E+06  0.487598E+06  0.000000E+00  0.474356E+06
  0.172605E-02  0.474066E+06  0.473542E+06  0.484567E+06  0.478512E+06  0.000000E+00  0.474049E+06
  0.178455E-02  0.473740E+06  0.473181E+06  0.475298E+06  0.468973E+06  0.000000E+00  0.473722E+06
  0.184504E-02  0.473394E+06  0.472796E+06  0.465568E+06  0.458973E+06  0.000000E+00  0.473375E+06
  0.190758E-02  0.473025E+06  0.472387E+06  0.455367E+06  0.448502E+06  0.000000E+00  0.473005E+06
  0.197223E-02  0.472633E+06  0.471951E+06  0.444687E+06  0.437556E+06  0.000000E+00  0.472611E+06
  0.203908E-02  0.472216E+06  0.471488E+06  0.433522E+06  0.426130E+06  0.000000E+00  0.472193E+06
  0.210820E-02  0.471773E+06  0.470995E+06  0.421869E+06  0.414226E+06  0.000000E+00  0.471748E+06
  0.217966E-02  0.471302E+06  0.470471E+06  0.409728E+06  0.401845E+06  0.000000E+00  0.471276E+06
  0.225354E-02  0.470802E+06  0.469915E+06  0.397103E+06  0.388996E+06  0.000000E+00  0.470774E+06
  0.232992E-02  0.470270E+06  0.469323E+06  0.384000E+06  0.375688E+06  0.000000E+00  0.470241E+06
  0.240889E-02  0.469707E+06  0.468696E+06  0.370432E+06  0.361938E+06  0.000000E+00  0.469675E+06
  0.249054E-02  0.469109E+06  0.468029E+06  0.356414E+06  0.347767E+06  0.000000E+00  0.469075E+06
  0.257496E-02  0.468475E+06  0.467323E+06  0.341971E+06  0.333203E+06  0.000000E+00  0.468439E+06
  0.266224E-02  0.467804E+06  0.466573E+06  0.327128E+06  0.318278E+06  0.000000E+00  0.467765E+06
  0.275248E-02  0.467092E+06  0.465779E+06  0.311923E+06  0.303033E+06  0.000000E+00  0.467051E+06
  0.284577E-02  0.466339E+06  0.464938E+06  0.296395E+06  0.287514E+06  0.000000E+00  0.466295E+06
  0.294223E-02  0.465543E+06  0.464047E+06  0.280594E+06  0.271777E+06  0.000000E+00  0.465496E+06
  0.304196E-02  0.464701E+06  0.463104E+06  0.264578E+06  0.255884E+06  0.000000E+00  0.464650E+06
  0.314506E-02  0.463811E+06  0.462108E+06  0.248411E+06  0.239905E+06  0.000000E+00  0.463757E+06
  0.325166E-02  0.462872E+06  0.461055E+06  0.232166E+06  0.223917E+06  0.000000E+00  0.462815E+06
  0.336188E-02  0.461881E+06  0.459943E+06  0.215924E+06  0.208005E+06  0.000000E+00  0.461820E+06
  0.347583E-02  0.460837E+06  0.458769E+06  0.199775E+06  0.192262E+06  0.000000E+00  0.460772E+06
  0.359365E-02  0.459737E+06  0.457532E+06  0.183813E+06  0.176784E+06  0.000000E+00  0.459667E+06
  0.371545E-02  0.458579E+06  0.456228E+06  0.168142E+06  0.161674E+06  0.000000E+00  0.458505E+06
  0.384139E-02  0.457362E+06  0.454856E+06  0.152869E+06  0.147037E+06  0.000000E+00  0.457283E+06
  0.397159E-02  0.456084E+06  0.453412E+06  0.138103E+06  0.132980E+06  0.000000E+00  0.456000E+06
  0.410621E-02  0.454742E+06  0.451895E+06  0.123958E+06  0.119608E+06  0.000000E+00  0.454652E+06
  0.424539E-02  0.453335E+06  0.450301E+06  0.110544E+06  0.107022E+06  0.000000E+00  0.453240E+06
  0.438929E-02  0.451862E+06  0.448630E+06  0.979677E+05  0.953170E+05  0.000000E+00  0.451760E+06
  0.453806E-02  0.450321E+06  0.446877E+06  0.863295E+05  0.845761E+05  0.000000E+00  0.450212E+06
  0.469188E-02  0.448710E+06  0.445043E+06  0.757178E+05  0.748689E+05  0.000000E+00  0.448594E+06
  0.485091E-02  0.447028E+06  0.443123E+06  0.662064E+05  0.662467E+05  0.000000E+00  0.446905E+06
  0.501534E-02  0.445274E+06  0.441117E+06  0.578501E+05  0.587394E+05  0.000000E+00  0.445143E+06
  0.518533E-02  0.443447E+06  0.439023E+06  0.506806E+05  0.523516E+05  0.000000E+00  0.443308E+06
  0.536109E-02  0.441546E+06  0.436839E+06  0.447029E+05  0.470604E+05  0.000000E+00  0.441397E+06
  0.554280E-02  0.439570E+06  0.434563E+06  0.398920E+05  0.428129E+05  0.000000E+00  0.439412E+06
  0.573068E-02  0.437518E+06  0.432194E+06  0.361907E+05  0.395261E+05  0.000000E+00  0.437351E+06
  0.592492E-02  0.435391E+06  0.429730E+06  0.335085E+05  0.370878E+05  0.000000E+00  0.435213E+06
  0.612574E-02  0.433188E+06  0.427170E+06  0.317226E+05  0.353592E+05  0.000000E+00  0.432998E+06
  0.633338E-02  0.430907E+06  0.424513E+06  0.306802E+05  0.341800E+05  0.000000E+00  0.430706E+06
  0.654805E-02  0.428550E+06  0.421758E+06  0.302038E+05  0.333753E+05  0.000000E+00  0.428336E+06
  0.677000E-02  0.426115E+06  0.418903E+06  0.300983E+05  0.327653E+05  0.000000E+00  0.425888E+06
  0.699947E-02  0.423603E+06  0.415947E+06  0.301613E+05  0.321758E+05  0.000000E+00  0.423362E+06
  0.723671E-02  0.421013E+06  0.412889E+06  0.301949E+05  0.314506E+05  0.000000E+00  0.420758E+06
  0.748200E-02  0.418346E+06  0.409728E+06  0.300193E+05  0.304639E+05  0.000000E+00  0.418075E+06
  0.773561E-02  0.415601E+06  0.406462E+06  0.294872E+05  0.291315E+05  0.000000E+00  0.415313E+06
  0.799781E-02  0.412777E+06  0.403090E+06  0.284973E+05  0.274198E+05  0.000000E+00  0.412472E+06
  0.826889E-02  0.409875E+06  0.399611E+06  0.270056E+05  0.253502E+05  0.000000E+00  0.409551E+06
  0.854917E-02  0.406893E+06  0.396023E+06  0.250326E+05  0.229988E+05  0.000000E+00  0.406551E+06
  0.883894E-02  0.403832E+06  0.392326E+06  0.226646E+05  0.204885E+05  0.000000E+00  0.403470E+06
  0.913854E-02  0.400692E+06  0.388517E+06  0.200476E+05  0.179747E+05  0.000000E+00  0.400308E+06
  0.944829E-02  0.397471E+06  0.384595E+06  0.173726E+05  0.156246E+05  0.000000E+00  0.397066E+06
  0.976854E-02  0.394170E+06  0.380559E+06  0.148537E+05  0.135923E+05  0.000000E+00  0.393741E+06
  0.100996E-01  0.390788E+06  0.376409E+06  0.126984E+05  0.119928E+05  0.000000E+00  0.390335E+06
  0.104420E-01  0.387325E+06  0.372142E+06  0.110760E+05  0.108797E+05  0.000000E+00  0.386847E+06
  0.107959E-01  0.383781E+06  0.367760E+06  0.100872E+05  0.102315E+05  0.000000E+00  0.383276E+06
  0.111618E-01  0.380156E+06  0.363261E+06  0.974016E+04  0.995121E+04  0.000000E+00  0.379624E+06
  0.115402E-01  0.376451E+06  0.358645E+06  0.000000E+00  0.000000E+00  0.000000E+00  0.375890E+06
  0.119313E-01  0.372664E+06  0.353913E+06  0.000000E+00  0.000000E+00  0.000000E+00  0.372074E+06
  0.123357E-01  0.368798E+06  0.349065E+06  0.000000E+00  0.000000E+00  0.000000E+00  0.368177E+06
  0.127539E-01  0.364852E+06  0.344102E+06  0.000000E+00  0.000000E+00  0.000000E+00  0.364199E+06
  0.131862E-01  0.360827E+06  0.339025E+06  0.000000E+00  0.000000E+00  0.000000E+00  0.360141E+06
  0.136331E-01  0.356724E+06  0.333836E+06  0.000000E+00  0.000000E+00  0.000000E+00  0.356003E+06
  0.140952E-01  0.352542E+06  0.328538E+06  0.000000E+00  0.000000E+00  0.000000E+00  0.351786E+06
  0.145730E-01  0.348284E+06  0.323132E+06  0.000000E+00  0.000000E+00  0.000000E+00  0.347492E+06
  0.150669E-01  0.343949E+06  0.317622E+06  0.000000E+00  0.000000E+00  0.000000E+00  0.343120E+06
  0.155776E-01  0.339539E+06  0.312012E+06  0.000000E+00  0.000000E+00  0.000000E+00  0.338672E+06
  0.161056E-01  0.335056E+06  0.306307E+06  0.000000E+00  0.000000E+00  0.000000E+00  0.334150E+06
  0.166515E-01  0.330500E+06  0.300512E+06  0.000000E+00  0.000000E+00  0.000000E+00  0.329555E+06
  0.172159E-01  0.325873E+06  0.294633E+06  0.000000E+00  0.000000E+00  0.000000E+00  0.324889E+06
  0.177994E-01  0.321177E+06  0.288678E+06  0.000000E+00  0.000000E+00  0.000000E+00  0.320153E+06
  0.184028E-01  0.316413E+06  0.282655E+06  0.000000E+00  0.000000E+00  0.000000E+00  0.315350E+06
  0.190265E-01  0.311585E+06  0.276572E+06  0.000000E+00  0.000000E+00  0.000000E+00  0.310482E+06
  0.196714E-01  0.306694E+06  0.270440E+06  0.000000E+00  0.000000E+00  0.000000E+00  0.305552E+06
  0.203382E-01  0.301743E+06  0.264271E+06  0.000000E+00  0.000000E+00  0.000000E+00  0.300562E+06
  0.210276E-01  0.296734E+06  0.258077E+06  0.000000E+00  0.000000E+00  0.000000E+00  0.295517E+06
  0.217403E-01  0.291672E+06  0.251871E+06  0.000000E+00  0.000000E+00  0.000000E+00  0.290419E+06
  0.224772E-01  0.286560E+06  0.245669E+06  0.000000E+00  0.000000E+00  0.000000E+00  0.285272E+06
  0.232390E-01  0.281401E+06  0.239486E+06  0.000000E+00  0.000000E+00  0.000000E+00  0.280081E+06
  0.240267E-01  0.276200E+06  0.233339E+06  0.000000E+00  0.000000E+00  0.000000E+00  0.274850E+06
  0.248411E-01  0.270961E+06  0.227248E+06  0.000000E+00  0.000000E+00  0.000000E+00  0.269584E+06
  0.256831E-01  0.265689E+06  0.221229E+06  0.000000E+00  0.000000E+00  0.000000E+00  0.264289E+06
  0.265537E-01  0.260390E+06  0.215304E+06  0.000000E+00  0.000000E+00  0.000000E+00  0.258970E+06
  0.274537E-01  0.255070E+06  0.209493E+06  0.000000E+00  0.000000E+00  0.000000E+00  0.253634E+06
  0.283842E-01  0.249733E+06  0.203815E+06  0.000000E+00  0.000000E+00  0.000000E+00  0.248287E+06
  0.293463E-01  0.244388E+06  0.198291E+06  0.000000E+00  0.000000E+00  0.000000E+00  0.242936E+06
  0.303410E-01  0.239041E+06  0.192941E+06  0.000000E+00  0.000000E+00  0.000000E+00  0.237589E+06
  0.313694E-01  0.233699E+06  0.187783E+06  0.000000E+00  0.000000E+00  0.000000E+00  0.232253E+06
  0.324327E-01  0.228370E+06  0.182835E+06  0.000000E+00  0.000000E+00  0.000000E+00  0.226936E+06
  0.335320E-01  0.223061E+06  0.178111E+06  0.000000E+00  0.000000E+00  0.000000E+00  0.221645E+06
  0.346686E-01  0.217781E+06  0.173623E+06  0.000000E+00  0.000000E+00  0.000000E+00  0.216390E+06
  0.358437E-01  0.212537E+06  0.169379E+06  0.000000E+00  0.000000E+00  0.000000E+00  0.211178E+06
  0.370586E-01  0.207337E+06  0.165384E+06  0.000000E+00  0.000000E+00  0.000000E+00  0.206015E+06
  0.383147E-01  0.202169E+06  0.161615E+06  0.000000E+00  0.000000E+00  0.000000E+00  0.200892E+06
  0.396134E-01  0.197027E+06  0.158051E+06  0.000000E+00  0.000000E+00  0.000000E+00  0.195799E+06
  0.409561E-01  0.191954E+06  0.154721E+06  0.000000E+00  0.000000E+00  0.000000E+00  0.190782E+06
  0.423443E-01  0.186960E+06  0.151606E+06  0.000000E+00  0.000000E+00  0.000000E+00  0.185846E+06
  0.437796E-01  0.182046E+06  0.148679E+06  0.000000E+00  0.000000E+00  0.000000E+00  0.180995E+06
  0.452635E-01  0.177212E+06  0.145903E+06  0.000000E+00  0.000000E+00  0.000000E+00  0.176226E+06
  0.467977E-01  0.172454E+06  0.143229E+06  0.000000E+00  0.000000E+00  0.000000E+00  0.171533E+06
  0.483839E-01  0.167765E+06  0.140606E+06  0.000000E+00  0.000000E+00  0.000000E+00  0.166909E+06
  0.500239E-01  0.163136E+06  0.137975E+06  0.000000E+00  0.000000E+00  0.000000E+00  0.162344E+06
  0.517194E-01  0.158563E+06  0.135282E+06  0.000000E+00  0.000000E+00  0.000000E+00  0.157830E+06
  0.534725E-01  0.154042E+06  0.132474E+06  0.000000E+00  0.000000E+00  0.000000E+00  0.153363E+06
  0.552850E-01  0.149574E+06  0.129510E+06  0.000000E+00  0.000000E+00  0.000000E+00  0.148942E+06
  0.571588E-01  0.145168E+06  0.126363E+06  0.000000E+00  0.000000E+00  0.000000E+00  0.144576E+06
  0.590963E-01  0.140850E+06  0.123031E+06  0.000000E+00  0.000000E+00  0.000000E+00  0.140289E+06
  0.610993E-01  0.136724E+06  0.119626E+06  0.000000E+00  0.000000E+00  0.000000E+00  0.136186E+06
  0.631703E-01  0.132550E+06  0.115872E+06  0.000000E+00  0.000000E+00  0.000000E+00  0.132024E+06
  0.653114E-01  0.128433E+06  0.111910E+06  0.000000E+00  0.000000E+00  0.000000E+00  0.127912E+06
  0.675252E-01  0.124369E+06  0.107771E+06  0.000000E+00  0.000000E+00  0.000000E+00  0.123847E+06
  0.698139E-01  0.120358E+06  0.103505E+06  0.000000E+00  0.000000E+00  0.000000E+00  0.119827E+06
  0.721803E-01  0.116402E+06  0.991824E+05  0.000000E+00  0.000000E+00  0.000000E+00  0.115860E+06
  0.746268E-01  0.112511E+06  0.948886E+05  0.000000E+00  0.000000E+00  0.000000E+00  0.111956E+06
  0.771564E-01  0.108699E+06  0.907225E+05  0.000000E+00  0.000000E+00  0.000000E+00  0.108133E+06
  0.797716E-01  0.104983E+06  0.867795E+05  0.000000E+00  0.000000E+00  0.000000E+00  0.104410E+06
  0.824755E-01  0.101372E+06  0.831401E+05  0.000000E+00  0.000000E+00  0.000000E+00  0.100798E+06
  0.852709E-01  0.978712E+05  0.798576E+05  0.000000E+00  0.000000E+00  0.000000E+00  0.973038E+05
  0.881612E-01  0.944747E+05  0.769500E+05  0.000000E+00  0.000000E+00  0.000000E+00  0.939227E+05
  0.911495E-01  0.911746E+05  0.744004E+05  0.000000E+00  0.000000E+00  0.000000E+00  0.906463E+05
  0.942390E-01  0.879650E+05  0.721608E+05  0.000000E+00  0.000000E+00  0.000000E+00  0.874673E+05
  0.974333E-01  0.848440E+05  0.701586E+05  0.000000E+00  0.000000E+00  0.000000E+00  0.843814E+05
  0.100736E+00  0.818119E+05  0.683019E+05  0.000000E+00  0.000000E+00  0.000000E+00  0.813864E+05
  0.104150E+00  0.788656E+05  0.664864E+05  0.000000E+00  0.000000E+00  0.000000E+00  0.784757E+05
  0.107680E+00  0.759963E+05  0.646083E+05  0.000000E+00  0.000000E+00  0.000000E+00  0.756376E+05
  0.111330E+00  0.731926E+05  0.625842E+05  0.000000E+00  0.000000E+00  0.000000E+00  0.728585E+05
  0.115104E+00  0.704483E+05  0.603723E+05  0.000000E+00  0.000000E+00  0.000000E+00  0.701310E+05
  0.119005E+00  0.677642E+05  0.579815E+05  0.000000E+00  0.000000E+00  0.000000E+00  0.674561E+05
  0.123039E+00  0.651440E+05  0.554672E+05  0.000000E+00  0.000000E+00  0.000000E+00  0.648392E+05
  0.127209E+00  0.625896E+05  0.529155E+05  0.000000E+00  0.000000E+00  0.000000E+00  0.622849E+05
  0.131521E+00  0.601045E+05  0.504283E+05  0.000000E+00  0.000000E+00  0.000000E+00  0.597997E+05
  0.135979E+00  0.576985E+05  0.481060E+05  0.000000E+00  0.000000E+00  0.000000E+00  0.573964E+05
  0.140588E+00  0.553858E+05  0.460217E+05  0.000000E+00  0.000000E+00  0.000000E+00  0.550908E+05
  0.145353E+00  0.531709E+05  0.441919E+05  0.000000E+00  0.000000E+00  0.000000E+00  0.528881E+05
  0.150280E+00  0.510434E+05  0.425688E+05  0.000000E+00  0.000000E+00  0.000000E+00  0.507765E+05
  0.155374E+00  0.489893E+05  0.410668E+05  0.000000E+00  0.000000E+00  0.000000E+00  0.487398E+05
  0.160640E+00  0.470018E+05  0.395996E+05  0.000000E+00  0.000000E+00  0.000000E+00  0.467687E+05
  0.166085E+00  0.450771E+05  0.381015E+05  0.000000E+00  0.000000E+00  0.000000E+00  0.448574E+05
  0.171715E+00  0.432075E+05  0.365405E+05  0.000000E+00  0.000000E+00  0.000000E+00  0.429975E+05
  0.177535E+00  0.413899E+05  0.349333E+05  0.000000E+00  0.000000E+00  0.000000E+00  0.411865E+05
  0.183553E+00  0.396305E+05  0.333383E+05  0.000000E+00  0.000000E+00  0.000000E+00  0.394323E+05
  0.189774E+00  0.379355E+05  0.318194E+05  0.000000E+00  0.000000E+00  0.000000E+00  0.377429E+05
  0.196206E+00  0.363071E+05  0.304148E+05  0.000000E+00  0.000000E+00  0.000000E+00  0.361215E+05
  0.202857E+00  0.347471E+05  0.291281E+05  0.000000E+00  0.000000E+00  0.000000E+00  0.345701E+05
  0.209733E+00  0.332497E+05  0.279260E+05  0.000000E+00  0.000000E+00  0.000000E+00  0.330820E+05
  0.216842E+00  0.318051E+05  0.267607E+05  0.000000E+00  0.000000E+00  0.000000E+00  0.316462E+05
  0.224192E+00  0.304129E+05  0.256075E+05  0.000000E+00  0.000000E+00  0.000000E+00  0.302615E+05
  0.231791E+00  0.290729E+05  0.244672E+05  0.000000E+00  0.000000E+00  0.000000E+00  0.289278E+05
  0.239647E+00  0.277797E+05  0.233535E+05  0.000000E+00  0.000000E+00  0.000000E+00  0.276403E+05
  0.247770E+00  0.265368E+05  0.222915E+05  0.000000E+00  0.000000E+00  0.000000E+00  0.264031E+05
  0.256168E+00  0.253466E+05  0.212920E+05  0.000000E+00  0.000000E+00  0.000000E+00  0.252189E+05
  0.264851E+00  0.242034E+05  0.203424E+05  0.000000E+00  0.000000E+00  0.000000E+00  0.240818E+05
  0.273828E+00  0.231068E+05  0.194301E+05  0.000000E+00  0.000000E+00  0.000000E+00  0.229910E+05
  0.283110E+00  0.220539E+05  0.185461E+05  0.000000E+00  0.000000E+00  0.000000E+00  0.219435E+05
  0.292706E+00  0.210421E+05  0.176909E+05  0.000000E+00  0.000000E+00  0.000000E+00  0.209366E+05
  0.302627E+00  0.200725E+05  0.168724E+05  0.000000E+00  0.000000E+00  0.000000E+00  0.199717E+05
  0.312884E+00  0.191427E+05  0.160911E+05  0.000000E+00  0.000000E+00  0.000000E+00  0.190466E+05
  0.323490E+00  0.182523E+05  0.153447E+05  0.000000E+00  0.000000E+00  0.000000E+00  0.181607E+05
  0.334454E+00  0.173987E+05  0.146280E+05  0.000000E+00  0.000000E+00  0.000000E+00  0.173114E+05
  0.345791E+00  0.165814E+05  0.139405E+05  0.000000E+00  0.000000E+00  0.000000E+00  0.164982E+05
  0.357512E+00  0.157986E+05  0.132819E+05  0.000000E+00  0.000000E+00  0.000000E+00  0.157193E+05
  0.369629E+00  0.150496E+05  0.126525E+05  0.000000E+00  0.000000E+00  0.000000E+00  0.149741E+05
  0.382158E+00  0.143327E+05  0.120501E+05  0.000000E+00  0.000000E+00  0.000000E+00  0.142608E+05
  0.395111E+00  0.136474E+05  0.114740E+05  0.000000E+00  0.000000E+00  0.000000E+00  0.135789E+05
  0.408504E+00  0.129916E+05  0.109227E+05  0.000000E+00  0.000000E+00  0.000000E+00  0.129265E+05
  0.422350E+00  0.123653E+05  0.103962E+05  0.000000E+00  0.000000E+00  0.000000E+00  0.123033E+05
  0.436666E+00  0.117665E+05  0.989284E+04  0.000000E+00  0.000000E+00  0.000000E+00  0.117074E+05
  0.451466E+00  0.111947E+05  0.941213E+04  0.000000E+00  0.000000E+00  0.000000E+00  0.111385E+05
  0.466769E+00  0.106486E+05  0.895307E+04  0.000000E+00  0.000000E+00  0.000000E+00  0.105952E+05
  0.482590E+00  0.101271E+05  0.851469E+04  0.000000E+00  0.000000E+00  0.000000E+00  0.100763E+05
  0.498948E+00  0.962950E+04  0.809637E+04  0.000000E+00  0.000000E+00  0.000000E+00  0.958121E+04
  0.515859E+00  0.915461E+04  0.769713E+04  0.000000E+00  0.000000E+00  0.000000E+00  0.910871E+04
  0.533344E+00  0.870140E+04  0.731612E+04  0.000000E+00  0.000000E+00  0.000000E+00  0.865777E+04
  0.551422E+00  0.826913E+04  0.695270E+04  0.000000E+00  0.000000E+00  0.000000E+00  0.822767E+04
  0.570113E+00  0.785692E+04  0.660616E+04  0.000000E+00  0.000000E+00  0.000000E+00  0.781753E+04
  0.589437E+00  0.746389E+04  0.627573E+04  0.000000E+00  0.000000E+00  0.000000E+00  0.742647E+04
  0.609416E+00  0.708925E+04  0.596076E+04  0.000000E+00  0.000000E+00  0.000000E+00  0.705371E+04
  0.630072E+00  0.673226E+04  0.566062E+04  0.000000E+00  0.000000E+00  0.000000E+00  0.669850E+04
  0.651428E+00  0.639222E+04  0.537474E+04  0.000000E+00  0.000000E+00  0.000000E+00  0.636017E+04
  0.673509E+00  0.606841E+04  0.510250E+04  0.000000E+00  0.000000E+00  0.000000E+00  0.603799E+04
  0.696337E+00  0.576015E+04  0.484332E+04  0.000000E+00  0.000000E+00  0.000000E+00  0.573127E+04
  0.719940E+00  0.546670E+04  0.459660E+04  0.000000E+00  0.000000E+00  0.000000E+00  0.543930E+04
  0.744342E+00  0.518741E+04  0.436178E+04  0.000000E+00  0.000000E+00  0.000000E+00  0.516140E+04
  0.769572E+00  0.492159E+04  0.413830E+04  0.000000E+00  0.000000E+00  0.000000E+00  0.489692E+04
  0.795656E+00  0.466866E+04  0.392564E+04  0.000000E+00  0.000000E+00  0.000000E+00  0.464526E+04
  0.822625E+00  0.442802E+04  0.372331E+04  0.000000E+00  0.000000E+00  0.000000E+00  0.440583E+04
  0.850508E+00  0.419915E+04  0.353088E+04  0.000000E+00  0.000000E+00  0.000000E+00  0.417811E+04
  0.879336E+00  0.398153E+04  0.334791E+04  0.000000E+00  0.000000E+00  0.000000E+00  0.396158E+04
  0.909141E+00  0.377469E+04  0.317399E+04  0.000000E+00  0.000000E+00  0.000000E+00  0.375577E+04
  0.939957E+00  0.357813E+04  0.300873E+04  0.000000E+00  0.000000E+00  0.000000E+00  0.356020E+04
  0.971817E+00  0.339135E+04  0.285168E+04  0.000000E+00  0.000000E+00  0.000000E+00  0.337435E+04
  0.100476E+01  0.321386E+04  0.270244E+04  0.000000E+00  0.000000E+00  0.000000E+00  0.319775E+04
  0.103881E+01  0.304525E+04  0.256067E+04  0.000000E+00  0.000000E+00  0.000000E+00  0.302999E+04
  0.107402E+01  0.288508E+04  0.242599E+04  0.000000E+00  0.000000E+00  0.000000E+00  0.287062E+04
  0.111043E+01  0.273301E+04  0.229813E+04  0.000000E+00  0.000000E+00  0.000000E+00  0.271931E+04
  0.114807E+01  0.258863E+04  0.217673E+04  0.000000E+00  0.000000E+00  0.000000E+00  0.257566E+04
  0.118698E+01  0.245161E+04  0.206151E+04  0.000000E+00  0.000000E+00  0.000000E+00  0.243932E+04
  0.122721E+01  0.232155E+04  0.195216E+04  0.000000E+00  0.000000E+00  0.000000E+00  0.230992E+04
  0.126881E+01  0.219811E+04  0.184836E+04  0.000000E+00  0.000000E+00  0.000000E+00  0.218709E+04
  0.131182E+01  0.208099E+04  0.174988E+04  0.000000E+00  0.000000E+00  0.000000E+00  0.207056E+04
  0.135628E+01  0.196988E+04  0.165645E+04  0.000000E+00  0.000000E+00  0.000000E+00  0.196001E+04
  0.140225E+01  0.186450E+04  0.156785E+04  0.000000E+00  0.000000E+00  0.000000E+00  0.185516E+04
  0.144978E+01  0.176456E+04  0.148381E+04  0.000000E+00  0.000000E+00  0.000000E+00  0.175571E+04
  0.149892E+01  0.166977E+04  0.140411E+04  0.000000E+00  0.000000E+00  0.000000E+00  0.166141E+04
  0.154973E+01  0.157991E+04  0.132854E+04  0.000000E+00  0.000000E+00  0.000000E+00  0.157199E+04
  0.160226E+01  0.149471E+04  0.125691E+04  0.000000E+00  0.000000E+00  0.000000E+00  0.148722E+04
  0.165656E+01  0.141397E+04  0.118901E+04  0.000000E+00  0.000000E+00  0.000000E+00  0.140689E+04
  0.171271E+01  0.133745E+04  0.112466E+04  0.000000E+00  0.000000E+00  0.000000E+00  0.133075E+04
  0.177077E+01  0.126493E+04  0.106369E+04  0.000000E+00  0.000000E+00  0.000000E+00  0.125860E+04
  0.183079E+01  0.119624E+04  0.100592E+04  0.000000E+00  0.000000E+00  0.000000E+00  0.119024E+04
  0.189284E+01  0.113116E+04  0.951199E+03  0.000000E+00  0.000000E+00  0.000000E+00  0.112549E+04
  0.195700E+01  0.106951E+04  0.899363E+03  0.000000E+00  0.000000E+00  0.000000E+00  0.106416E+04
  0.202333E+01  0.101114E+04  0.850275E+03  0.000000E+00  0.000000E+00  0.000000E+00  0.100607E+04
  0.209191E+01  0.955856E+03  0.803789E+03  0.000000E+00  0.000000E+00  0.000000E+00  0.951066E+03
  0.216282E+01  0.903513E+03  0.759775E+03  0.000000E+00  0.000000E+00  0.000000E+00  0.898986E+03
  0.223613E+01  0.853955E+03  0.718102E+03  0.000000E+00  0.000000E+00  0.000000E+00  0.849676E+03
  0.231192E+01  0.807042E+03  0.678653E+03  0.000000E+00  0.000000E+00  0.000000E+00  0.802998E+03
  0.239028E+01  0.762636E+03  0.641312E+03  0.000000E+00  0.000000E+00  0.000000E+00  0.758815E+03
  0.247130E+01  0.720609E+03  0.605971E+03  0.000000E+00  0.000000E+00  0.000000E+00  0.716998E+03
  0.255507E+01  0.680838E+03  0.572528E+03  0.000000E+00  0.000000E+00  0.000000E+00  0.677427E+03
  0.264167E+01  0.643207E+03  0.540884E+03  0.000000E+00  0.000000E+00  0.000000E+00  0.639984E+03
  0.273121E+01  0.607607E+03  0.510947E+03  0.000000E+00  0.000000E+00  0.000000E+00  0.604563E+03
  0.282379E+01  0.573929E+03  0.482627E+03  0.000000E+00  0.000000E+00  0.000000E+00  0.571054E+03
  0.291950E+01  0.542076E+03  0.455841E+03  0.000000E+00  0.000000E+00  0.000000E+00  0.539360E+03
  0.301846E+01  0.511950E+03  0.430507E+03  0.000000E+00  0.000000E+00  0.000000E+00  0.509384E+03
  0.312077E+01  0.483460E+03  0.406550E+03  0.000000E+00  0.000000E+00  0.000000E+00  0.481037E+03
  0.322655E+01  0.456519E+03  0.383895E+03  0.000000E+00  0.000000E+00  0.000000E+00  0.454231E+03
  0.333591E+01  0.431045E+03  0.362473E+03  0.000000E+00  0.000000E+00  0.000000E+00  0.428886E+03
  0.344898E+01  0.406961E+03  0.342221E+03  0.000000E+00  0.000000E+00  0.000000E+00  0.404922E+03
  0.356588E+01  0.384194E+03  0.323075E+03  0.000000E+00  0.000000E+00  0.000000E+00  0.382269E+03
  0.368675E+01  0.362672E+03  0.304977E+03  0.000000E+00  0.000000E+00  0.000000E+00  0.360855E+03
  0.381172E+01  0.342332E+03  0.287872E+03  0.000000E+00  0.000000E+00  0.000000E+00  0.340616E+03
  0.394091E+01  0.323110E+03  0.271708E+03  0.000000E+00  0.000000E+00  0.000000E+00  0.321491E+03
  0.407449E+01  0.304947E+03  0.256434E+03  0.000000E+00  0.000000E+00  0.000000E+00  0.303419E+03
  0.421259E+01  0.287785E+03  0.242002E+03  0.000000E+00  0.000000E+00  0.000000E+00  0.286343E+03
  0.435538E+01  0.271570E+03  0.228366E+03  0.000000E+00  0.000000E+00  0.000000E+00  0.270209E+03
  0.450301E+01  0.256251E+03  0.215484E+03  0.000000E+00  0.000000E+00  0.000000E+00  0.254967E+03
  0.465564E+01  0.241779E+03  0.203314E+03  0.000000E+00  0.000000E+00  0.000000E+00  0.240567E+03
  0.481344E+01  0.228109E+03  0.191818E+03  0.000000E+00  0.000000E+00  0.000000E+00  0.226966E+03
  0.497659E+01  0.215198E+03  0.180960E+03  0.000000E+00  0.000000E+00  0.000000E+00  0.214119E+03
  0.514527E+01  0.203005E+03  0.170707E+03  0.000000E+00  0.000000E+00  0.000000E+00  0.201987E+03
  0.531968E+01  0.191491E+03  0.161024E+03  0.000000E+00  0.000000E+00  0.000000E+00  0.190531E+03
  0.549998E+01  0.180619E+03  0.151881E+03  0.000000E+00  0.000000E+00  0.000000E+00  0.179714E+03
  0.568641E+01  0.170354E+03  0.143249E+03  0.000000E+00  0.000000E+00  0.000000E+00  0.169500E+03
  0.587915E+01  0.160662E+03  0.135099E+03  0.000000E+00  0.000000E+00  0.000000E+00  0.159857E+03
  0.607843E+01  0.151512E+03  0.127404E+03  0.000000E+00  0.000000E+00  0.000000E+00  0.150753E+03
  0.628446E+01  0.142874E+03  0.120140E+03  0.000000E+00  0.000000E+00  0.000000E+00  0.142158E+03
  0.649747E+01  0.134722E+03  0.113284E+03  0.000000E+00  0.000000E+00  0.000000E+00  0.134046E+03
  0.671770E+01  0.127027E+03  0.106813E+03  0.000000E+00  0.000000E+00  0.000000E+00  0.126390E+03
  0.694539E+01  0.119765E+03  0.100706E+03  0.000000E+00  0.000000E+00  0.000000E+00  0.119165E+03
  0.718081E+01  0.112912E+03  0.949432E+02  0.000000E+00  0.000000E+00  0.000000E+00  0.112346E+03
  0.742420E+01  0.106445E+03  0.895049E+02  0.000000E+00  0.000000E+00  0.000000E+00  0.105912E+03
  0.767585E+01  0.100343E+03  0.843730E+02  0.000000E+00  0.000000E+00  0.000000E+00  0.998401E+02
  0.793602E+01  0.945855E+02  0.795310E+02  0.000000E+00  0.000000E+00  0.000000E+00  0.941113E+02
  0.820502E+01  0.891534E+02  0.749628E+02  0.000000E+00  0.000000E+00  0.000000E+00  0.887064E+02
  0.848312E+01  0.840292E+02  0.706535E+02  0.000000E+00  0.000000E+00  0.000000E+00  0.836079E+02
  0.877066E+01  0.791955E+02  0.665885E+02  0.000000E+00  0.000000E+00  0.000000E+00  0.787984E+02
  0.906794E+01  0.746361E+02  0.627541E+02  0.000000E+00  0.000000E+00  0.000000E+00  0.742618E+02
  0.937530E+01  0.703352E+02  0.591371E+02  0.000000E+00  0.000000E+00  0.000000E+00  0.699825E+02
  0.969308E+01  0.662788E+02  0.557258E+02  0.000000E+00  0.000000E+00  0.000000E+00  0.659464E+02
  0.100216E+02  0.624532E+02  0.525085E+02  0.000000E+00  0.000000E+00  0.000000E+00  0.621400E+02
  0.103613E+02  0.588458E+02  0.494747E+02  0.000000E+00  0.000000E+00  0.000000E+00  0.585506E+02
  0.107125E+02  0.554442E+02  0.466141E+02  0.000000E+00  0.000000E+00  0.000000E+00  0.551661E+02
  0.110756E+02  0.522366E+02  0.439165E+02  0.000000E+00  0.000000E+00  0.000000E+00  0.519745E+02
  0.114510E+02  0.492122E+02  0.413730E+02  0.000000E+00  0.000000E+00  0.000000E+00  0.489653E+02
  0.118392E+02  0.463605E+02  0.389748E+02  0.000000E+00  0.000000E+00  0.000000E+00  0.461279E+02
  0.122404E+02  0.436723E+02  0.367140E+02  0.000000E+00  0.000000E+00  0.000000E+00  0.434532E+02
  0.126553E+02  0.411382E+02  0.345828E+02  0.000000E+00  0.000000E+00  0.000000E+00  0.409317E+02
  0.130843E+02  0.387494E+02  0.325738E+02  0.000000E+00  0.000000E+00  0.000000E+00  0.385549E+02
  0.135278E+02  0.364975E+02  0.306799E+02  0.000000E+00  0.000000E+00  0.000000E+00  0.363143E+02
  0.139863E+02  0.343750E+02  0.288949E+02  0.000000E+00  0.000000E+00  0.000000E+00  0.342024E+02
  0.144604E+02  0.323746E+02  0.272125E+02  0.000000E+00  0.000000E+00  0.000000E+00  0.322120E+02
  0.149505E+02  0.304894E+02  0.256270E+02  0.000000E+00  0.000000E+00  0.000000E+00  0.303362E+02
  0.154573E+02  0.287126E+02  0.241327E+02  0.000000E+00  0.000000E+00  0.000000E+00  0.285684E+02
  0.159812E+02  0.270382E+02  0.227245E+02  0.000000E+00  0.000000E+00  0.000000E+00  0.269023E+02
  0.165229E+02  0.254604E+02  0.213975E+02  0.000000E+00  0.000000E+00  0.000000E+00  0.253324E+02
  0.170829E+02  0.239738E+02  0.201472E+02  0.000000E+00  0.000000E+00  0.000000E+00  0.238532E+02
  0.176619E+02  0.225731E+02  0.189691E+02  0.000000E+00  0.000000E+00  0.000000E+00  0.224596E+02
  0.182606E+02  0.212533E+02  0.178591E+02  0.000000E+00  0.000000E+00  0.000000E+00  0.211464E+02
  0.188795E+02  0.200098E+02  0.168133E+02  0.000000E+00  0.000000E+00  0.000000E+00  0.199091E+02
  0.195195E+02  0.188384E+02  0.158281E+02  0.000000E+00  0.000000E+00  0.000000E+00  0.187436E+02
  0.201811E+02  0.177350E+02  0.149001E+02  0.000000E+00  0.000000E+00  0.000000E+00  0.176457E+02
  0.208651E+02  0.166955E+02  0.140258E+02  0.000000E+00  0.000000E+00  0.000000E+00  0.166114E+02
  0.215723E+02  0.157163E+02  0.132022E+02  0.000000E+00  0.000000E+00  0.000000E+00  0.156371E+02
  0.223035E+02  0.147940E+02  0.124265E+02  0.000000E+00  0.000000E+00  0.000000E+00  0.147194E+02
  0.230595E+02  0.139253E+02  0.116959E+02  0.000000E+00  0.000000E+00  0.000000E+00  0.138551E+02
  0.238411E+02  0.131072E+02  0.110077E+02  0.000000E+00  0.000000E+00  0.000000E+00  0.130410E+02
  0.246492E+02  0.123366E+02  0.103596E+02  0.000000E+00  0.000000E+00  0.000000E+00  0.122744E+02
  0.254847E+02  0.116110E+02  0.974927E+01  0.000000E+00  0.000000E+00  0.000000E+00  0.115523E+02
  0.263485E+02  0.109276E+02  0.917450E+01  0.000000E+00  0.000000E+00  0.000000E+00  0.108724E+02
  0.272416E+02  0.102841E+02  0.863324E+01  0.000000E+00  0.000000E+00  0.000000E+00  0.102321E+02
  0.281650E+02  0.967819E+01  0.812356E+01  0.000000E+00  0.000000E+00  0.000000E+00  0.962923E+01
  0.291196E+02  0.910768E+01  0.764367E+01  0.000000E+00  0.000000E+00  0.000000E+00  0.906157E+01
  0.301066E+02  0.857046E+01  0.719179E+01  0.000000E+00  0.000000E+00  0.000000E+00  0.852704E+01
  0.311271E+02  0.806468E+01  0.676634E+01  0.000000E+00  0.000000E+00  0.000000E+00  0.802378E+01
  0.321822E+02  0.758850E+01  0.636579E+01  0.000000E+00  0.000000E+00  0.000000E+00  0.754999E+01
  0.332730E+02  0.714020E+01  0.598869E+01  0.000000E+00  0.000000E+00  0.000000E+00  0.710393E+01
  0.344008E+02  0.671815E+01  0.563366E+01  0.000000E+00  0.000000E+00  0.000000E+00  0.668399E+01
  0.355668E+02  0.632087E+01  0.529946E+01  0.000000E+00  0.000000E+00  0.000000E+00  0.628870E+01
  0.367723E+02  0.594687E+01  0.498484E+01  0.000000E+00  0.000000E+00  0.000000E+00  0.591657E+01
  0.380187E+02  0.559483E+01  0.468869E+01  0.000000E+00  0.000000E+00  0.000000E+00  0.556629E+01
  0.393074E+02  0.526347E+01  0.440993E+01  0.000000E+00  0.000000E+00  0.000000E+00  0.523659E+01
  0.406397E+02  0.495159E+01  0.414755E+01  0.000000E+00  0.000000E+00  0.000000E+00  0.492626E+01
  0.420172E+02  0.465803E+01  0.390058E+01  0.000000E+00  0.000000E+00  0.000000E+00  0.463417E+01
  0.434414E+02  0.438175E+01  0.366814E+01  0.000000E+00  0.000000E+00  0.000000E+00  0.435928E+01
  0.449138E+02  0.412174E+01  0.344938E+01  0.000000E+00  0.000000E+00  0.000000E+00  0.410056E+01
  0.464362E+02  0.387703E+01  0.324350E+01  0.000000E+00  0.000000E+00  0.000000E+00  0.385708E+01
  0.480101E+02  0.364676E+01  0.304975E+01  0.000000E+00  0.000000E+00  0.000000E+00  0.362795E+01
  0.496375E+02  0.343005E+01  0.286741E+01  0.000000E+00  0.000000E+00  0.000000E+00  0.341233E+01
  0.513199E+02  0.322613E+01  0.269583E+01  0.000000E+00  0.000000E+00  0.000000E+00  0.320943E+01
  0.530594E+02  0.303425E+01  0.253437E+01  0.000000E+00  0.000000E+00  0.000000E+00  0.301850E+01
  0.548579E+02  0.285370E+01  0.238244E+01  0.000000E+00  0.000000E+00  0.000000E+00  0.283886E+01
  0.567173E+02  0.268382E+01  0.223949E+01  0.000000E+00  0.000000E+00  0.000000E+00  0.266982E+01
  0.586397E+02  0.252398E+01  0.210497E+01  0.000000E+00  0.000000E+00  0.000000E+00  0.251078E+01
  0.606273E+02  0.237359E+01  0.197842E+01  0.000000E+00  0.000000E+00  0.000000E+00  0.236115E+01
  0.626823E+02  0.223211E+01  0.185934E+01  0.000000E+00  0.000000E+00  0.000000E+00  0.222037E+01
  0.648069E+02  0.209900E+01  0.174731E+01  0.000000E+00  0.000000E+00  0.000000E+00  0.208792E+01
  0.670036E+02  0.197377E+01  0.164191E+01  0.000000E+00  0.000000E+00  0.000000E+00  0.196332E+01
  0.692747E+02  0.185597E+01  0.154276E+01  0.000000E+00  0.000000E+00  0.000000E+00  0.184611E+01
  0.716227E+02  0.174515E+01  0.144948E+01  0.000000E+00  0.000000E+00  0.000000E+00  0.173584E+01
  0.740504E+02  0.164091E+01  0.136172E+01  0.000000E+00  0.000000E+00  0.000000E+00  0.163212E+01
  0.765604E+02  0.154285E+01  0.127918E+01  0.000000E+00  0.000000E+00  0.000000E+00  0.153455E+01
  0.791553E+02  0.145062E+01  0.120152E+01  0.000000E+00  0.000000E+00  0.000000E+00  0.144277E+01
  0.818384E+02  0.136386E+01  0.112848E+01  0.000000E+00  0.000000E+00  0.000000E+00  0.135645E+01
  0.846122E+02  0.128226E+01  0.105978E+01  0.000000E+00  0.000000E+00  0.000000E+00  0.127526E+01
  0.874802E+02  0.120552E+01  0.995154E+00  0.000000E+00  0.000000E+00  0.000000E+00  0.119889E+01
  0.904453E+02  0.113333E+01  0.934371E+00  0.000000E+00  0.000000E+00  0.000000E+00  0.112707E+01
  0.935109E+02  0.106545E+01  0.877202E+00  0.000000E+00  0.000000E+00  0.000000E+00  0.105952E+01
  0.966806E+02  0.100160E+01  0.823430E+00  0.000000E+00  0.000000E+00  0.000000E+00  0.995989E+00
  0.999576E+02  0.941559E+00  0.772861E+00  0.000000E+00  0.000000E+00  0.000000E+00  0.936246E+00
  0.103346E+03  0.885095E+00  0.725302E+00  0.000000E+00  0.000000E+00  0.000000E+00  0.880062E+00
  0.106849E+03  0.831994E+00  0.680572E+00  0.000000E+00  0.000000E+00  0.000000E+00  0.827225E+00
  0.110470E+03  0.782063E+00  0.638510E+00  0.000000E+00  0.000000E+00  0.000000E+00  0.777542E+00
  0.114215E+03  0.735111E+00  0.598955E+00  0.000000E+00  0.000000E+00  0.000000E+00  0.730823E+00
  0.118086E+03  0.690961E+00  0.561759E+00  0.000000E+00  0.000000E+00  0.000000E+00  0.686892E+00
  0.122089E+03  0.649445E+00  0.526779E+00  0.000000E+00  0.000000E+00  0.000000E+00  0.645582E+00
  0.126227E+03  0.610411E+00  0.493889E+00  0.000000E+00  0.000000E+00  0.000000E+00  0.606741E+00
  0.130505E+03  0.573710E+00  0.462963E+00  0.000000E+00  0.000000E+00  0.000000E+00  0.570222E+00
  0.134928E+03  0.539203E+00  0.433885E+00  0.000000E+00  0.000000E+00  0.000000E+00  0.535886E+00
  0.139502E+03  0.506758E+00  0.406543E+00  0.000000E+00  0.000000E+00  0.000000E+00  0.503602E+00
  0.144230E+03  0.476256E+00  0.380838E+00  0.000000E+00  0.000000E+00  0.000000E+00  0.473250E+00
  0.149119E+03  0.447579E+00  0.356671E+00  0.000000E+00  0.000000E+00  0.000000E+00  0.444716E+00
  0.154173E+03  0.420619E+00  0.333951E+00  0.000000E+00  0.000000E+00  0.000000E+00  0.417889E+00
  0.159399E+03  0.395273E+00  0.312592E+00  0.000000E+00  0.000000E+00  0.000000E+00  0.392669E+00
  0.164802E+03  0.371446E+00  0.292514E+00  0.000000E+00  0.000000E+00  0.000000E+00  0.368960E+00
  0.170388E+03  0.349048E+00  0.273641E+00  0.000000E+00  0.000000E+00  0.000000E+00  0.346673E+00
  0.176164E+03  0.327992E+00  0.255901E+00  0.000000E+00  0.000000E+00  0.000000E+00  0.325721E+00
  0.182135E+03  0.308200E+00  0.239228E+00  0.000000E+00  0.000000E+00  0.000000E+00  0.306028E+00
  0.188308E+03  0.289596E+00  0.223558E+00  0.000000E+00  0.000000E+00  0.000000E+00  0.287516E+00
  0.194691E+03  0.272108E+00  0.208833E+00  0.000000E+00  0.000000E+00  0.000000E+00  0.270115E+00
  0.201290E+03  0.255669E+00  0.194995E+00  0.000000E+00  0.000000E+00  0.000000E+00  0.253758E+00
