    0.10880E-04    0.80740E+00
    0.11249E-04    0.83372E+00
    0.11630E-04    0.86090E+00
    0.12024E-04    0.88896E+00
    0.12432E-04    0.91795E+00
    0.12853E-04    0.94787E+00
    0.13289E-04    0.97877E+00
    0.13739E-04    0.10107E+01
    0.14205E-04    0.10436E+01
    0.14686E-04    0.10776E+01
    0.15184E-04    0.11128E+01
    0.15699E-04    0.11491E+01
    0.16231E-04    0.11865E+01
    0.16781E-04    0.12252E+01
    0.17350E-04    0.12651E+01
    0.17938E-04    0.13064E+01
    0.18546E-04    0.13490E+01
    0.19175E-04    0.13929E+01
    0.19825E-04    0.14384E+01
    0.20497E-04    0.14852E+01
    0.21191E-04    0.15337E+01
    0.21910E-04    0.15837E+01
    0.22652E-04    0.16353E+01
    0.23420E-04    0.16886E+01
    0.24214E-04    0.17436E+01
    0.25035E-04    0.18005E+01
    0.25883E-04    0.18592E+01
    0.26760E-04    0.19198E+01
    0.27667E-04    0.19824E+01
    0.28605E-04    0.20470E+01
    0.29575E-04    0.21137E+01
    0.30577E-04    0.21826E+01
    0.31614E-04    0.22538E+01
    0.32685E-04    0.23273E+01
    0.33793E-04    0.24031E+01
    0.34938E-04    0.24815E+01
    0.36123E-04    0.25624E+01
    0.37347E-04    0.26459E+01
    0.38613E-04    0.27321E+01
    0.39922E-04    0.28212E+01
    0.41275E-04    0.29132E+01
    0.42674E-04    0.30081E+01
    0.44120E-04    0.31062E+01
    0.45616E-04    0.32074E+01
    0.47162E-04    0.33120E+01
    0.48761E-04    0.34200E+01
    0.50413E-04    0.35315E+01
    0.52122E-04    0.36466E+01
    0.53889E-04    0.37654E+01
    0.55715E-04    0.38882E+01
    0.57604E-04    0.40149E+01
    0.59556E-04    0.41458E+01
    0.61575E-04    0.42809E+01
    0.63662E-04    0.44205E+01
    0.65820E-04    0.45646E+01
    0.68051E-04    0.47134E+01
    0.70357E-04    0.48670E+01
    0.72742E-04    0.50256E+01
    0.75208E-04    0.51894E+01
    0.77757E-04    0.53586E+01
    0.80393E-04    0.55332E+01
    0.83118E-04    0.57136E+01
    0.85935E-04    0.58998E+01
    0.88848E-04    0.60921E+01
    0.91859E-04    0.62907E+01
    0.94973E-04    0.64957E+01
    0.98192E-04    0.67074E+01
    0.10152E-03    0.69260E+01
    0.10496E-03    0.71517E+01
    0.10852E-03    0.73848E+01
    0.11220E-03    0.76254E+01
    0.11600E-03    0.78739E+01
    0.11993E-03    0.81305E+01
    0.12400E-03    0.83954E+01
    0.12820E-03    0.86690E+01
    0.13255E-03    0.89515E+01
    0.13704E-03    0.92431E+01
    0.14168E-03    0.95443E+01
    0.14648E-03    0.98552E+01
    0.15145E-03    0.10176E+02
    0.15658E-03    0.10508E+02
    0.16189E-03    0.10850E+02
    0.16738E-03    0.11204E+02
    0.17305E-03    0.11568E+02
    0.17892E-03    0.11945E+02
    0.18498E-03    0.12334E+02
    0.19125E-03    0.12736E+02
    0.19773E-03    0.13151E+02
    0.20444E-03    0.13579E+02
    0.21137E-03    0.14021E+02
    0.21853E-03    0.14477E+02
    0.22594E-03    0.14949E+02
    0.23360E-03    0.15435E+02
    0.24151E-03    0.15938E+02
    0.24970E-03    0.16456E+02
    0.25816E-03    0.16992E+02
    0.26691E-03    0.17545E+02
    0.27596E-03    0.18115E+02
    0.28531E-03    0.18704E+02
    0.29498E-03    0.19313E+02
    0.30498E-03    0.19941E+02
    0.31532E-03    0.20589E+02
    0.32601E-03    0.21258E+02
    0.33706E-03    0.21949E+02
    0.34848E-03    0.22662E+02
    0.36029E-03    0.23398E+02
    0.37251E-03    0.24158E+02
    0.38513E-03    0.24942E+02
    0.39819E-03    0.25751E+02
    0.41168E-03    0.26587E+02
    0.42564E-03    0.27449E+02
    0.44006E-03    0.28339E+02
    0.45498E-03    0.29257E+02
    0.47040E-03    0.30205E+02
    0.48635E-03    0.31183E+02
    0.50283E-03    0.32193E+02
    0.51988E-03    0.33234E+02
    0.53750E-03    0.34309E+02
    0.55572E-03    0.35418E+02
    0.57455E-03    0.36562E+02
    0.59403E-03    0.37742E+02
    0.61416E-03    0.38959E+02
    0.63498E-03    0.40215E+02
    0.65650E-03    0.41510E+02
    0.67875E-03    0.42846E+02
    0.70176E-03    0.44224E+02
    0.72554E-03    0.45645E+02
    0.75014E-03    0.47110E+02
    0.77556E-03    0.48621E+02
    0.80185E-03    0.50178E+02
    0.82903E-03    0.51783E+02
    0.85713E-03    0.53438E+02
    0.88618E-03    0.55143E+02
    0.91622E-03    0.56900E+02
    0.94727E-03    0.58711E+02
    0.97938E-03    0.60576E+02
    0.10126E-02    0.62497E+02
    0.10469E-02    0.64476E+02
    0.10824E-02    0.66514E+02
    0.11191E-02    0.68612E+02
    0.11570E-02    0.70771E+02
    0.11962E-02    0.72994E+02
    0.12368E-02    0.75281E+02
    0.12787E-02    0.77634E+02
    0.13220E-02    0.80055E+02
    0.13668E-02    0.82544E+02
    0.14132E-02    0.85104E+02
    0.14611E-02    0.87735E+02
    0.15106E-02    0.90438E+02
    0.15618E-02    0.93216E+02
    0.16147E-02    0.96070E+02
    0.16695E-02    0.99000E+02
    0.17260E-02    0.10201E+03
    0.17846E-02    0.10510E+03
    0.18450E-02    0.10826E+03
    0.19076E-02    0.11151E+03
    0.19722E-02    0.11484E+03
    0.20391E-02    0.11826E+03
    0.21082E-02    0.12176E+03
    0.21797E-02    0.12534E+03
    0.22535E-02    0.12901E+03
    0.23299E-02    0.13277E+03
    0.24089E-02    0.13662E+03
    0.24905E-02    0.14055E+03
    0.25750E-02    0.14457E+03
    0.26622E-02    0.14868E+03
    0.27525E-02    0.15288E+03
    0.28458E-02    0.15717E+03
    0.29422E-02    0.16155E+03
    0.30420E-02    0.16602E+03
    0.31451E-02    0.17057E+03
    0.32517E-02    0.17522E+03
    0.33619E-02    0.17995E+03
    0.34758E-02    0.18477E+03
    0.35936E-02    0.18967E+03
    0.37155E-02    0.19465E+03
    0.38414E-02    0.19971E+03
    0.39716E-02    0.20486E+03
    0.41062E-02    0.21008E+03
    0.42454E-02    0.21537E+03
    0.43893E-02    0.22074E+03
    0.45381E-02    0.22617E+03
    0.46919E-02    0.23167E+03
    0.48509E-02    0.23722E+03
    0.50153E-02    0.24283E+03
    0.51853E-02    0.24850E+03
    0.53611E-02    0.25420E+03
    0.55428E-02    0.25995E+03
    0.57307E-02    0.26573E+03
    0.59249E-02    0.27154E+03
    0.61257E-02    0.27736E+03
    0.63334E-02    0.28320E+03
    0.65481E-02    0.28905E+03
    0.67700E-02    0.29488E+03
    0.69995E-02    0.30071E+03
    0.72367E-02    0.30651E+03
    0.74820E-02    0.31228E+03
    0.77356E-02    0.31800E+03
    0.79978E-02    0.32366E+03
    0.82689E-02    0.32926E+03
    0.85492E-02    0.33478E+03
    0.88389E-02    0.34020E+03
    0.91385E-02    0.34551E+03
    0.94483E-02    0.35070E+03
    0.97685E-02    0.35575E+03
    0.10100E-01    0.36064E+03
    0.10442E-01    0.36536E+03
    0.10796E-01    0.36990E+03
    0.11162E-01    0.37422E+03
    0.11540E-01    0.37832E+03
    0.11931E-01    0.38218E+03
    0.12336E-01    0.38577E+03
    0.12754E-01    0.38908E+03
    0.13186E-01    0.39209E+03
    0.13633E-01    0.39478E+03
    0.14095E-01    0.39712E+03
    0.14573E-01    0.39909E+03
    0.15067E-01    0.40068E+03
    0.15578E-01    0.40187E+03
    0.16106E-01    0.40264E+03
    0.16652E-01    0.40296E+03
    0.17216E-01    0.40282E+03
    0.17799E-01    0.40221E+03
    0.18403E-01    0.40110E+03
    0.19027E-01    0.39949E+03
    0.19671E-01    0.39737E+03
    0.20338E-01    0.39472E+03
    0.21028E-01    0.39154E+03
    0.21740E-01    0.38784E+03
    0.22477E-01    0.38360E+03
    0.23239E-01    0.37884E+03
    0.24027E-01    0.37356E+03
    0.24841E-01    0.36779E+03
    0.25683E-01    0.36154E+03
    0.26554E-01    0.35483E+03
    0.27454E-01    0.34770E+03
    0.28384E-01    0.34018E+03
    0.29346E-01    0.33231E+03
    0.30341E-01    0.32415E+03
    0.31369E-01    0.31574E+03
    0.32433E-01    0.30715E+03
    0.33532E-01    0.29843E+03
    0.34669E-01    0.28965E+03
    0.35844E-01    0.28087E+03
    0.37059E-01    0.27217E+03
    0.38315E-01    0.26353E+03
    0.39613E-01    0.25504E+03
    0.40956E-01    0.24681E+03
    0.42344E-01    0.23893E+03
    0.43780E-01    0.23144E+03
    0.45263E-01    0.22438E+03
    0.46798E-01    0.21778E+03
    0.48384E-01    0.21164E+03
    0.50024E-01    0.20593E+03
    0.51719E-01    0.20063E+03
    0.53472E-01    0.19568E+03
    0.55285E-01    0.19102E+03
    0.57159E-01    0.18662E+03
    0.59096E-01    0.18245E+03
    0.61099E-01    0.17870E+03
    0.63170E-01    0.17468E+03
    0.65311E-01    0.17052E+03
    0.67525E-01    0.16612E+03
    0.69814E-01    0.16138E+03
    0.72180E-01    0.15620E+03
    0.74627E-01    0.15054E+03
    0.77156E-01    0.14440E+03
    0.79772E-01    0.13783E+03
    0.82475E-01    0.13093E+03
    0.85271E-01    0.12383E+03
    0.88161E-01    0.11671E+03
    0.91150E-01    0.10973E+03
    0.94239E-01    0.10308E+03
    0.97433E-01    0.96922E+02
    0.10074E+00    0.91409E+02
    0.10415E+00    0.86638E+02
    0.10768E+00    0.82631E+02
    0.11133E+00    0.79332E+02
    0.11510E+00    0.76609E+02
    0.11901E+00    0.74280E+02
    0.12304E+00    0.72126E+02
    0.12721E+00    0.69896E+02
    0.13152E+00    0.67347E+02
    0.13598E+00    0.64310E+02
    0.14059E+00    0.60768E+02
    0.14535E+00    0.56875E+02
    0.15028E+00    0.52877E+02
    0.15537E+00    0.49025E+02
    0.16064E+00    0.45543E+02
    0.16609E+00    0.42620E+02
    0.17171E+00    0.40337E+02
    0.17753E+00    0.38598E+02
    0.18355E+00    0.37165E+02
    0.18977E+00    0.35766E+02
    0.19621E+00    0.34181E+02
    0.20286E+00    0.32287E+02
    0.20973E+00    0.30121E+02
    0.21684E+00    0.27880E+02
    0.22419E+00    0.25808E+02
    0.23179E+00    0.24085E+02
    0.23965E+00    0.22750E+02
    0.24777E+00    0.21680E+02
    0.25617E+00    0.20662E+02
    0.26485E+00    0.19530E+02
    0.27383E+00    0.18250E+02
    0.28311E+00    0.16923E+02
    0.29271E+00    0.15716E+02
    0.30263E+00    0.14719E+02
    0.31288E+00    0.13894E+02
    0.32349E+00    0.13127E+02
    0.33445E+00    0.12313E+02
    0.34579E+00    0.11461E+02
    0.35751E+00    0.10654E+02
    0.36963E+00    0.99549E+01
    0.38216E+00    0.93463E+01
    0.39511E+00    0.87635E+01
    0.40850E+00    0.81736E+01
    0.42235E+00    0.76049E+01
    0.43667E+00    0.70929E+01
    0.45147E+00    0.66325E+01
    0.46677E+00    0.61924E+01
    0.48259E+00    0.57651E+01
    0.49895E+00    0.53677E+01
    0.51586E+00    0.50048E+01
    0.53334E+00    0.46640E+01
    0.55142E+00    0.43396E+01
    0.57011E+00    0.40378E+01
    0.58944E+00    0.37584E+01
    0.60942E+00    0.34958E+01
    0.63007E+00    0.32496E+01
    0.65143E+00    0.30209E+01
    0.67351E+00    0.28075E+01
    0.69634E+00    0.26079E+01
    0.71994E+00    0.24221E+01
    0.74434E+00    0.22489E+01
    0.76957E+00    0.20874E+01
    0.79566E+00    0.19371E+01
    0.82263E+00    0.17970E+01
    0.85051E+00    0.16666E+01
    0.87934E+00    0.15453E+01
    0.90914E+00    0.14324E+01
    0.93996E+00    0.13275E+01
    0.97182E+00    0.12299E+01
    0.10048E+01    0.11392E+01
    0.10388E+01    0.10550E+01
    0.10740E+01    0.97671E+00
    0.11104E+01    0.90405E+00
    0.11481E+01    0.83658E+00
    0.11870E+01    0.77399E+00
    0.12272E+01    0.71593E+00
    0.12688E+01    0.66207E+00
    0.13118E+01    0.61213E+00
    0.13563E+01    0.56583E+00
    0.14023E+01    0.52293E+00
    0.14498E+01    0.48317E+00
    0.14989E+01    0.44635E+00
    0.15497E+01    0.41225E+00
    0.16023E+01    0.38068E+00
    0.16566E+01    0.35147E+00
    0.17127E+01    0.32443E+00
    0.17708E+01    0.29941E+00
    0.18308E+01    0.27627E+00
    0.18928E+01    0.25487E+00
    0.19570E+01    0.23509E+00
    0.20233E+01    0.21680E+00
    0.20919E+01    0.19990E+00
    0.21628E+01    0.18429E+00
    0.22361E+01    0.16986E+00
    0.23119E+01    0.15654E+00
    0.23903E+01    0.14424E+00
    0.24713E+01    0.13289E+00
    0.25551E+01    0.12240E+00
    0.26417E+01    0.11273E+00
    0.27312E+01    0.10381E+00
    0.28238E+01    0.95575E-01
    0.29195E+01    0.87981E-01
    0.30185E+01    0.80979E-01
    0.31208E+01    0.74522E-01
    0.32265E+01    0.68571E-01
    0.33359E+01    0.63086E-01
    0.34490E+01    0.58031E-01
    0.35659E+01    0.53374E-01
    0.36868E+01    0.49084E-01
    0.38117E+01    0.45132E-01
    0.39409E+01    0.41493E-01
    0.40745E+01    0.38142E-01
    0.42126E+01    0.35058E-01
    0.43554E+01    0.32219E-01
    0.45030E+01    0.29605E-01
    0.46556E+01    0.27201E-01
    0.48134E+01    0.24988E-01
    0.49766E+01    0.22953E-01
    0.51453E+01    0.21081E-01
    0.53197E+01    0.19359E-01
    0.55000E+01    0.17776E-01
    0.56864E+01    0.16320E-01
    0.58791E+01    0.14982E-01
    0.60784E+01    0.13752E-01
    0.62845E+01    0.12622E-01
    0.64975E+01    0.11583E-01
    0.67177E+01    0.10628E-01
    0.69454E+01    0.97514E-02
    0.71808E+01    0.89459E-02
    0.74242E+01    0.82061E-02
    0.76759E+01    0.75267E-02
    0.79360E+01    0.69029E-02
    0.82050E+01    0.63301E-02
    0.84831E+01    0.58042E-02
    0.87707E+01    0.53215E-02
    0.90679E+01    0.48785E-02
    0.93753E+01    0.44719E-02
    0.96931E+01    0.40988E-02
    0.10022E+02    0.37565E-02
    0.10361E+02    0.34425E-02
    0.10713E+02    0.31544E-02
    0.11076E+02    0.28902E-02
    0.11451E+02    0.26478E-02
    0.11839E+02    0.24256E-02
    0.12240E+02    0.22218E-02
    0.12655E+02    0.20349E-02
    0.13084E+02    0.18637E-02
    0.13528E+02    0.17066E-02
    0.13986E+02    0.15627E-02
    0.14460E+02    0.14308E-02
    0.14951E+02    0.13100E-02
    0.15457E+02    0.11992E-02
    0.15981E+02    0.10977E-02
    0.16523E+02    0.10047E-02
    0.17083E+02    0.91954E-03
    0.17662E+02    0.84152E-03
    0.18261E+02    0.77006E-03
    0.18880E+02    0.70461E-03
    0.19519E+02    0.64468E-03
    0.20181E+02    0.58980E-03
    0.20865E+02    0.53955E-03
    0.21572E+02    0.49354E-03
    0.22304E+02    0.45143E-03
    0.23060E+02    0.41288E-03
    0.23841E+02    0.37759E-03
    0.24649E+02    0.34529E-03
    0.25485E+02    0.31574E-03
    0.26349E+02    0.28869E-03
    0.27242E+02    0.26394E-03
    0.28165E+02    0.24130E-03
    0.29120E+02    0.22058E-03
    0.30107E+02    0.20163E-03
    0.31127E+02    0.18429E-03
    0.32182E+02    0.16843E-03
    0.33273E+02    0.15393E-03
    0.34401E+02    0.14067E-03
    0.35567E+02    0.12854E-03
    0.36772E+02    0.11744E-03
    0.38019E+02    0.10730E-03
    0.39307E+02    0.98028E-04
    0.40640E+02    0.89551E-04
    0.42017E+02    0.81801E-04
    0.43441E+02    0.74717E-04
    0.44914E+02    0.68241E-04
    0.46436E+02    0.62323E-04
    0.48010E+02    0.56914E-04
    0.49637E+02    0.51971E-04
    0.51320E+02    0.47454E-04
    0.53059E+02    0.43326E-04
    0.54858E+02    0.39555E-04
    0.56717E+02    0.36110E-04
    0.58640E+02    0.32962E-04
    0.60627E+02    0.30087E-04
    0.62682E+02    0.27460E-04
    0.64807E+02    0.25061E-04
    0.67004E+02    0.22870E-04
    0.69275E+02    0.20868E-04
    0.71623E+02    0.19041E-04
    0.74050E+02    0.17372E-04
    0.76560E+02    0.15848E-04
    0.79155E+02    0.14457E-04
    0.81838E+02    0.13187E-04
    0.84612E+02    0.12027E-04
    0.87480E+02    0.10968E-04
    0.90445E+02    0.10002E-04
    0.93511E+02    0.91199E-05
    0.96681E+02    0.83149E-05
    0.99958E+02    0.75802E-05
    0.10335E+03    0.69097E-05
    0.10685E+03    0.62979E-05
    0.11047E+03    0.57397E-05
    0.11421E+03    0.52304E-05
    0.11809E+03    0.47657E-05
    0.12209E+03    0.43418E-05
    0.12623E+03    0.39551E-05
    0.13051E+03    0.36024E-05
    0.13493E+03    0.32808E-05
    0.13950E+03    0.29874E-05
    0.14423E+03    0.27199E-05
    0.14912E+03    0.24760E-05
    0.15417E+03    0.22536E-05
    0.15940E+03    0.20509E-05
    0.16480E+03    0.18661E-05
    0.17039E+03    0.16976E-05
    0.17616E+03    0.15441E-05
    0.18213E+03    0.14042E-05
    0.18831E+03    0.12767E-05
    0.19469E+03    0.11605E-05
    0.20129E+03    0.10547E-05
