    0.10880E-04    0.61050E-02
    0.11249E-04    0.63040E-02
    0.11630E-04    0.65095E-02
    0.12024E-04    0.67217E-02
    0.12432E-04    0.69408E-02
    0.12853E-04    0.71671E-02
    0.13289E-04    0.74008E-02
    0.13739E-04    0.76420E-02
    0.14205E-04    0.78912E-02
    0.14686E-04    0.81484E-02
    0.15184E-04    0.84141E-02
    0.15699E-04    0.86884E-02
    0.16231E-04    0.89716E-02
    0.16781E-04    0.92641E-02
    0.17350E-04    0.95661E-02
    0.17938E-04    0.98779E-02
    0.18546E-04    0.10200E-01
    0.19175E-04    0.10532E-01
    0.19825E-04    0.10876E-01
    0.20497E-04    0.11230E-01
    0.21191E-04    0.11596E-01
    0.21910E-04    0.11975E-01
    0.22652E-04    0.12365E-01
    0.23420E-04    0.12768E-01
    0.24214E-04    0.13184E-01
    0.25035E-04    0.13614E-01
    0.25883E-04    0.14058E-01
    0.26760E-04    0.14516E-01
    0.27667E-04    0.14989E-01
    0.28605E-04    0.15478E-01
    0.29575E-04    0.15983E-01
    0.30577E-04    0.16504E-01
    0.31614E-04    0.17042E-01
    0.32685E-04    0.17597E-01
    0.33793E-04    0.18171E-01
    0.34938E-04    0.18763E-01
    0.36123E-04    0.19375E-01
    0.37347E-04    0.20007E-01
    0.38613E-04    0.20659E-01
    0.39922E-04    0.21332E-01
    0.41275E-04    0.22028E-01
    0.42674E-04    0.22746E-01
    0.44120E-04    0.23487E-01
    0.45616E-04    0.24253E-01
    0.47162E-04    0.25044E-01
    0.48761E-04    0.25860E-01
    0.50413E-04    0.26703E-01
    0.52122E-04    0.27573E-01
    0.53889E-04    0.28472E-01
    0.55715E-04    0.29400E-01
    0.57604E-04    0.30359E-01
    0.59556E-04    0.31349E-01
    0.61575E-04    0.32371E-01
    0.63662E-04    0.33426E-01
    0.65820E-04    0.34515E-01
    0.68051E-04    0.35641E-01
    0.70357E-04    0.36802E-01
    0.72742E-04    0.38002E-01
    0.75208E-04    0.39241E-01
    0.77757E-04    0.40520E-01
    0.80393E-04    0.41841E-01
    0.83118E-04    0.43205E-01
    0.85935E-04    0.44613E-01
    0.88848E-04    0.46068E-01
    0.91859E-04    0.47569E-01
    0.94973E-04    0.49120E-01
    0.98192E-04    0.50721E-01
    0.10152E-03    0.52374E-01
    0.10496E-03    0.54082E-01
    0.10852E-03    0.55845E-01
    0.11220E-03    0.57665E-01
    0.11600E-03    0.59545E-01
    0.11993E-03    0.61485E-01
    0.12400E-03    0.63490E-01
    0.12820E-03    0.65559E-01
    0.13255E-03    0.67696E-01
    0.13704E-03    0.69902E-01
    0.14168E-03    0.72181E-01
    0.14648E-03    0.74533E-01
    0.15145E-03    0.76963E-01
    0.15658E-03    0.79471E-01
    0.16189E-03    0.82061E-01
    0.16738E-03    0.84736E-01
    0.17305E-03    0.87498E-01
    0.17892E-03    0.90349E-01
    0.18498E-03    0.93294E-01
    0.19125E-03    0.96334E-01
    0.19773E-03    0.99473E-01
    0.20444E-03    0.10271E+00
    0.21137E-03    0.10606E+00
    0.21853E-03    0.10952E+00
    0.22594E-03    0.11309E+00
    0.23360E-03    0.11677E+00
    0.24151E-03    0.12058E+00
    0.24970E-03    0.12450E+00
    0.25816E-03    0.12856E+00
    0.26691E-03    0.13275E+00
    0.27596E-03    0.13707E+00
    0.28531E-03    0.14154E+00
    0.29498E-03    0.14615E+00
    0.30498E-03    0.15091E+00
    0.31532E-03    0.15583E+00
    0.32601E-03    0.16090E+00
    0.33706E-03    0.16614E+00
    0.34848E-03    0.17155E+00
    0.36029E-03    0.17714E+00
    0.37251E-03    0.18290E+00
    0.38513E-03    0.18886E+00
    0.39819E-03    0.19501E+00
    0.41168E-03    0.20135E+00
    0.42564E-03    0.20791E+00
    0.44006E-03    0.21467E+00
    0.45498E-03    0.22166E+00
    0.47040E-03    0.22887E+00
    0.48635E-03    0.23631E+00
    0.50283E-03    0.24400E+00
    0.51988E-03    0.25194E+00
    0.53750E-03    0.26013E+00
    0.55572E-03    0.26858E+00
    0.57455E-03    0.27731E+00
    0.59403E-03    0.28632E+00
    0.61416E-03    0.29563E+00
    0.63498E-03    0.30523E+00
    0.65650E-03    0.31514E+00
    0.67875E-03    0.32537E+00
    0.70176E-03    0.33593E+00
    0.72554E-03    0.34683E+00
    0.75014E-03    0.35808E+00
    0.77556E-03    0.36968E+00
    0.80185E-03    0.38167E+00
    0.82903E-03    0.39403E+00
    0.85713E-03    0.40679E+00
    0.88618E-03    0.41996E+00
    0.91622E-03    0.43354E+00
    0.94727E-03    0.44756E+00
    0.97938E-03    0.46202E+00
    0.10126E-02    0.47694E+00
    0.10469E-02    0.49234E+00
    0.10824E-02    0.50822E+00
    0.11191E-02    0.52459E+00
    0.11570E-02    0.54149E+00
    0.11962E-02    0.55891E+00
    0.12368E-02    0.57688E+00
    0.12787E-02    0.59541E+00
    0.13220E-02    0.61451E+00
    0.13668E-02    0.63420E+00
    0.14132E-02    0.65450E+00
    0.14611E-02    0.67543E+00
    0.15106E-02    0.69699E+00
    0.15618E-02    0.71922E+00
    0.16147E-02    0.74211E+00
    0.16695E-02    0.76570E+00
    0.17260E-02    0.78999E+00
    0.17846E-02    0.81501E+00
    0.18450E-02    0.84077E+00
    0.19076E-02    0.86728E+00
    0.19722E-02    0.89457E+00
    0.20391E-02    0.92265E+00
    0.21082E-02    0.95154E+00
    0.21797E-02    0.98125E+00
    0.22535E-02    0.10118E+01
    0.23299E-02    0.10432E+01
    0.24089E-02    0.10755E+01
    0.24905E-02    0.11086E+01
    0.25750E-02    0.11426E+01
    0.26622E-02    0.11776E+01
    0.27525E-02    0.12134E+01
    0.28458E-02    0.12502E+01
    0.29422E-02    0.12879E+01
    0.30420E-02    0.13265E+01
    0.31451E-02    0.13661E+01
    0.32517E-02    0.14066E+01
    0.33619E-02    0.14481E+01
    0.34758E-02    0.14904E+01
    0.35936E-02    0.15337E+01
    0.37155E-02    0.15779E+01
    0.38414E-02    0.16230E+01
    0.39716E-02    0.16690E+01
    0.41062E-02    0.17159E+01
    0.42454E-02    0.17636E+01
    0.43893E-02    0.18121E+01
    0.45381E-02    0.18614E+01
    0.46919E-02    0.19115E+01
    0.48509E-02    0.19622E+01
    0.50153E-02    0.20136E+01
    0.51853E-02    0.20655E+01
    0.53611E-02    0.21181E+01
    0.55428E-02    0.21711E+01
    0.57307E-02    0.22245E+01
    0.59249E-02    0.22782E+01
    0.61257E-02    0.23322E+01
    0.63334E-02    0.23863E+01
    0.65481E-02    0.24405E+01
    0.67700E-02    0.24947E+01
    0.69995E-02    0.25488E+01
    0.72367E-02    0.26027E+01
    0.74820E-02    0.26562E+01
    0.77356E-02    0.27093E+01
    0.79978E-02    0.27618E+01
    0.82689E-02    0.28136E+01
    0.85492E-02    0.28647E+01
    0.88389E-02    0.29148E+01
    0.91385E-02    0.29639E+01
    0.94483E-02    0.30117E+01
    0.97685E-02    0.30583E+01
    0.10100E-01    0.31034E+01
    0.10442E-01    0.31470E+01
    0.10796E-01    0.31888E+01
    0.11162E-01    0.32287E+01
    0.11540E-01    0.32666E+01
    0.11931E-01    0.33023E+01
    0.12336E-01    0.33356E+01
    0.12754E-01    0.33665E+01
    0.13186E-01    0.33946E+01
    0.13633E-01    0.34199E+01
    0.14095E-01    0.34422E+01
    0.14573E-01    0.34612E+01
    0.15067E-01    0.34768E+01
    0.15578E-01    0.34889E+01
    0.16106E-01    0.34972E+01
    0.16652E-01    0.35015E+01
    0.17216E-01    0.35018E+01
    0.17799E-01    0.34979E+01
    0.18403E-01    0.34895E+01
    0.19027E-01    0.34767E+01
    0.19671E-01    0.34594E+01
    0.20338E-01    0.34374E+01
    0.21028E-01    0.34108E+01
    0.21740E-01    0.33794E+01
    0.22477E-01    0.33434E+01
    0.23239E-01    0.33028E+01
    0.24027E-01    0.32576E+01
    0.24841E-01    0.32080E+01
    0.25683E-01    0.31542E+01
    0.26554E-01    0.30964E+01
    0.27454E-01    0.30348E+01
    0.28384E-01    0.29698E+01
    0.29346E-01    0.29017E+01
    0.30341E-01    0.28309E+01
    0.31369E-01    0.27580E+01
    0.32433E-01    0.26834E+01
    0.33532E-01    0.26076E+01
    0.34669E-01    0.25312E+01
    0.35844E-01    0.24549E+01
    0.37059E-01    0.23792E+01
    0.38315E-01    0.23039E+01
    0.39613E-01    0.22300E+01
    0.40956E-01    0.21583E+01
    0.42344E-01    0.20896E+01
    0.43780E-01    0.20242E+01
    0.45263E-01    0.19626E+01
    0.46798E-01    0.19049E+01
    0.48384E-01    0.18512E+01
    0.50024E-01    0.18013E+01
    0.51719E-01    0.17549E+01
    0.53472E-01    0.17116E+01
    0.55285E-01    0.16710E+01
    0.57159E-01    0.16325E+01
    0.59096E-01    0.15961E+01
    0.61099E-01    0.15631E+01
    0.63170E-01    0.15279E+01
    0.65311E-01    0.14916E+01
    0.67525E-01    0.14531E+01
    0.69814E-01    0.14116E+01
    0.72180E-01    0.13664E+01
    0.74627E-01    0.13170E+01
    0.77156E-01    0.12634E+01
    0.79772E-01    0.12060E+01
    0.82475E-01    0.11457E+01
    0.85271E-01    0.10838E+01
    0.88161E-01    0.10215E+01
    0.91150E-01    0.96052E+00
    0.94239E-01    0.90234E+00
    0.97433E-01    0.84849E+00
    0.10074E+00    0.80025E+00
    0.10415E+00    0.75848E+00
    0.10768E+00    0.72339E+00
    0.11133E+00    0.69446E+00
    0.11510E+00    0.67058E+00
    0.11901E+00    0.65014E+00
    0.12304E+00    0.63122E+00
    0.12721E+00    0.61166E+00
    0.13152E+00    0.58933E+00
    0.13598E+00    0.56277E+00
    0.14059E+00    0.53183E+00
    0.14535E+00    0.49783E+00
    0.15028E+00    0.46288E+00
    0.15537E+00    0.42919E+00
    0.16064E+00    0.39875E+00
    0.16609E+00    0.37317E+00
    0.17171E+00    0.35316E+00
    0.17753E+00    0.33790E+00
    0.18355E+00    0.32531E+00
    0.18977E+00    0.31305E+00
    0.19621E+00    0.29917E+00
    0.20286E+00    0.28260E+00
    0.20973E+00    0.26366E+00
    0.21684E+00    0.24407E+00
    0.22419E+00    0.22595E+00
    0.23179E+00    0.21087E+00
    0.23965E+00    0.19917E+00
    0.24777E+00    0.18979E+00
    0.25617E+00    0.18086E+00
    0.26485E+00    0.17096E+00
    0.27383E+00    0.15976E+00
    0.28311E+00    0.14815E+00
    0.29271E+00    0.13759E+00
    0.30263E+00    0.12886E+00
    0.31288E+00    0.12163E+00
    0.32349E+00    0.11491E+00
    0.33445E+00    0.10779E+00
    0.34579E+00    0.10034E+00
    0.35751E+00    0.93270E-01
    0.36963E+00    0.87151E-01
    0.38216E+00    0.81821E-01
    0.39511E+00    0.76719E-01
    0.40850E+00    0.71556E-01
    0.42235E+00    0.66578E-01
    0.43667E+00    0.62096E-01
    0.45147E+00    0.58064E-01
    0.46677E+00    0.54211E-01
    0.48259E+00    0.50471E-01
    0.49895E+00    0.46992E-01
    0.51586E+00    0.43815E-01
    0.53334E+00    0.40831E-01
    0.55142E+00    0.37992E-01
    0.57011E+00    0.35349E-01
    0.58944E+00    0.32903E-01
    0.60942E+00    0.30604E-01
    0.63007E+00    0.28449E-01
    0.65143E+00    0.26447E-01
    0.67351E+00    0.24578E-01
    0.69634E+00    0.22831E-01
    0.71994E+00    0.21205E-01
    0.74434E+00    0.19688E-01
    0.76957E+00    0.18275E-01
    0.79566E+00    0.16958E-01
    0.82263E+00    0.15732E-01
    0.85051E+00    0.14591E-01
    0.87934E+00    0.13528E-01
    0.90914E+00    0.12540E-01
    0.93996E+00    0.11622E-01
    0.97182E+00    0.10767E-01
    0.10048E+01    0.99736E-02
    0.10388E+01    0.92361E-02
    0.10740E+01    0.85509E-02
    0.11104E+01    0.79147E-02
    0.11481E+01    0.73241E-02
    0.11870E+01    0.67762E-02
    0.12272E+01    0.62678E-02
    0.12688E+01    0.57963E-02
    0.13118E+01    0.53591E-02
    0.13563E+01    0.49538E-02
    0.14023E+01    0.45781E-02
    0.14498E+01    0.42301E-02
    0.14989E+01    0.39077E-02
    0.15497E+01    0.36092E-02
    0.16023E+01    0.33328E-02
    0.16566E+01    0.30770E-02
    0.17127E+01    0.28403E-02
    0.17708E+01    0.26213E-02
    0.18308E+01    0.24187E-02
    0.18928E+01    0.22313E-02
    0.19570E+01    0.20581E-02
    0.20233E+01    0.18981E-02
    0.20919E+01    0.17501E-02
    0.21628E+01    0.16134E-02
    0.22361E+01    0.14871E-02
    0.23119E+01    0.13705E-02
    0.23903E+01    0.12628E-02
    0.24713E+01    0.11634E-02
    0.25551E+01    0.10716E-02
    0.26417E+01    0.98696E-03
    0.27312E+01    0.90883E-03
    0.28238E+01    0.83675E-03
    0.29195E+01    0.77027E-03
    0.30185E+01    0.70896E-03
    0.31208E+01    0.65244E-03
    0.32265E+01    0.60034E-03
    0.33359E+01    0.55232E-03
    0.34490E+01    0.50806E-03
    0.35659E+01    0.46729E-03
    0.36868E+01    0.42973E-03
    0.38117E+01    0.39513E-03
    0.39409E+01    0.36328E-03
    0.40745E+01    0.33394E-03
    0.42126E+01    0.30693E-03
    0.43554E+01    0.28207E-03
    0.45030E+01    0.25920E-03
    0.46556E+01    0.23814E-03
    0.48134E+01    0.21877E-03
    0.49766E+01    0.20095E-03
    0.51453E+01    0.18456E-03
    0.53197E+01    0.16949E-03
    0.55000E+01    0.15563E-03
    0.56864E+01    0.14289E-03
    0.58791E+01    0.13117E-03
    0.60784E+01    0.12040E-03
    0.62845E+01    0.11050E-03
    0.64975E+01    0.10141E-03
    0.67177E+01    0.93053E-04
    0.69454E+01    0.85377E-04
    0.71808E+01    0.78324E-04
    0.74242E+01    0.71848E-04
    0.76759E+01    0.65899E-04
    0.79360E+01    0.60437E-04
    0.82050E+01    0.55422E-04
    0.84831E+01    0.50819E-04
    0.87707E+01    0.46593E-04
    0.90679E+01    0.42714E-04
    0.93753E+01    0.39154E-04
    0.96931E+01    0.35888E-04
    0.10022E+02    0.32891E-04
    0.10361E+02    0.30141E-04
    0.10713E+02    0.27619E-04
    0.11076E+02    0.25306E-04
    0.11451E+02    0.23184E-04
    0.11839E+02    0.21238E-04
    0.12240E+02    0.19454E-04
    0.12655E+02    0.17818E-04
    0.13084E+02    0.16319E-04
    0.13528E+02    0.14944E-04
    0.13986E+02    0.13684E-04
    0.14460E+02    0.12529E-04
    0.14951E+02    0.11471E-04
    0.15457E+02    0.10501E-04
    0.15981E+02    0.96123E-05
    0.16523E+02    0.87982E-05
    0.17083E+02    0.80525E-05
    0.17662E+02    0.73694E-05
    0.18261E+02    0.67437E-05
    0.18880E+02    0.61706E-05
    0.19519E+02    0.56459E-05
    0.20181E+02    0.51654E-05
    0.20865E+02    0.47254E-05
    0.21572E+02    0.43226E-05
    0.22304E+02    0.39538E-05
    0.23060E+02    0.36163E-05
    0.23841E+02    0.33073E-05
    0.24649E+02    0.30245E-05
    0.25485E+02    0.27657E-05
    0.26349E+02    0.25289E-05
    0.27242E+02    0.23122E-05
    0.28165E+02    0.21139E-05
    0.29120E+02    0.19325E-05
    0.30107E+02    0.17665E-05
    0.31127E+02    0.16147E-05
    0.32182E+02    0.14759E-05
    0.33273E+02    0.13489E-05
    0.34401E+02    0.12327E-05
    0.35567E+02    0.11265E-05
    0.36772E+02    0.10293E-05
    0.38019E+02    0.94052E-06
    0.39307E+02    0.85931E-06
    0.40640E+02    0.78506E-06
    0.42017E+02    0.71719E-06
    0.43441E+02    0.65514E-06
    0.44914E+02    0.59842E-06
    0.46436E+02    0.54658E-06
    0.48010E+02    0.49921E-06
    0.49637E+02    0.45591E-06
    0.51320E+02    0.41634E-06
    0.53059E+02    0.38018E-06
    0.54858E+02    0.34714E-06
    0.56717E+02    0.31696E-06
    0.58640E+02    0.28938E-06
    0.60627E+02    0.26419E-06
    0.62682E+02    0.24117E-06
    0.64807E+02    0.22015E-06
    0.67004E+02    0.20094E-06
    0.69275E+02    0.18341E-06
    0.71623E+02    0.16739E-06
    0.74050E+02    0.15276E-06
    0.76560E+02    0.13940E-06
    0.79155E+02    0.12721E-06
    0.81838E+02    0.11607E-06
    0.84612E+02    0.10590E-06
    0.87480E+02    0.96615E-07
    0.90445E+02    0.88140E-07
    0.93511E+02    0.80403E-07
    0.96681E+02    0.73340E-07
    0.99958E+02    0.66893E-07
    0.10335E+03    0.61010E-07
    0.10685E+03    0.55639E-07
    0.11047E+03    0.50739E-07
    0.11421E+03    0.46267E-07
    0.11809E+03    0.42186E-07
    0.12209E+03    0.38462E-07
    0.12623E+03    0.35064E-07
    0.13051E+03    0.31964E-07
    0.13493E+03    0.29136E-07
    0.13950E+03    0.26556E-07
    0.14423E+03    0.24203E-07
    0.14912E+03    0.22056E-07
    0.15417E+03    0.20098E-07
    0.15940E+03    0.18313E-07
    0.16480E+03    0.16684E-07
    0.17039E+03    0.15199E-07
    0.17616E+03    0.13845E-07
    0.18213E+03    0.12610E-07
    0.18831E+03    0.11484E-07
    0.19469E+03    0.10458E-07
    0.20129E+03    0.95219E-08
