    0.10880E-04    0.61050E-02
    0.11249E-04    0.63040E-02
    0.11630E-04    0.65095E-02
    0.12024E-04    0.67217E-02
    0.12432E-04    0.69408E-02
    0.12853E-04    0.71671E-02
    0.13289E-04    0.74008E-02
    0.13739E-04    0.76420E-02
    0.14205E-04    0.78912E-02
    0.14686E-04    0.81484E-02
    0.15184E-04    0.84141E-02
    0.15699E-04    0.86884E-02
    0.16231E-04    0.89716E-02
    0.16781E-04    0.92641E-02
    0.17350E-04    0.95661E-02
    0.17938E-04    0.98779E-02
    0.18546E-04    0.10200E-01
    0.19175E-04    0.10532E-01
    0.19825E-04    0.10876E-01
    0.20497E-04    0.11230E-01
    0.21191E-04    0.11596E-01
    0.21910E-04    0.11975E-01
    0.22652E-04    0.12365E-01
    0.23420E-04    0.12768E-01
    0.24214E-04    0.13184E-01
    0.25035E-04    0.13614E-01
    0.25883E-04    0.14058E-01
    0.26760E-04    0.14516E-01
    0.27667E-04    0.14989E-01
    0.28605E-04    0.15478E-01
    0.29575E-04    0.15983E-01
    0.30577E-04    0.16504E-01
    0.31614E-04    0.17042E-01
    0.32685E-04    0.17597E-01
    0.33793E-04    0.18171E-01
    0.34938E-04    0.18763E-01
    0.36123E-04    0.19375E-01
    0.37347E-04    0.20007E-01
    0.38613E-04    0.20659E-01
    0.39922E-04    0.21332E-01
    0.41275E-04    0.22028E-01
    0.42674E-04    0.22746E-01
    0.44120E-04    0.23487E-01
    0.45616E-04    0.24253E-01
    0.47162E-04    0.25044E-01
    0.48761E-04    0.25860E-01
    0.50413E-04    0.26703E-01
    0.52122E-04    0.27573E-01
    0.53889E-04    0.28472E-01
    0.55715E-04    0.29400E-01
    0.57604E-04    0.30359E-01
    0.59556E-04    0.31349E-01
    0.61575E-04    0.32371E-01
    0.63662E-04    0.33426E-01
    0.65820E-04    0.34515E-01
    0.68051E-04    0.35641E-01
    0.70357E-04    0.36802E-01
    0.72742E-04    0.38002E-01
    0.75208E-04    0.39241E-01
    0.77757E-04    0.40520E-01
    0.80393E-04    0.41841E-01
    0.83118E-04    0.43205E-01
    0.85935E-04    0.44613E-01
    0.88848E-04    0.46068E-01
    0.91859E-04    0.47569E-01
    0.94973E-04    0.49120E-01
    0.98192E-04    0.50721E-01
    0.10152E-03    0.52374E-01
    0.10496E-03    0.54082E-01
    0.10852E-03    0.55845E-01
    0.11220E-03    0.57665E-01
    0.11600E-03    0.59545E-01
    0.11993E-03    0.61485E-01
    0.12400E-03    0.63490E-01
    0.12820E-03    0.65559E-01
    0.13255E-03    0.67696E-01
    0.13704E-03    0.69902E-01
    0.14168E-03    0.72181E-01
    0.14648E-03    0.74533E-01
    0.15145E-03    0.76963E-01
    0.15658E-03    0.79471E-01
    0.16189E-03    0.82061E-01
    0.16738E-03    0.84736E-01
    0.17305E-03    0.87497E-01
    0.17892E-03    0.90349E-01
    0.18498E-03    0.93294E-01
    0.19125E-03    0.96334E-01
    0.19773E-03    0.99473E-01
    0.20444E-03    0.10271E+00
    0.21137E-03    0.10606E+00
    0.21853E-03    0.10952E+00
    0.22594E-03    0.11309E+00
    0.23360E-03    0.11677E+00
    0.24151E-03    0.12058E+00
    0.24970E-03    0.12450E+00
    0.25816E-03    0.12856E+00
    0.26691E-03    0.13275E+00
    0.27596E-03    0.13707E+00
    0.28531E-03    0.14154E+00
    0.29498E-03    0.14615E+00
    0.30498E-03    0.15091E+00
    0.31532E-03    0.15583E+00
    0.32601E-03    0.16090E+00
    0.33706E-03    0.16614E+00
    0.34848E-03    0.17155E+00
    0.36029E-03    0.17714E+00
    0.37251E-03    0.18290E+00
    0.38513E-03    0.18886E+00
    0.39819E-03    0.19501E+00
    0.41168E-03    0.20135E+00
    0.42564E-03    0.20791E+00
    0.44006E-03    0.21467E+00
    0.45498E-03    0.22166E+00
    0.47040E-03    0.22887E+00
    0.48635E-03    0.23631E+00
    0.50283E-03    0.24400E+00
    0.51988E-03    0.25193E+00
    0.53750E-03    0.26013E+00
    0.55572E-03    0.26858E+00
    0.57455E-03    0.27731E+00
    0.59403E-03    0.28632E+00
    0.61416E-03    0.29562E+00
    0.63498E-03    0.30523E+00
    0.65650E-03    0.31514E+00
    0.67875E-03    0.32537E+00
    0.70176E-03    0.33593E+00
    0.72554E-03    0.34682E+00
    0.75014E-03    0.35807E+00
    0.77556E-03    0.36968E+00
    0.80185E-03    0.38166E+00
    0.82903E-03    0.39403E+00
    0.85713E-03    0.40679E+00
    0.88618E-03    0.41995E+00
    0.91622E-03    0.43354E+00
    0.94727E-03    0.44755E+00
    0.97938E-03    0.46202E+00
    0.10126E-02    0.47694E+00
    0.10469E-02    0.49233E+00
    0.10824E-02    0.50821E+00
    0.11191E-02    0.52459E+00
    0.11570E-02    0.54148E+00
    0.11962E-02    0.55890E+00
    0.12368E-02    0.57687E+00
    0.12787E-02    0.59540E+00
    0.13220E-02    0.61450E+00
    0.13668E-02    0.63419E+00
    0.14132E-02    0.65449E+00
    0.14611E-02    0.67542E+00
    0.15106E-02    0.69698E+00
    0.15618E-02    0.71920E+00
    0.16147E-02    0.74210E+00
    0.16695E-02    0.76568E+00
    0.17260E-02    0.78997E+00
    0.17846E-02    0.81499E+00
    0.18450E-02    0.84075E+00
    0.19076E-02    0.86726E+00
    0.19722E-02    0.89455E+00
    0.20391E-02    0.92263E+00
    0.21082E-02    0.95152E+00
    0.21797E-02    0.98123E+00
    0.22535E-02    0.10118E+01
    0.23299E-02    0.10432E+01
    0.24089E-02    0.10754E+01
    0.24905E-02    0.11086E+01
    0.25750E-02    0.11426E+01
    0.26622E-02    0.11776E+01
    0.27525E-02    0.12134E+01
    0.28458E-02    0.12502E+01
    0.29422E-02    0.12879E+01
    0.30420E-02    0.13265E+01
    0.31451E-02    0.13661E+01
    0.32517E-02    0.14066E+01
    0.33619E-02    0.14481E+01
    0.34758E-02    0.14905E+01
    0.35936E-02    0.15338E+01
    0.37155E-02    0.15780E+01
    0.38414E-02    0.16232E+01
    0.39716E-02    0.16692E+01
    0.41062E-02    0.17161E+01
    0.42454E-02    0.17639E+01
    0.43893E-02    0.18125E+01
    0.45381E-02    0.18618E+01
    0.46919E-02    0.19120E+01
    0.48509E-02    0.19628E+01
    0.50153E-02    0.20143E+01
    0.51853E-02    0.20665E+01
    0.53611E-02    0.21192E+01
    0.55428E-02    0.21724E+01
    0.57307E-02    0.22261E+01
    0.59249E-02    0.22801E+01
    0.61257E-02    0.23345E+01
    0.63334E-02    0.23890E+01
    0.65481E-02    0.24438E+01
    0.67700E-02    0.24985E+01
    0.69995E-02    0.25533E+01
    0.72367E-02    0.26079E+01
    0.74820E-02    0.26623E+01
    0.77356E-02    0.27164E+01
    0.79978E-02    0.27701E+01
    0.82689E-02    0.28233E+01
    0.85492E-02    0.28758E+01
    0.88389E-02    0.29277E+01
    0.91385E-02    0.29787E+01
    0.94483E-02    0.30288E+01
    0.97685E-02    0.30779E+01
    0.10100E-01    0.31258E+01
    0.10442E-01    0.31726E+01
    0.10796E-01    0.32179E+01
    0.11162E-01    0.32619E+01
    0.11540E-01    0.33042E+01
    0.11931E-01    0.33449E+01
    0.12336E-01    0.33838E+01
    0.12754E-01    0.34208E+01
    0.13186E-01    0.34557E+01
    0.13633E-01    0.34885E+01
    0.14095E-01    0.35190E+01
    0.14573E-01    0.35471E+01
    0.15067E-01    0.35726E+01
    0.15578E-01    0.35955E+01
    0.16106E-01    0.36155E+01
    0.16652E-01    0.36327E+01
    0.17216E-01    0.36468E+01
    0.17799E-01    0.36578E+01
    0.18403E-01    0.36656E+01
    0.19027E-01    0.36701E+01
    0.19671E-01    0.36713E+01
    0.20338E-01    0.36691E+01
    0.21028E-01    0.36634E+01
    0.21740E-01    0.36542E+01
    0.22477E-01    0.36416E+01
    0.23239E-01    0.36254E+01
    0.24027E-01    0.36057E+01
    0.24841E-01    0.35826E+01
    0.25683E-01    0.35561E+01
    0.26554E-01    0.35263E+01
    0.27454E-01    0.34932E+01
    0.28384E-01    0.34571E+01
    0.29346E-01    0.34181E+01
    0.30341E-01    0.33763E+01
    0.31369E-01    0.33319E+01
    0.32433E-01    0.32851E+01
    0.33532E-01    0.32363E+01
    0.34669E-01    0.31855E+01
    0.35844E-01    0.31330E+01
    0.37059E-01    0.30792E+01
    0.38315E-01    0.30236E+01
    0.39613E-01    0.29661E+01
    0.40956E-01    0.29081E+01
    0.42344E-01    0.28497E+01
    0.43780E-01    0.27912E+01
    0.45263E-01    0.27324E+01
    0.46798E-01    0.26733E+01
    0.48384E-01    0.26137E+01
    0.50024E-01    0.25534E+01
    0.51719E-01    0.24921E+01
    0.53472E-01    0.24299E+01
    0.55285E-01    0.23666E+01
    0.57159E-01    0.23028E+01
    0.59096E-01    0.22390E+01
    0.61099E-01    0.21787E+01
    0.63170E-01    0.21144E+01
    0.65311E-01    0.20495E+01
    0.67525E-01    0.19839E+01
    0.69814E-01    0.19178E+01
    0.72180E-01    0.18514E+01
    0.74627E-01    0.17852E+01
    0.77156E-01    0.17197E+01
    0.79772E-01    0.16556E+01
    0.82475E-01    0.15934E+01
    0.85271E-01    0.15332E+01
    0.88161E-01    0.14751E+01
    0.91150E-01    0.14188E+01
    0.94239E-01    0.13641E+01
    0.97433E-01    0.13109E+01
    0.10074E+00    0.12593E+01
    0.10415E+00    0.12090E+01
    0.10768E+00    0.11598E+01
    0.11133E+00    0.11112E+01
    0.11510E+00    0.10631E+01
    0.11901E+00    0.10157E+01
    0.12304E+00    0.96898E+00
    0.12721E+00    0.92330E+00
    0.13152E+00    0.87885E+00
    0.13598E+00    0.83604E+00
    0.14059E+00    0.79534E+00
    0.14535E+00    0.75690E+00
    0.15028E+00    0.72041E+00
    0.15537E+00    0.68542E+00
    0.16064E+00    0.65168E+00
    0.16609E+00    0.61905E+00
    0.17171E+00    0.58732E+00
    0.17753E+00    0.55646E+00
    0.18355E+00    0.52671E+00
    0.18977E+00    0.49827E+00
    0.19621E+00    0.47126E+00
    0.20286E+00    0.44572E+00
    0.20973E+00    0.42148E+00
    0.21684E+00    0.39826E+00
    0.22419E+00    0.37605E+00
    0.23179E+00    0.35484E+00
    0.23965E+00    0.33451E+00
    0.24777E+00    0.31519E+00
    0.25617E+00    0.29693E+00
    0.26485E+00    0.27958E+00
    0.27383E+00    0.26313E+00
    0.28311E+00    0.24752E+00
    0.29271E+00    0.23267E+00
    0.30263E+00    0.21862E+00
    0.31288E+00    0.20532E+00
    0.32349E+00    0.19275E+00
    0.33445E+00    0.18085E+00
    0.34579E+00    0.16962E+00
    0.35751E+00    0.15900E+00
    0.36963E+00    0.14898E+00
    0.38216E+00    0.13953E+00
    0.39511E+00    0.13063E+00
    0.40850E+00    0.12224E+00
    0.42235E+00    0.11435E+00
    0.43667E+00    0.10692E+00
    0.45147E+00    0.99933E-01
    0.46677E+00    0.93369E-01
    0.48259E+00    0.87202E-01
    0.49895E+00    0.81413E-01
    0.51586E+00    0.75980E-01
    0.53334E+00    0.70881E-01
    0.55142E+00    0.66100E-01
    0.57011E+00    0.61620E-01
    0.58944E+00    0.57422E-01
    0.60942E+00    0.53491E-01
    0.63007E+00    0.49812E-01
    0.65143E+00    0.46372E-01
    0.67351E+00    0.43155E-01
    0.69634E+00    0.40150E-01
    0.71994E+00    0.37342E-01
    0.74434E+00    0.34720E-01
    0.76957E+00    0.32272E-01
    0.79566E+00    0.29987E-01
    0.82263E+00    0.27854E-01
    0.85051E+00    0.25866E-01
    0.87934E+00    0.24013E-01
    0.90914E+00    0.22286E-01
    0.93996E+00    0.20678E-01
    0.97182E+00    0.19182E-01
    0.10048E+01    0.17788E-01
    0.10388E+01    0.16491E-01
    0.10740E+01    0.15285E-01
    0.11104E+01    0.14163E-01
    0.11481E+01    0.13120E-01
    0.11870E+01    0.12152E-01
    0.12272E+01    0.11252E-01
    0.12688E+01    0.10416E-01
    0.13118E+01    0.96398E-02
    0.13563E+01    0.89195E-02
    0.14023E+01    0.82512E-02
    0.14498E+01    0.76313E-02
    0.14989E+01    0.70563E-02
    0.15497E+01    0.65231E-02
    0.16023E+01    0.60289E-02
    0.16566E+01    0.55711E-02
    0.17127E+01    0.51469E-02
    0.17708E+01    0.47540E-02
    0.18308E+01    0.43902E-02
    0.18928E+01    0.40535E-02
    0.19570E+01    0.37419E-02
    0.20233E+01    0.34536E-02
    0.20919E+01    0.31869E-02
    0.21628E+01    0.29402E-02
    0.22361E+01    0.27122E-02
    0.23119E+01    0.25013E-02
    0.23903E+01    0.23065E-02
    0.24713E+01    0.21264E-02
    0.25551E+01    0.19600E-02
    0.26417E+01    0.18064E-02
    0.27312E+01    0.16645E-02
    0.28238E+01    0.15335E-02
    0.29195E+01    0.14126E-02
    0.30185E+01    0.13010E-02
    0.31208E+01    0.11981E-02
    0.32265E+01    0.11031E-02
    0.33359E+01    0.10155E-02
    0.34490E+01    0.93470E-03
    0.35659E+01    0.86020E-03
    0.36868E+01    0.79152E-03
    0.38117E+01    0.72821E-03
    0.39409E+01    0.66988E-03
    0.40745E+01    0.61614E-03
    0.42126E+01    0.56663E-03
    0.43554E+01    0.52102E-03
    0.45030E+01    0.47902E-03
    0.46556E+01    0.44035E-03
    0.48134E+01    0.40474E-03
    0.49766E+01    0.37196E-03
    0.51453E+01    0.34179E-03
    0.53197E+01    0.31404E-03
    0.55000E+01    0.28850E-03
    0.56864E+01    0.26500E-03
    0.58791E+01    0.24339E-03
    0.60784E+01    0.22352E-03
    0.62845E+01    0.20524E-03
    0.64975E+01    0.18843E-03
    0.67177E+01    0.17298E-03
    0.69454E+01    0.15878E-03
    0.71808E+01    0.14573E-03
    0.74242E+01    0.13374E-03
    0.76759E+01    0.12272E-03
    0.79360E+01    0.11260E-03
    0.82050E+01    0.10330E-03
    0.84831E+01    0.94754E-04
    0.87707E+01    0.86910E-04
    0.90679E+01    0.79707E-04
    0.93753E+01    0.73093E-04
    0.96931E+01    0.67021E-04
    0.10022E+02    0.61448E-04
    0.10361E+02    0.56333E-04
    0.10713E+02    0.51638E-04
    0.11076E+02    0.47331E-04
    0.11451E+02    0.43378E-04
    0.11839E+02    0.39752E-04
    0.12240E+02    0.36425E-04
    0.12655E+02    0.33374E-04
    0.13084E+02    0.30576E-04
    0.13528E+02    0.28010E-04
    0.13986E+02    0.25657E-04
    0.14460E+02    0.23499E-04
    0.14951E+02    0.21522E-04
    0.15457E+02    0.19709E-04
    0.15981E+02    0.18047E-04
    0.16523E+02    0.16524E-04
    0.17083E+02    0.15128E-04
    0.17662E+02    0.13849E-04
    0.18261E+02    0.12677E-04
    0.18880E+02    0.11604E-04
    0.19519E+02    0.10620E-04
    0.20181E+02    0.97192E-05
    0.20865E+02    0.88940E-05
    0.21572E+02    0.81382E-05
    0.22304E+02    0.74462E-05
    0.23060E+02    0.68125E-05
    0.23841E+02    0.62322E-05
    0.24649E+02    0.57010E-05
    0.25485E+02    0.52147E-05
    0.26349E+02    0.47695E-05
    0.27242E+02    0.43620E-05
    0.28165E+02    0.39891E-05
    0.29120E+02    0.36478E-05
    0.30107E+02    0.33354E-05
    0.31127E+02    0.30497E-05
    0.32182E+02    0.27882E-05
    0.33273E+02    0.25489E-05
    0.34401E+02    0.23301E-05
    0.35567E+02    0.21299E-05
    0.36772E+02    0.19467E-05
    0.38019E+02    0.17792E-05
    0.39307E+02    0.16261E-05
    0.40640E+02    0.14860E-05
    0.42017E+02    0.13579E-05
    0.43441E+02    0.12407E-05
    0.44914E+02    0.11336E-05
    0.46436E+02    0.10357E-05
    0.48010E+02    0.94620E-06
    0.49637E+02    0.86437E-06
    0.51320E+02    0.78957E-06
    0.53059E+02    0.72121E-06
    0.54858E+02    0.65872E-06
    0.56717E+02    0.60162E-06
    0.58640E+02    0.54943E-06
    0.60627E+02    0.50175E-06
    0.62682E+02    0.45817E-06
    0.64807E+02    0.41836E-06
    0.67004E+02    0.38199E-06
    0.69275E+02    0.34876E-06
    0.71623E+02    0.31840E-06
    0.74050E+02    0.29067E-06
    0.76560E+02    0.26534E-06
    0.79155E+02    0.24221E-06
    0.81838E+02    0.22108E-06
    0.84612E+02    0.20178E-06
    0.87480E+02    0.18416E-06
    0.90445E+02    0.16807E-06
    0.93511E+02    0.15338E-06
    0.96681E+02    0.13996E-06
    0.99958E+02    0.12771E-06
    0.10335E+03    0.11653E-06
    0.10685E+03    0.10632E-06
    0.11047E+03    0.97001E-07
    0.11421E+03    0.88495E-07
    0.11809E+03    0.80730E-07
    0.12209E+03    0.73642E-07
    0.12623E+03    0.67174E-07
    0.13051E+03    0.61271E-07
    0.13493E+03    0.55884E-07
    0.13950E+03    0.50967E-07
    0.14423E+03    0.46481E-07
    0.14912E+03    0.42388E-07
    0.15417E+03    0.38653E-07
    0.15940E+03    0.35246E-07
    0.16480E+03    0.32137E-07
    0.17039E+03    0.29301E-07
    0.17616E+03    0.26714E-07
    0.18213E+03    0.24354E-07
    0.18831E+03    0.22201E-07
    0.19469E+03    0.20238E-07
    0.20129E+03    0.18447E-07
