  0.108800E-04  0.599059E+06  0.599059E+06  0.798735E+06  0.798734E+06  0.000000E+00  0.599059E+06
  0.112487E-04  0.599059E+06  0.599059E+06  0.798734E+06  0.798734E+06  0.000000E+00  0.599059E+06
  0.116300E-04  0.599059E+06  0.599059E+06  0.798733E+06  0.798733E+06  0.000000E+00  0.599059E+06
  0.120242E-04  0.599059E+06  0.599059E+06  0.798732E+06  0.798732E+06  0.000000E+00  0.599059E+06
  0.124318E-04  0.599059E+06  0.599059E+06  0.798732E+06  0.798731E+06  0.000000E+00  0.599059E+06
  0.128531E-04  0.599059E+06  0.599059E+06  0.798730E+06  0.798730E+06  0.000000E+00  0.599059E+06
  0.132888E-04  0.599059E+06  0.599059E+06  0.798729E+06  0.798729E+06  0.000000E+00  0.599059E+06
  0.137392E-04  0.599059E+06  0.599059E+06  0.798728E+06  0.798728E+06  0.000000E+00  0.599059E+06
  0.142049E-04  0.599059E+06  0.599059E+06  0.798727E+06  0.798726E+06  0.000000E+00  0.599059E+06
  0.146864E-04  0.599059E+06  0.599059E+06  0.798726E+06  0.798725E+06  0.000000E+00  0.599059E+06
  0.151842E-04  0.599059E+06  0.599059E+06  0.798724E+06  0.798723E+06  0.000000E+00  0.599059E+06
  0.156989E-04  0.599059E+06  0.599059E+06  0.798723E+06  0.798722E+06  0.000000E+00  0.599059E+06
  0.162310E-04  0.599059E+06  0.599059E+06  0.798721E+06  0.798720E+06  0.000000E+00  0.599059E+06
  0.167811E-04  0.599059E+06  0.599059E+06  0.798720E+06  0.798718E+06  0.000000E+00  0.599059E+06
  0.173499E-04  0.599059E+06  0.599059E+06  0.798718E+06  0.798717E+06  0.000000E+00  0.599059E+06
  0.179380E-04  0.599059E+06  0.599059E+06  0.798716E+06  0.798715E+06  0.000000E+00  0.599059E+06
  0.185460E-04  0.599059E+06  0.599059E+06  0.798714E+06  0.798712E+06  0.000000E+00  0.599059E+06
  0.191746E-04  0.599058E+06  0.599058E+06  0.798712E+06  0.798710E+06  0.000000E+00  0.599058E+06
  0.198246E-04  0.599058E+06  0.599058E+06  0.798709E+06  0.798708E+06  0.000000E+00  0.599058E+06
  0.204965E-04  0.599058E+06  0.599058E+06  0.798707E+06  0.798705E+06  0.000000E+00  0.599058E+06
  0.211913E-04  0.599058E+06  0.599058E+06  0.798704E+06  0.798702E+06  0.000000E+00  0.599058E+06
  0.219095E-04  0.599058E+06  0.599058E+06  0.798701E+06  0.798699E+06  0.000000E+00  0.599058E+06
  0.226522E-04  0.599058E+06  0.599058E+06  0.798698E+06  0.798696E+06  0.000000E+00  0.599058E+06
  0.234200E-04  0.599058E+06  0.599058E+06  0.798695E+06  0.798693E+06  0.000000E+00  0.599058E+06
  0.242138E-04  0.599058E+06  0.599058E+06  0.798691E+06  0.798689E+06  0.000000E+00  0.599058E+06
  0.250345E-04  0.599058E+06  0.599058E+06  0.798688E+06  0.798685E+06  0.000000E+00  0.599058E+06
  0.258831E-04  0.599058E+06  0.599058E+06  0.798684E+06  0.798681E+06  0.000000E+00  0.599058E+06
  0.267604E-04  0.599058E+06  0.599058E+06  0.798679E+06  0.798676E+06  0.000000E+00  0.599058E+06
  0.276674E-04  0.599058E+06  0.599058E+06  0.798675E+06  0.798672E+06  0.000000E+00  0.599058E+06
  0.286052E-04  0.599058E+06  0.599057E+06  0.798670E+06  0.798666E+06  0.000000E+00  0.599057E+06
  0.295748E-04  0.599057E+06  0.599057E+06  0.798665E+06  0.798661E+06  0.000000E+00  0.599057E+06
  0.305772E-04  0.599057E+06  0.599057E+06  0.798659E+06  0.798655E+06  0.000000E+00  0.599057E+06
  0.316136E-04  0.599057E+06  0.599057E+06  0.798653E+06  0.798649E+06  0.000000E+00  0.599057E+06
  0.326852E-04  0.599057E+06  0.599057E+06  0.798647E+06  0.798642E+06  0.000000E+00  0.599057E+06
  0.337931E-04  0.599057E+06  0.599057E+06  0.798640E+06  0.798635E+06  0.000000E+00  0.599057E+06
  0.349385E-04  0.599056E+06  0.599056E+06  0.798632E+06  0.798627E+06  0.000000E+00  0.599056E+06
  0.361227E-04  0.599056E+06  0.599056E+06  0.798625E+06  0.798619E+06  0.000000E+00  0.599056E+06
  0.373471E-04  0.599056E+06  0.599056E+06  0.798616E+06  0.798610E+06  0.000000E+00  0.599056E+06
  0.386130E-04  0.599056E+06  0.599056E+06  0.798607E+06  0.798601E+06  0.000000E+00  0.599056E+06
  0.399218E-04  0.599056E+06  0.599056E+06  0.798598E+06  0.798591E+06  0.000000E+00  0.599056E+06
  0.412749E-04  0.599055E+06  0.599055E+06  0.798588E+06  0.798580E+06  0.000000E+00  0.599055E+06
  0.426740E-04  0.599055E+06  0.599055E+06  0.798577E+06  0.798569E+06  0.000000E+00  0.599055E+06
  0.441204E-04  0.599055E+06  0.599055E+06  0.798565E+06  0.798557E+06  0.000000E+00  0.599055E+06
  0.456159E-04  0.599054E+06  0.599054E+06  0.798553E+06  0.798544E+06  0.000000E+00  0.599054E+06
  0.471620E-04  0.599054E+06  0.599054E+06  0.798539E+06  0.798530E+06  0.000000E+00  0.599054E+06
  0.487606E-04  0.599054E+06  0.599054E+06  0.798525E+06  0.798515E+06  0.000000E+00  0.599054E+06
  0.504133E-04  0.599053E+06  0.599053E+06  0.798510E+06  0.798499E+06  0.000000E+00  0.599053E+06
  0.521221E-04  0.599053E+06  0.599053E+06  0.798494E+06  0.798482E+06  0.000000E+00  0.599053E+06
  0.538888E-04  0.599053E+06  0.599052E+06  0.798476E+06  0.798464E+06  0.000000E+00  0.599053E+06
  0.557153E-04  0.599052E+06  0.599052E+06  0.798458E+06  0.798444E+06  0.000000E+00  0.599052E+06
  0.576038E-04  0.599052E+06  0.599051E+06  0.798438E+06  0.798424E+06  0.000000E+00  0.599052E+06
  0.595563E-04  0.599051E+06  0.599051E+06  0.798416E+06  0.798401E+06  0.000000E+00  0.599051E+06
  0.615750E-04  0.599050E+06  0.599050E+06  0.798394E+06  0.798378E+06  0.000000E+00  0.599050E+06
  0.636621E-04  0.599050E+06  0.599050E+06  0.798369E+06  0.798352E+06  0.000000E+00  0.599050E+06
  0.658199E-04  0.599049E+06  0.599049E+06  0.798344E+06  0.798325E+06  0.000000E+00  0.599049E+06
  0.680509E-04  0.599048E+06  0.599048E+06  0.798316E+06  0.798296E+06  0.000000E+00  0.599048E+06
  0.703575E-04  0.599048E+06  0.599047E+06  0.798286E+06  0.798265E+06  0.000000E+00  0.599048E+06
  0.727422E-04  0.599047E+06  0.599046E+06  0.798254E+06  0.798232E+06  0.000000E+00  0.599047E+06
  0.752079E-04  0.599046E+06  0.599046E+06  0.798221E+06  0.798196E+06  0.000000E+00  0.599046E+06
  0.777570E-04  0.599045E+06  0.599045E+06  0.798184E+06  0.798159E+06  0.000000E+00  0.599045E+06
  0.803926E-04  0.599044E+06  0.599044E+06  0.798146E+06  0.798118E+06  0.000000E+00  0.599044E+06
  0.831175E-04  0.599043E+06  0.599043E+06  0.798104E+06  0.798075E+06  0.000000E+00  0.599043E+06
  0.859348E-04  0.599042E+06  0.599041E+06  0.798060E+06  0.798029E+06  0.000000E+00  0.599042E+06
  0.888476E-04  0.599041E+06  0.599040E+06  0.798013E+06  0.797979E+06  0.000000E+00  0.599041E+06
  0.918591E-04  0.599040E+06  0.599039E+06  0.797962E+06  0.797926E+06  0.000000E+00  0.599040E+06
  0.949726E-04  0.599038E+06  0.599037E+06  0.797908E+06  0.797870E+06  0.000000E+00  0.599038E+06
  0.981917E-04  0.599037E+06  0.599036E+06  0.797851E+06  0.797810E+06  0.000000E+00  0.599037E+06
  0.101520E-03  0.599035E+06  0.599034E+06  0.797789E+06  0.797745E+06  0.000000E+00  0.599035E+06
  0.104961E-03  0.599034E+06  0.599033E+06  0.797723E+06  0.797676E+06  0.000000E+00  0.599033E+06
  0.108519E-03  0.599032E+06  0.599031E+06  0.797652E+06  0.797602E+06  0.000000E+00  0.599032E+06
  0.112197E-03  0.599030E+06  0.599029E+06  0.797577E+06  0.797524E+06  0.000000E+00  0.599030E+06
  0.116000E-03  0.599028E+06  0.599027E+06  0.797497E+06  0.797440E+06  0.000000E+00  0.599028E+06
  0.119932E-03  0.599026E+06  0.599024E+06  0.797411E+06  0.797350E+06  0.000000E+00  0.599025E+06
  0.123997E-03  0.599023E+06  0.599022E+06  0.797319E+06  0.797253E+06  0.000000E+00  0.599023E+06
  0.128200E-03  0.599021E+06  0.599019E+06  0.797220E+06  0.797151E+06  0.000000E+00  0.599021E+06
  0.132545E-03  0.599018E+06  0.599017E+06  0.797115E+06  0.797041E+06  0.000000E+00  0.599018E+06
  0.137038E-03  0.599015E+06  0.599014E+06  0.797003E+06  0.796923E+06  0.000000E+00  0.599015E+06
  0.141683E-03  0.599012E+06  0.599010E+06  0.796883E+06  0.796798E+06  0.000000E+00  0.599012E+06
  0.146485E-03  0.599009E+06  0.599007E+06  0.796755E+06  0.796664E+06  0.000000E+00  0.599009E+06
  0.151450E-03  0.599006E+06  0.599004E+06  0.796618E+06  0.796520E+06  0.000000E+00  0.599005E+06
  0.156583E-03  0.599002E+06  0.599000E+06  0.796471E+06  0.796367E+06  0.000000E+00  0.599002E+06
  0.161891E-03  0.598998E+06  0.598996E+06  0.796314E+06  0.796203E+06  0.000000E+00  0.598998E+06
  0.167378E-03  0.598994E+06  0.598991E+06  0.796147E+06  0.796028E+06  0.000000E+00  0.598993E+06
  0.173051E-03  0.598989E+06  0.598986E+06  0.795968E+06  0.795841E+06  0.000000E+00  0.598989E+06
  0.178917E-03  0.598984E+06  0.598981E+06  0.795777E+06  0.795641E+06  0.000000E+00  0.598984E+06
  0.184981E-03  0.598979E+06  0.598976E+06  0.795573E+06  0.795428E+06  0.000000E+00  0.598979E+06
  0.191251E-03  0.598974E+06  0.598970E+06  0.795354E+06  0.795200E+06  0.000000E+00  0.598973E+06
  0.197734E-03  0.598968E+06  0.598964E+06  0.795121E+06  0.794956E+06  0.000000E+00  0.598967E+06
  0.204436E-03  0.598961E+06  0.598958E+06  0.794872E+06  0.794695E+06  0.000000E+00  0.598961E+06
  0.211366E-03  0.598955E+06  0.598951E+06  0.794605E+06  0.794416E+06  0.000000E+00  0.598954E+06
  0.218530E-03  0.598947E+06  0.598943E+06  0.794320E+06  0.794119E+06  0.000000E+00  0.598947E+06
  0.225937E-03  0.598940E+06  0.598935E+06  0.794016E+06  0.793801E+06  0.000000E+00  0.598939E+06
  0.233595E-03  0.598932E+06  0.598927E+06  0.793691E+06  0.793461E+06  0.000000E+00  0.598931E+06
  0.241513E-03  0.598923E+06  0.598917E+06  0.793343E+06  0.793098E+06  0.000000E+00  0.598922E+06
  0.249699E-03  0.598913E+06  0.598908E+06  0.792972E+06  0.792710E+06  0.000000E+00  0.598912E+06
  0.258162E-03  0.598903E+06  0.598897E+06  0.792576E+06  0.792295E+06  0.000000E+00  0.598902E+06
  0.266913E-03  0.598892E+06  0.598886E+06  0.792152E+06  0.791852E+06  0.000000E+00  0.598891E+06
  0.275960E-03  0.598881E+06  0.598874E+06  0.791699E+06  0.791379E+06  0.000000E+00  0.598880E+06
  0.285314E-03  0.598869E+06  0.598861E+06  0.791215E+06  0.790873E+06  0.000000E+00  0.598868E+06
  0.294984E-03  0.598856E+06  0.598848E+06  0.790698E+06  0.790333E+06  0.000000E+00  0.598854E+06
  0.304983E-03  0.598842E+06  0.598833E+06  0.790146E+06  0.789756E+06  0.000000E+00  0.598840E+06
  0.315320E-03  0.598826E+06  0.598818E+06  0.789557E+06  0.789140E+06  0.000000E+00  0.598825E+06
  0.326008E-03  0.598810E+06  0.598801E+06  0.788927E+06  0.788481E+06  0.000000E+00  0.598809E+06
  0.337058E-03  0.598793E+06  0.598783E+06  0.788254E+06  0.787778E+06  0.000000E+00  0.598792E+06
  0.348483E-03  0.598775E+06  0.598764E+06  0.787535E+06  0.787027E+06  0.000000E+00  0.598773E+06
  0.360295E-03  0.598755E+06  0.598744E+06  0.786767E+06  0.786225E+06  0.000000E+00  0.598754E+06
  0.372507E-03  0.598734E+06  0.598722E+06  0.785947E+06  0.785369E+06  0.000000E+00  0.598733E+06
  0.385133E-03  0.598712E+06  0.598699E+06  0.785072E+06  0.784454E+06  0.000000E+00  0.598710E+06
  0.398187E-03  0.598688E+06  0.598674E+06  0.784137E+06  0.783478E+06  0.000000E+00  0.598686E+06
  0.411684E-03  0.598663E+06  0.598647E+06  0.783139E+06  0.782435E+06  0.000000E+00  0.598660E+06
  0.425638E-03  0.598635E+06  0.598619E+06  0.782073E+06  0.781322E+06  0.000000E+00  0.598633E+06
  0.440065E-03  0.598606E+06  0.598589E+06  0.780935E+06  0.780134E+06  0.000000E+00  0.598604E+06
  0.454981E-03  0.598575E+06  0.598556E+06  0.779720E+06  0.778865E+06  0.000000E+00  0.598572E+06
  0.470403E-03  0.598542E+06  0.598522E+06  0.778424E+06  0.777512E+06  0.000000E+00  0.598539E+06
  0.486347E-03  0.598506E+06  0.598485E+06  0.777040E+06  0.776067E+06  0.000000E+00  0.598503E+06
  0.502832E-03  0.598468E+06  0.598445E+06  0.775564E+06  0.774526E+06  0.000000E+00  0.598465E+06
  0.519875E-03  0.598428E+06  0.598403E+06  0.773988E+06  0.772881E+06  0.000000E+00  0.598424E+06
  0.537497E-03  0.598384E+06  0.598358E+06  0.772307E+06  0.771127E+06  0.000000E+00  0.598380E+06
  0.555715E-03  0.598338E+06  0.598310E+06  0.770513E+06  0.769255E+06  0.000000E+00  0.598334E+06
  0.574551E-03  0.598288E+06  0.598258E+06  0.768600E+06  0.767260E+06  0.000000E+00  0.598284E+06
  0.594026E-03  0.598235E+06  0.598204E+06  0.766560E+06  0.765131E+06  0.000000E+00  0.598231E+06
  0.614160E-03  0.598179E+06  0.598145E+06  0.764385E+06  0.762863E+06  0.000000E+00  0.598174E+06
  0.634977E-03  0.598119E+06  0.598082E+06  0.762066E+06  0.760444E+06  0.000000E+00  0.598113E+06
  0.656500E-03  0.598054E+06  0.598015E+06  0.759593E+06  0.757867E+06  0.000000E+00  0.598048E+06
  0.678752E-03  0.597985E+06  0.597944E+06  0.756959E+06  0.755121E+06  0.000000E+00  0.597979E+06
  0.701758E-03  0.597912E+06  0.597867E+06  0.754152E+06  0.752196E+06  0.000000E+00  0.597905E+06
  0.725544E-03  0.597833E+06  0.597785E+06  0.751161E+06  0.749080E+06  0.000000E+00  0.597826E+06
  0.750137E-03  0.597749E+06  0.597698E+06  0.747977E+06  0.745763E+06  0.000000E+00  0.597741E+06
  0.775563E-03  0.597659E+06  0.597605E+06  0.744586E+06  0.742233E+06  0.000000E+00  0.597651E+06
  0.801851E-03  0.597564E+06  0.597506E+06  0.740976E+06  0.738475E+06  0.000000E+00  0.597555E+06
  0.829029E-03  0.597462E+06  0.597399E+06  0.737136E+06  0.734479E+06  0.000000E+00  0.597452E+06
  0.857129E-03  0.597352E+06  0.597286E+06  0.733050E+06  0.730228E+06  0.000000E+00  0.597342E+06
  0.886182E-03  0.597236E+06  0.597165E+06  0.728705E+06  0.725710E+06  0.000000E+00  0.597225E+06
  0.916219E-03  0.597112E+06  0.597036E+06  0.724086E+06  0.720909E+06  0.000000E+00  0.597100E+06
  0.947274E-03  0.596979E+06  0.596898E+06  0.719178E+06  0.715809E+06  0.000000E+00  0.596966E+06
  0.979383E-03  0.596837E+06  0.596750E+06  0.713965E+06  0.710394E+06  0.000000E+00  0.596824E+06
  0.101258E-02  0.596686E+06  0.596593E+06  0.708429E+06  0.704648E+06  0.000000E+00  0.596672E+06
  0.104690E-02  0.596525E+06  0.596426E+06  0.702555E+06  0.698553E+06  0.000000E+00  0.596509E+06
  0.108239E-02  0.596352E+06  0.596247E+06  0.696325E+06  0.692092E+06  0.000000E+00  0.596336E+06
  0.111907E-02  0.596169E+06  0.596056E+06  0.689720E+06  0.685246E+06  0.000000E+00  0.596151E+06
  0.115700E-02  0.595973E+06  0.595852E+06  0.682722E+06  0.677998E+06  0.000000E+00  0.595954E+06
  0.119622E-02  0.595764E+06  0.595635E+06  0.675312E+06  0.670329E+06  0.000000E+00  0.595744E+06
  0.123677E-02  0.595541E+06  0.595403E+06  0.667472E+06  0.662219E+06  0.000000E+00  0.595520E+06
  0.127869E-02  0.595304E+06  0.595156E+06  0.659182E+06  0.653651E+06  0.000000E+00  0.595281E+06
  0.132203E-02  0.595051E+06  0.594893E+06  0.650424E+06  0.644606E+06  0.000000E+00  0.595026E+06
  0.136684E-02  0.594781E+06  0.594612E+06  0.641178E+06  0.635066E+06  0.000000E+00  0.594755E+06
  0.141317E-02  0.594493E+06  0.594313E+06  0.631426E+06  0.625013E+06  0.000000E+00  0.594466E+06
  0.146107E-02  0.594187E+06  0.593995E+06  0.621150E+06  0.614431E+06  0.000000E+00  0.594157E+06
  0.151059E-02  0.593861E+06  0.593655E+06  0.610333E+06  0.603303E+06  0.000000E+00  0.593829E+06
  0.156179E-02  0.593513E+06  0.593294E+06  0.598959E+06  0.591616E+06  0.000000E+00  0.593479E+06
  0.161473E-02  0.593144E+06  0.592909E+06  0.587014E+06  0.579357E+06  0.000000E+00  0.593107E+06
  0.166946E-02  0.592750E+06  0.592499E+06  0.574484E+06  0.566515E+06  0.000000E+00  0.592711E+06
  0.172605E-02  0.592331E+06  0.592063E+06  0.561360E+06  0.553083E+06  0.000000E+00  0.592290E+06
  0.178455E-02  0.591886E+06  0.591599E+06  0.547633E+06  0.539054E+06  0.000000E+00  0.591841E+06
  0.184504E-02  0.591412E+06  0.591106E+06  0.533298E+06  0.524428E+06  0.000000E+00  0.591365E+06
  0.190758E-02  0.590908E+06  0.590581E+06  0.518353E+06  0.509206E+06  0.000000E+00  0.590858E+06
  0.197223E-02  0.590373E+06  0.590024E+06  0.502802E+06  0.493396E+06  0.000000E+00  0.590319E+06
  0.203908E-02  0.589805E+06  0.589431E+06  0.486652E+06  0.477009E+06  0.000000E+00  0.589747E+06
  0.210820E-02  0.589201E+06  0.588802E+06  0.469915E+06  0.460064E+06  0.000000E+00  0.589140E+06
  0.217966E-02  0.588561E+06  0.588135E+06  0.452610E+06  0.442583E+06  0.000000E+00  0.588495E+06
  0.225354E-02  0.587882E+06  0.587426E+06  0.434763E+06  0.424598E+06  0.000000E+00  0.587811E+06
  0.232992E-02  0.587161E+06  0.586675E+06  0.416406E+06  0.406148E+06  0.000000E+00  0.587086E+06
  0.240889E-02  0.586398E+06  0.585878E+06  0.397580E+06  0.387279E+06  0.000000E+00  0.586318E+06
  0.249054E-02  0.585590E+06  0.585034E+06  0.378333E+06  0.368048E+06  0.000000E+00  0.585504E+06
  0.257496E-02  0.584734E+06  0.584141E+06  0.358725E+06  0.348518E+06  0.000000E+00  0.584642E+06
  0.266224E-02  0.583828E+06  0.583195E+06  0.338823E+06  0.328764E+06  0.000000E+00  0.583730E+06
  0.275248E-02  0.582871E+06  0.582194E+06  0.318704E+06  0.308869E+06  0.000000E+00  0.582766E+06
  0.284577E-02  0.581859E+06  0.581137E+06  0.298458E+06  0.288927E+06  0.000000E+00  0.581748E+06
  0.294223E-02  0.580791E+06  0.580020E+06  0.278181E+06  0.269041E+06  0.000000E+00  0.580672E+06
  0.304196E-02  0.579664E+06  0.578840E+06  0.257982E+06  0.249321E+06  0.000000E+00  0.579537E+06
  0.314506E-02  0.578476E+06  0.577596E+06  0.237977E+06  0.229887E+06  0.000000E+00  0.578341E+06
  0.325166E-02  0.577225E+06  0.576285E+06  0.218292E+06  0.210863E+06  0.000000E+00  0.577080E+06
  0.336188E-02  0.575908E+06  0.574904E+06  0.199059E+06  0.192380E+06  0.000000E+00  0.575753E+06
  0.347583E-02  0.574522E+06  0.573451E+06  0.180415E+06  0.174570E+06  0.000000E+00  0.574357E+06
  0.359365E-02  0.573066E+06  0.571923E+06  0.162500E+06  0.157565E+06  0.000000E+00  0.572890E+06
  0.371545E-02  0.571538E+06  0.570317E+06  0.145452E+06  0.141492E+06  0.000000E+00  0.571350E+06
  0.384139E-02  0.569935E+06  0.568632E+06  0.129409E+06  0.126472E+06  0.000000E+00  0.569734E+06
  0.397159E-02  0.568255E+06  0.566865E+06  0.114497E+06  0.112615E+06  0.000000E+00  0.568041E+06
  0.410621E-02  0.566497E+06  0.565014E+06  0.100834E+06  0.100014E+06  0.000000E+00  0.566268E+06
  0.424539E-02  0.564659E+06  0.563076E+06  0.885165E+05  0.887396E+05  0.000000E+00  0.564414E+06
  0.438929E-02  0.562738E+06  0.561049E+06  0.776221E+05  0.788401E+05  0.000000E+00  0.562478E+06
  0.453806E-02  0.560734E+06  0.558932E+06  0.681998E+05  0.703320E+05  0.000000E+00  0.560456E+06
  0.469188E-02  0.558645E+06  0.556722E+06  0.602666E+05  0.631989E+05  0.000000E+00  0.558348E+06
  0.485091E-02  0.556469E+06  0.554418E+06  0.538030E+05  0.573885E+05  0.000000E+00  0.556152E+06
  0.501534E-02  0.554205E+06  0.552018E+06  0.487498E+05  0.528104E+05  0.000000E+00  0.553868E+06
  0.518533E-02  0.551852E+06  0.549520E+06  0.450060E+05  0.493376E+05  0.000000E+00  0.551492E+06
  0.536109E-02  0.549410E+06  0.546924E+06  0.424293E+05  0.468086E+05  0.000000E+00  0.549026E+06
  0.554280E-02  0.546876E+06  0.544226E+06  0.408382E+05  0.450327E+05  0.000000E+00  0.546467E+06
  0.573068E-02  0.544251E+06  0.541426E+06  0.400178E+05  0.437981E+05  0.000000E+00  0.543815E+06
  0.592492E-02  0.541532E+06  0.538521E+06  0.397276E+05  0.428823E+05  0.000000E+00  0.541068E+06
  0.612574E-02  0.538720E+06  0.535512E+06  0.397134E+05  0.420653E+05  0.000000E+00  0.538225E+06
  0.633338E-02  0.535813E+06  0.532395E+06  0.397218E+05  0.411441E+05  0.000000E+00  0.535286E+06
  0.654805E-02  0.532810E+06  0.529170E+06  0.395169E+05  0.399485E+05  0.000000E+00  0.532249E+06
  0.677000E-02  0.529711E+06  0.525834E+06  0.388984E+05  0.383552E+05  0.000000E+00  0.529113E+06
  0.699947E-02  0.526514E+06  0.522386E+06  0.377196E+05  0.363007E+05  0.000000E+00  0.525877E+06
  0.723671E-02  0.523217E+06  0.518823E+06  0.359030E+05  0.337885E+05  0.000000E+00  0.522539E+06
  0.748200E-02  0.519821E+06  0.515144E+06  0.334519E+05  0.308911E+05  0.000000E+00  0.519099E+06
  0.773561E-02  0.516322E+06  0.511345E+06  0.304545E+05  0.277433E+05  0.000000E+00  0.515554E+06
  0.799781E-02  0.512720E+06  0.507426E+06  0.270796E+05  0.245272E+05  0.000000E+00  0.511903E+06
  0.826889E-02  0.509014E+06  0.503383E+06  0.235616E+05  0.214489E+05  0.000000E+00  0.508145E+06
  0.854917E-02  0.505201E+06  0.499214E+06  0.201748E+05  0.187090E+05  0.000000E+00  0.504277E+06
  0.883894E-02  0.501281E+06  0.494917E+06  0.171979E+05  0.164699E+05  0.000000E+00  0.500299E+06
  0.913854E-02  0.497252E+06  0.490488E+06  0.148732E+05  0.148261E+05  0.000000E+00  0.496208E+06
  0.944829E-02  0.493112E+06  0.485927E+06  0.133642E+05  0.137830E+05  0.000000E+00  0.492003E+06
  0.976854E-02  0.488860E+06  0.481230E+06  0.127211E+05  0.132498E+05  0.000000E+00  0.487682E+06
  0.100996E-01  0.484495E+06  0.476395E+06  0.000000E+00  0.000000E+00  0.000000E+00  0.483245E+06
  0.104420E-01  0.480016E+06  0.471420E+06  0.000000E+00  0.000000E+00  0.000000E+00  0.478689E+06
  0.107959E-01  0.475421E+06  0.466302E+06  0.000000E+00  0.000000E+00  0.000000E+00  0.474014E+06
  0.111618E-01  0.470710E+06  0.461040E+06  0.000000E+00  0.000000E+00  0.000000E+00  0.469217E+06
  0.115402E-01  0.465880E+06  0.455632E+06  0.000000E+00  0.000000E+00  0.000000E+00  0.464299E+06
  0.119313E-01  0.460933E+06  0.450075E+06  0.000000E+00  0.000000E+00  0.000000E+00  0.459257E+06
  0.123357E-01  0.455865E+06  0.444367E+06  0.000000E+00  0.000000E+00  0.000000E+00  0.454090E+06
  0.127539E-01  0.450676E+06  0.438507E+06  0.000000E+00  0.000000E+00  0.000000E+00  0.448798E+06
  0.131862E-01  0.445365E+06  0.432494E+06  0.000000E+00  0.000000E+00  0.000000E+00  0.443378E+06
  0.136331E-01  0.439931E+06  0.426325E+06  0.000000E+00  0.000000E+00  0.000000E+00  0.437831E+06
  0.140952E-01  0.434374E+06  0.419999E+06  0.000000E+00  0.000000E+00  0.000000E+00  0.432155E+06
  0.145730E-01  0.428693E+06  0.413516E+06  0.000000E+00  0.000000E+00  0.000000E+00  0.426351E+06
  0.150669E-01  0.422887E+06  0.406876E+06  0.000000E+00  0.000000E+00  0.000000E+00  0.420416E+06
  0.155776E-01  0.416957E+06  0.400077E+06  0.000000E+00  0.000000E+00  0.000000E+00  0.414352E+06
  0.161056E-01  0.410902E+06  0.393122E+06  0.000000E+00  0.000000E+00  0.000000E+00  0.408158E+06
  0.166515E-01  0.404723E+06  0.386010E+06  0.000000E+00  0.000000E+00  0.000000E+00  0.401835E+06
  0.172159E-01  0.398420E+06  0.378744E+06  0.000000E+00  0.000000E+00  0.000000E+00  0.395383E+06
  0.177994E-01  0.391994E+06  0.371326E+06  0.000000E+00  0.000000E+00  0.000000E+00  0.388805E+06
  0.184028E-01  0.385448E+06  0.363759E+06  0.000000E+00  0.000000E+00  0.000000E+00  0.382101E+06
  0.190265E-01  0.378782E+06  0.356049E+06  0.000000E+00  0.000000E+00  0.000000E+00  0.375274E+06
  0.196714E-01  0.372000E+06  0.348200E+06  0.000000E+00  0.000000E+00  0.000000E+00  0.368327E+06
  0.203382E-01  0.365104E+06  0.340219E+06  0.000000E+00  0.000000E+00  0.000000E+00  0.361264E+06
  0.210276E-01  0.358099E+06  0.332114E+06  0.000000E+00  0.000000E+00  0.000000E+00  0.354088E+06
  0.217403E-01  0.350988E+06  0.323896E+06  0.000000E+00  0.000000E+00  0.000000E+00  0.346807E+06
  0.224772E-01  0.343777E+06  0.315574E+06  0.000000E+00  0.000000E+00  0.000000E+00  0.339425E+06
  0.232390E-01  0.336473E+06  0.307163E+06  0.000000E+00  0.000000E+00  0.000000E+00  0.331950E+06
  0.240267E-01  0.329083E+06  0.298677E+06  0.000000E+00  0.000000E+00  0.000000E+00  0.324390E+06
  0.248411E-01  0.321615E+06  0.290133E+06  0.000000E+00  0.000000E+00  0.000000E+00  0.316757E+06
  0.256831E-01  0.314079E+06  0.281550E+06  0.000000E+00  0.000000E+00  0.000000E+00  0.309059E+06
  0.265537E-01  0.306486E+06  0.272948E+06  0.000000E+00  0.000000E+00  0.000000E+00  0.301310E+06
  0.274537E-01  0.298848E+06  0.264352E+06  0.000000E+00  0.000000E+00  0.000000E+00  0.293525E+06
  0.283842E-01  0.291179E+06  0.255787E+06  0.000000E+00  0.000000E+00  0.000000E+00  0.285717E+06
  0.293463E-01  0.283493E+06  0.247281E+06  0.000000E+00  0.000000E+00  0.000000E+00  0.277904E+06
  0.303410E-01  0.275807E+06  0.238863E+06  0.000000E+00  0.000000E+00  0.000000E+00  0.270106E+06
  0.313694E-01  0.268139E+06  0.230567E+06  0.000000E+00  0.000000E+00  0.000000E+00  0.262341E+06
  0.324327E-01  0.260508E+06  0.222425E+06  0.000000E+00  0.000000E+00  0.000000E+00  0.254630E+06
  0.335320E-01  0.252934E+06  0.214472E+06  0.000000E+00  0.000000E+00  0.000000E+00  0.246998E+06
  0.346686E-01  0.245439E+06  0.206744E+06  0.000000E+00  0.000000E+00  0.000000E+00  0.239467E+06
  0.358437E-01  0.238044E+06  0.199277E+06  0.000000E+00  0.000000E+00  0.000000E+00  0.232061E+06
  0.370586E-01  0.230772E+06  0.192106E+06  0.000000E+00  0.000000E+00  0.000000E+00  0.224805E+06
  0.383147E-01  0.223612E+06  0.185230E+06  0.000000E+00  0.000000E+00  0.000000E+00  0.217688E+06
  0.396134E-01  0.216597E+06  0.178691E+06  0.000000E+00  0.000000E+00  0.000000E+00  0.210747E+06
  0.409561E-01  0.209770E+06  0.172540E+06  0.000000E+00  0.000000E+00  0.000000E+00  0.204024E+06
  0.423443E-01  0.203156E+06  0.166805E+06  0.000000E+00  0.000000E+00  0.000000E+00  0.197546E+06
  0.437796E-01  0.196775E+06  0.161505E+06  0.000000E+00  0.000000E+00  0.000000E+00  0.191332E+06
  0.452635E-01  0.190642E+06  0.156648E+06  0.000000E+00  0.000000E+00  0.000000E+00  0.185396E+06
  0.467977E-01  0.184763E+06  0.152231E+06  0.000000E+00  0.000000E+00  0.000000E+00  0.179743E+06
  0.483839E-01  0.179139E+06  0.148236E+06  0.000000E+00  0.000000E+00  0.000000E+00  0.174370E+06
  0.500239E-01  0.173762E+06  0.144633E+06  0.000000E+00  0.000000E+00  0.000000E+00  0.169266E+06
  0.517194E-01  0.168617E+06  0.141379E+06  0.000000E+00  0.000000E+00  0.000000E+00  0.164414E+06
  0.534725E-01  0.163689E+06  0.138420E+06  0.000000E+00  0.000000E+00  0.000000E+00  0.159789E+06
  0.552850E-01  0.158956E+06  0.135695E+06  0.000000E+00  0.000000E+00  0.000000E+00  0.155366E+06
  0.571588E-01  0.154404E+06  0.133142E+06  0.000000E+00  0.000000E+00  0.000000E+00  0.151122E+06
  0.590963E-01  0.150030E+06  0.130708E+06  0.000000E+00  0.000000E+00  0.000000E+00  0.147048E+06
  0.610993E-01  0.145910E+06  0.128422E+06  0.000000E+00  0.000000E+00  0.000000E+00  0.143211E+06
  0.631703E-01  0.141778E+06  0.125959E+06  0.000000E+00  0.000000E+00  0.000000E+00  0.139336E+06
  0.653114E-01  0.137695E+06  0.123335E+06  0.000000E+00  0.000000E+00  0.000000E+00  0.135479E+06
  0.675252E-01  0.133623E+06  0.120469E+06  0.000000E+00  0.000000E+00  0.000000E+00  0.131593E+06
  0.698139E-01  0.129524E+06  0.117291E+06  0.000000E+00  0.000000E+00  0.000000E+00  0.127636E+06
  0.721803E-01  0.125367E+06  0.113749E+06  0.000000E+00  0.000000E+00  0.000000E+00  0.123574E+06
  0.746268E-01  0.121130E+06  0.109821E+06  0.000000E+00  0.000000E+00  0.000000E+00  0.119385E+06
  0.771564E-01  0.116808E+06  0.105513E+06  0.000000E+00  0.000000E+00  0.000000E+00  0.115065E+06
  0.797716E-01  0.112408E+06  0.100871E+06  0.000000E+00  0.000000E+00  0.000000E+00  0.110628E+06
  0.824755E-01  0.107956E+06  0.959757E+05  0.000000E+00  0.000000E+00  0.000000E+00  0.106107E+06
  0.852709E-01  0.103488E+06  0.909366E+05  0.000000E+00  0.000000E+00  0.000000E+00  0.101551E+06
  0.881612E-01  0.990502E+05  0.858874E+05  0.000000E+00  0.000000E+00  0.000000E+00  0.970188E+05
  0.911495E-01  0.946943E+05  0.809762E+05  0.000000E+00  0.000000E+00  0.000000E+00  0.925772E+05
  0.942390E-01  0.904790E+05  0.763556E+05  0.000000E+00  0.000000E+00  0.000000E+00  0.882994E+05
  0.974333E-01  0.864657E+05  0.721708E+05  0.000000E+00  0.000000E+00  0.000000E+00  0.842595E+05
  0.100736E+00  0.827131E+05  0.685429E+05  0.000000E+00  0.000000E+00  0.000000E+00  0.805262E+05
  0.104150E+00  0.792659E+05  0.655478E+05  0.000000E+00  0.000000E+00  0.000000E+00  0.771488E+05
  0.107680E+00  0.761428E+05  0.631970E+05  0.000000E+00  0.000000E+00  0.000000E+00  0.741449E+05
  0.111330E+00  0.733303E+05  0.614275E+05  0.000000E+00  0.000000E+00  0.000000E+00  0.714933E+05
  0.115104E+00  0.707857E+05  0.601073E+05  0.000000E+00  0.000000E+00  0.000000E+00  0.691377E+05
  0.119005E+00  0.684449E+05  0.590524E+05  0.000000E+00  0.000000E+00  0.000000E+00  0.669953E+05
  0.123039E+00  0.662282E+05  0.580478E+05  0.000000E+00  0.000000E+00  0.000000E+00  0.649657E+05
  0.127209E+00  0.640427E+05  0.568709E+05  0.000000E+00  0.000000E+00  0.000000E+00  0.629359E+05
  0.131521E+00  0.617928E+05  0.553254E+05  0.000000E+00  0.000000E+00  0.000000E+00  0.607947E+05
  0.135979E+00  0.594068E+05  0.532888E+05  0.000000E+00  0.000000E+00  0.000000E+00  0.584626E+05
  0.140588E+00  0.568688E+05  0.507596E+05  0.000000E+00  0.000000E+00  0.000000E+00  0.559260E+05
  0.145353E+00  0.542261E+05  0.478657E+05  0.000000E+00  0.000000E+00  0.000000E+00  0.532445E+05
  0.150280E+00  0.515619E+05  0.448251E+05  0.000000E+00  0.000000E+00  0.000000E+00  0.505222E+05
  0.155374E+00  0.489653E+05  0.418875E+05  0.000000E+00  0.000000E+00  0.000000E+00  0.478730E+05
  0.160640E+00  0.465243E+05  0.392900E+05  0.000000E+00  0.000000E+00  0.000000E+00  0.454078E+05
  0.166085E+00  0.443246E+05  0.372169E+05  0.000000E+00  0.000000E+00  0.000000E+00  0.432277E+05
  0.171715E+00  0.424156E+05  0.357352E+05  0.000000E+00  0.000000E+00  0.000000E+00  0.413846E+05
  0.177535E+00  0.407682E+05  0.347439E+05  0.000000E+00  0.000000E+00  0.000000E+00  0.398385E+05
  0.183553E+00  0.392847E+05  0.340023E+05  0.000000E+00  0.000000E+00  0.000000E+00  0.384695E+05
  0.189774E+00  0.378516E+05  0.332281E+05  0.000000E+00  0.000000E+00  0.000000E+00  0.371381E+05
  0.196206E+00  0.363741E+05  0.321892E+05  0.000000E+00  0.000000E+00  0.000000E+00  0.357282E+05
  0.202857E+00  0.347921E+05  0.307710E+05  0.000000E+00  0.000000E+00  0.000000E+00  0.341715E+05
  0.209733E+00  0.331103E+05  0.290282E+05  0.000000E+00  0.000000E+00  0.000000E+00  0.324803E+05
  0.216842E+00  0.314049E+05  0.271722E+05  0.000000E+00  0.000000E+00  0.000000E+00  0.307517E+05
  0.224192E+00  0.297819E+05  0.254694E+05  0.000000E+00  0.000000E+00  0.000000E+00  0.291164E+05
  0.231791E+00  0.283293E+05  0.241205E+05  0.000000E+00  0.000000E+00  0.000000E+00  0.276797E+05
  0.239647E+00  0.270773E+05  0.231671E+05  0.000000E+00  0.000000E+00  0.000000E+00  0.264739E+05
  0.247770E+00  0.259741E+05  0.224643E+05  0.000000E+00  0.000000E+00  0.000000E+00  0.254325E+05
  0.256168E+00  0.249190E+05  0.217692E+05  0.000000E+00  0.000000E+00  0.000000E+00  0.244329E+05
  0.264851E+00  0.238296E+05  0.208921E+05  0.000000E+00  0.000000E+00  0.000000E+00  0.233762E+05
  0.273828E+00  0.226824E+05  0.197996E+05  0.000000E+00  0.000000E+00  0.000000E+00  0.222375E+05
  0.283110E+00  0.215205E+05  0.186224E+05  0.000000E+00  0.000000E+00  0.000000E+00  0.210732E+05
  0.292706E+00  0.204267E+05  0.175615E+05  0.000000E+00  0.000000E+00  0.000000E+00  0.199845E+05
  0.302627E+00  0.194531E+05  0.167312E+05  0.000000E+00  0.000000E+00  0.000000E+00  0.190330E+05
  0.312884E+00  0.185838E+05  0.160809E+05  0.000000E+00  0.000000E+00  0.000000E+00  0.181975E+05
  0.323490E+00  0.177613E+05  0.154603E+05  0.000000E+00  0.000000E+00  0.000000E+00  0.174062E+05
  0.334454E+00  0.169270E+05  0.147443E+05  0.000000E+00  0.000000E+00  0.000000E+00  0.165902E+05
  0.345791E+00  0.160804E+05  0.139475E+05  0.000000E+00  0.000000E+00  0.000000E+00  0.157512E+05
  0.357512E+00  0.152657E+05  0.131847E+05  0.000000E+00  0.000000E+00  0.000000E+00  0.149445E+05
  0.369629E+00  0.145215E+05  0.125433E+05  0.000000E+00  0.000000E+00  0.000000E+00  0.142162E+05
  0.382158E+00  0.138401E+05  0.119965E+05  0.000000E+00  0.000000E+00  0.000000E+00  0.135556E+05
  0.395111E+00  0.131844E+05  0.114540E+05  0.000000E+00  0.000000E+00  0.000000E+00  0.129173E+05
  0.408504E+00  0.125325E+05  0.108735E+05  0.000000E+00  0.000000E+00  0.000000E+00  0.122765E+05
  0.422350E+00  0.119003E+05  0.103002E+05  0.000000E+00  0.000000E+00  0.000000E+00  0.116533E+05
  0.436666E+00  0.113100E+05  0.978824E+04  0.000000E+00  0.000000E+00  0.000000E+00  0.110751E+05
  0.451466E+00  0.107601E+05  0.932868E+04  0.000000E+00  0.000000E+00  0.000000E+00  0.105392E+05
  0.466769E+00  0.102307E+05  0.887526E+04  0.000000E+00  0.000000E+00  0.000000E+00  0.100215E+05
  0.482590E+00  0.971573E+04  0.841964E+04  0.000000E+00  0.000000E+00  0.000000E+00  0.951570E+04
  0.498948E+00  0.922640E+04  0.799100E+04  0.000000E+00  0.000000E+00  0.000000E+00  0.903574E+04
  0.515859E+00  0.876651E+04  0.759793E+04  0.000000E+00  0.000000E+00  0.000000E+00  0.858617E+04
  0.533344E+00  0.832762E+04  0.722038E+04  0.000000E+00  0.000000E+00  0.000000E+00  0.815674E+04
  0.551422E+00  0.790549E+04  0.685126E+04  0.000000E+00  0.000000E+00  0.000000E+00  0.774279E+04
  0.570113E+00  0.750441E+04  0.650271E+04  0.000000E+00  0.000000E+00  0.000000E+00  0.734982E+04
  0.589437E+00  0.712460E+04  0.617564E+04  0.000000E+00  0.000000E+00  0.000000E+00  0.697815E+04
  0.609416E+00  0.676188E+04  0.586122E+04  0.000000E+00  0.000000E+00  0.000000E+00  0.662288E+04
  0.630072E+00  0.641583E+04  0.556033E+04  0.000000E+00  0.000000E+00  0.000000E+00  0.628380E+04
  0.651428E+00  0.608748E+04  0.527630E+04  0.000000E+00  0.000000E+00  0.000000E+00  0.596229E+04
  0.673509E+00  0.577504E+04  0.500575E+04  0.000000E+00  0.000000E+00  0.000000E+00  0.565631E+04
  0.696337E+00  0.547746E+04  0.474751E+04  0.000000E+00  0.000000E+00  0.000000E+00  0.536480E+04
  0.719940E+00  0.519473E+04  0.450264E+04  0.000000E+00  0.000000E+00  0.000000E+00  0.508792E+04
  0.744342E+00  0.492590E+04  0.426970E+04  0.000000E+00  0.000000E+00  0.000000E+00  0.482463E+04
  0.769572E+00  0.467024E+04  0.404807E+04  0.000000E+00  0.000000E+00  0.000000E+00  0.457422E+04
  0.795656E+00  0.442730E+04  0.383757E+04  0.000000E+00  0.000000E+00  0.000000E+00  0.433629E+04
  0.822625E+00  0.419637E+04  0.363741E+04  0.000000E+00  0.000000E+00  0.000000E+00  0.411011E+04
  0.850508E+00  0.397696E+04  0.344725E+04  0.000000E+00  0.000000E+00  0.000000E+00  0.389521E+04
  0.879336E+00  0.376851E+04  0.326659E+04  0.000000E+00  0.000000E+00  0.000000E+00  0.369105E+04
  0.909141E+00  0.357052E+04  0.309498E+04  0.000000E+00  0.000000E+00  0.000000E+00  0.349713E+04
  0.939957E+00  0.338255E+04  0.293207E+04  0.000000E+00  0.000000E+00  0.000000E+00  0.331303E+04
  0.971817E+00  0.320408E+04  0.277738E+04  0.000000E+00  0.000000E+00  0.000000E+00  0.313822E+04
  0.100476E+01  0.303463E+04  0.263051E+04  0.000000E+00  0.000000E+00  0.000000E+00  0.297226E+04
  0.103881E+01  0.287381E+04  0.249113E+04  0.000000E+00  0.000000E+00  0.000000E+00  0.281475E+04
  0.107402E+01  0.272116E+04  0.235881E+04  0.000000E+00  0.000000E+00  0.000000E+00  0.266524E+04
  0.111043E+01  0.257632E+04  0.223327E+04  0.000000E+00  0.000000E+00  0.000000E+00  0.252337E+04
  0.114807E+01  0.243889E+04  0.211415E+04  0.000000E+00  0.000000E+00  0.000000E+00  0.238877E+04
  0.118698E+01  0.230855E+04  0.200117E+04  0.000000E+00  0.000000E+00  0.000000E+00  0.226111E+04
  0.122721E+01  0.218494E+04  0.189403E+04  0.000000E+00  0.000000E+00  0.000000E+00  0.214004E+04
  0.126881E+01  0.206771E+04  0.179242E+04  0.000000E+00  0.000000E+00  0.000000E+00  0.202523E+04
  0.131182E+01  0.195657E+04  0.169608E+04  0.000000E+00  0.000000E+00  0.000000E+00  0.191637E+04
  0.135628E+01  0.185119E+04  0.160474E+04  0.000000E+00  0.000000E+00  0.000000E+00  0.181315E+04
  0.140225E+01  0.175130E+04  0.151815E+04  0.000000E+00  0.000000E+00  0.000000E+00  0.171532E+04
  0.144978E+01  0.165662E+04  0.143609E+04  0.000000E+00  0.000000E+00  0.000000E+00  0.162259E+04
  0.149892E+01  0.156691E+04  0.135832E+04  0.000000E+00  0.000000E+00  0.000000E+00  0.153472E+04
  0.154973E+01  0.148191E+04  0.128464E+04  0.000000E+00  0.000000E+00  0.000000E+00  0.145147E+04
  0.160226E+01  0.140138E+04  0.121483E+04  0.000000E+00  0.000000E+00  0.000000E+00  0.137259E+04
  0.165656E+01  0.132510E+04  0.114872E+04  0.000000E+00  0.000000E+00  0.000000E+00  0.129788E+04
  0.171271E+01  0.125285E+04  0.108609E+04  0.000000E+00  0.000000E+00  0.000000E+00  0.122711E+04
  0.177077E+01  0.118442E+04  0.102677E+04  0.000000E+00  0.000000E+00  0.000000E+00  0.116009E+04
  0.183079E+01  0.111963E+04  0.970601E+03  0.000000E+00  0.000000E+00  0.000000E+00  0.109663E+04
  0.189284E+01  0.105828E+04  0.917422E+03  0.000000E+00  0.000000E+00  0.000000E+00  0.103654E+04
  0.195700E+01  0.100021E+04  0.867080E+03  0.000000E+00  0.000000E+00  0.000000E+00  0.979661E+03
  0.202333E+01  0.945239E+03  0.819431E+03  0.000000E+00  0.000000E+00  0.000000E+00  0.925823E+03
  0.209191E+01  0.893208E+03  0.774327E+03  0.000000E+00  0.000000E+00  0.000000E+00  0.874861E+03
  0.216282E+01  0.843967E+03  0.731642E+03  0.000000E+00  0.000000E+00  0.000000E+00  0.826632E+03
  0.223613E+01  0.797372E+03  0.691249E+03  0.000000E+00  0.000000E+00  0.000000E+00  0.780994E+03
  0.231192E+01  0.753288E+03  0.653034E+03  0.000000E+00  0.000000E+00  0.000000E+00  0.737815E+03
  0.239028E+01  0.711583E+03  0.616881E+03  0.000000E+00  0.000000E+00  0.000000E+00  0.696967E+03
  0.247130E+01  0.672131E+03  0.582681E+03  0.000000E+00  0.000000E+00  0.000000E+00  0.658326E+03
  0.255507E+01  0.634812E+03  0.550329E+03  0.000000E+00  0.000000E+00  0.000000E+00  0.621774E+03
  0.264167E+01  0.599519E+03  0.519734E+03  0.000000E+00  0.000000E+00  0.000000E+00  0.587206E+03
  0.273121E+01  0.566147E+03  0.490804E+03  0.000000E+00  0.000000E+00  0.000000E+00  0.554519E+03
  0.282379E+01  0.534589E+03  0.463447E+03  0.000000E+00  0.000000E+00  0.000000E+00  0.523610E+03
  0.291950E+01  0.504752E+03  0.437580E+03  0.000000E+00  0.000000E+00  0.000000E+00  0.494385E+03
  0.301846E+01  0.476542E+03  0.413125E+03  0.000000E+00  0.000000E+00  0.000000E+00  0.466755E+03
  0.312077E+01  0.449877E+03  0.390009E+03  0.000000E+00  0.000000E+00  0.000000E+00  0.440637E+03
  0.322655E+01  0.424674E+03  0.368160E+03  0.000000E+00  0.000000E+00  0.000000E+00  0.415952E+03
  0.333591E+01  0.400853E+03  0.347510E+03  0.000000E+00  0.000000E+00  0.000000E+00  0.392621E+03
  0.344898E+01  0.378341E+03  0.327993E+03  0.000000E+00  0.000000E+00  0.000000E+00  0.370571E+03
  0.356588E+01  0.357068E+03  0.309552E+03  0.000000E+00  0.000000E+00  0.000000E+00  0.349735E+03
  0.368675E+01  0.336969E+03  0.292127E+03  0.000000E+00  0.000000E+00  0.000000E+00  0.330048E+03
  0.381172E+01  0.317979E+03  0.275664E+03  0.000000E+00  0.000000E+00  0.000000E+00  0.311448E+03
  0.394091E+01  0.300039E+03  0.260111E+03  0.000000E+00  0.000000E+00  0.000000E+00  0.293877E+03
  0.407449E+01  0.283091E+03  0.245419E+03  0.000000E+00  0.000000E+00  0.000000E+00  0.277277E+03
  0.421259E+01  0.267085E+03  0.231542E+03  0.000000E+00  0.000000E+00  0.000000E+00  0.261599E+03
  0.435538E+01  0.251967E+03  0.218436E+03  0.000000E+00  0.000000E+00  0.000000E+00  0.246792E+03
  0.450301E+01  0.237689E+03  0.206058E+03  0.000000E+00  0.000000E+00  0.000000E+00  0.232807E+03
  0.465564E+01  0.224206E+03  0.194369E+03  0.000000E+00  0.000000E+00  0.000000E+00  0.219601E+03
  0.481344E+01  0.211475E+03  0.183332E+03  0.000000E+00  0.000000E+00  0.000000E+00  0.207132E+03
  0.497659E+01  0.199455E+03  0.172911E+03  0.000000E+00  0.000000E+00  0.000000E+00  0.195358E+03
  0.514527E+01  0.188106E+03  0.163073E+03  0.000000E+00  0.000000E+00  0.000000E+00  0.184243E+03
  0.531968E+01  0.177392E+03  0.153784E+03  0.000000E+00  0.000000E+00  0.000000E+00  0.173749E+03
  0.549998E+01  0.167280E+03  0.145017E+03  0.000000E+00  0.000000E+00  0.000000E+00  0.163844E+03
  0.568641E+01  0.157734E+03  0.136741E+03  0.000000E+00  0.000000E+00  0.000000E+00  0.154494E+03
  0.587915E+01  0.148724E+03  0.128930E+03  0.000000E+00  0.000000E+00  0.000000E+00  0.145669E+03
  0.607843E+01  0.140221E+03  0.121559E+03  0.000000E+00  0.000000E+00  0.000000E+00  0.137341E+03
  0.628446E+01  0.132197E+03  0.114602E+03  0.000000E+00  0.000000E+00  0.000000E+00  0.129482E+03
  0.649747E+01  0.124625E+03  0.108037E+03  0.000000E+00  0.000000E+00  0.000000E+00  0.122065E+03
  0.671770E+01  0.117481E+03  0.101843E+03  0.000000E+00  0.000000E+00  0.000000E+00  0.115067E+03
  0.694539E+01  0.110740E+03  0.959992E+02  0.000000E+00  0.000000E+00  0.000000E+00  0.108465E+03
  0.718081E+01  0.104380E+03  0.904854E+02  0.000000E+00  0.000000E+00  0.000000E+00  0.102236E+03
  0.742420E+01  0.983804E+02  0.852838E+02  0.000000E+00  0.000000E+00  0.000000E+00  0.963592E+02
  0.767585E+01  0.927208E+02  0.803771E+02  0.000000E+00  0.000000E+00  0.000000E+00  0.908158E+02
  0.793602E+01  0.873823E+02  0.757487E+02  0.000000E+00  0.000000E+00  0.000000E+00  0.855869E+02
  0.820502E+01  0.823469E+02  0.713831E+02  0.000000E+00  0.000000E+00  0.000000E+00  0.806548E+02
  0.848312E+01  0.775980E+02  0.672659E+02  0.000000E+00  0.000000E+00  0.000000E+00  0.760034E+02
  0.877066E+01  0.731191E+02  0.633828E+02  0.000000E+00  0.000000E+00  0.000000E+00  0.716165E+02
  0.906794E+01  0.688956E+02  0.597210E+02  0.000000E+00  0.000000E+00  0.000000E+00  0.674796E+02
  0.937530E+01  0.649128E+02  0.562680E+02  0.000000E+00  0.000000E+00  0.000000E+00  0.635786E+02
  0.969308E+01  0.611573E+02  0.530120E+02  0.000000E+00  0.000000E+00  0.000000E+00  0.599002E+02
  0.100216E+02  0.576164E+02  0.499421E+02  0.000000E+00  0.000000E+00  0.000000E+00  0.564320E+02
  0.103613E+02  0.542780E+02  0.470476E+02  0.000000E+00  0.000000E+00  0.000000E+00  0.531621E+02
  0.107125E+02  0.511307E+02  0.443189E+02  0.000000E+00  0.000000E+00  0.000000E+00  0.500794E+02
  0.110756E+02  0.481637E+02  0.417465E+02  0.000000E+00  0.000000E+00  0.000000E+00  0.471733E+02
  0.114510E+02  0.453668E+02  0.393216E+02  0.000000E+00  0.000000E+00  0.000000E+00  0.444338E+02
  0.118392E+02  0.427304E+02  0.370358E+02  0.000000E+00  0.000000E+00  0.000000E+00  0.418516E+02
  0.122404E+02  0.402455E+02  0.348814E+02  0.000000E+00  0.000000E+00  0.000000E+00  0.394177E+02
  0.126553E+02  0.379035E+02  0.328508E+02  0.000000E+00  0.000000E+00  0.000000E+00  0.371237E+02
  0.130843E+02  0.356962E+02  0.309370E+02  0.000000E+00  0.000000E+00  0.000000E+00  0.349618E+02
  0.135278E+02  0.336160E+02  0.291334E+02  0.000000E+00  0.000000E+00  0.000000E+00  0.329242E+02
  0.139863E+02  0.316558E+02  0.274339E+02  0.000000E+00  0.000000E+00  0.000000E+00  0.310042E+02
  0.144604E+02  0.298086E+02  0.258323E+02  0.000000E+00  0.000000E+00  0.000000E+00  0.291949E+02
  0.149505E+02  0.280681E+02  0.243232E+02  0.000000E+00  0.000000E+00  0.000000E+00  0.274901E+02
  0.154573E+02  0.264280E+02  0.229012E+02  0.000000E+00  0.000000E+00  0.000000E+00  0.258837E+02
  0.159812E+02  0.248829E+02  0.215615E+02  0.000000E+00  0.000000E+00  0.000000E+00  0.243703E+02
  0.165229E+02  0.234271E+02  0.202993E+02  0.000000E+00  0.000000E+00  0.000000E+00  0.229444E+02
  0.170829E+02  0.220557E+02  0.191102E+02  0.000000E+00  0.000000E+00  0.000000E+00  0.216011E+02
  0.176619E+02  0.207637E+02  0.179900E+02  0.000000E+00  0.000000E+00  0.000000E+00  0.203357E+02
  0.182606E+02  0.195467E+02  0.169347E+02  0.000000E+00  0.000000E+00  0.000000E+00  0.191436E+02
  0.188795E+02  0.184003E+02  0.159407E+02  0.000000E+00  0.000000E+00  0.000000E+00  0.180207E+02
  0.195195E+02  0.173205E+02  0.150045E+02  0.000000E+00  0.000000E+00  0.000000E+00  0.169631E+02
  0.201811E+02  0.163035E+02  0.141226E+02  0.000000E+00  0.000000E+00  0.000000E+00  0.159669E+02
  0.208651E+02  0.153456E+02  0.132920E+02  0.000000E+00  0.000000E+00  0.000000E+00  0.150286E+02
  0.215723E+02  0.144434E+02  0.125098E+02  0.000000E+00  0.000000E+00  0.000000E+00  0.141450E+02
  0.223035E+02  0.135938E+02  0.117731E+02  0.000000E+00  0.000000E+00  0.000000E+00  0.133129E+02
  0.230595E+02  0.127938E+02  0.110794E+02  0.000000E+00  0.000000E+00  0.000000E+00  0.125292E+02
  0.238411E+02  0.120404E+02  0.104261E+02  0.000000E+00  0.000000E+00  0.000000E+00  0.117912E+02
  0.246492E+02  0.113310E+02  0.981096E+01  0.000000E+00  0.000000E+00  0.000000E+00  0.110964E+02
  0.254847E+02  0.106629E+02  0.923171E+01  0.000000E+00  0.000000E+00  0.000000E+00  0.104421E+02
  0.263485E+02  0.100340E+02  0.868631E+01  0.000000E+00  0.000000E+00  0.000000E+00  0.982599E+01
  0.272416E+02  0.944181E+01  0.817282E+01  0.000000E+00  0.000000E+00  0.000000E+00  0.924596E+01
  0.281650E+02  0.888427E+01  0.768935E+01  0.000000E+00  0.000000E+00  0.000000E+00  0.869986E+01
  0.291196E+02  0.835939E+01  0.723420E+01  0.000000E+00  0.000000E+00  0.000000E+00  0.818574E+01
  0.301066E+02  0.786525E+01  0.680570E+01  0.000000E+00  0.000000E+00  0.000000E+00  0.770173E+01
  0.311271E+02  0.740009E+01  0.640232E+01  0.000000E+00  0.000000E+00  0.000000E+00  0.724610E+01
  0.321822E+02  0.696221E+01  0.602259E+01  0.000000E+00  0.000000E+00  0.000000E+00  0.681719E+01
  0.332730E+02  0.655003E+01  0.566515E+01  0.000000E+00  0.000000E+00  0.000000E+00  0.641347E+01
  0.344008E+02  0.616205E+01  0.532869E+01  0.000000E+00  0.000000E+00  0.000000E+00  0.603344E+01
  0.355668E+02  0.579688E+01  0.501200E+01  0.000000E+00  0.000000E+00  0.000000E+00  0.567575E+01
  0.367723E+02  0.545317E+01  0.471393E+01  0.000000E+00  0.000000E+00  0.000000E+00  0.533909E+01
  0.380187E+02  0.512969E+01  0.443339E+01  0.000000E+00  0.000000E+00  0.000000E+00  0.502223E+01
  0.393074E+02  0.482525E+01  0.416935E+01  0.000000E+00  0.000000E+00  0.000000E+00  0.472402E+01
  0.406397E+02  0.453874E+01  0.392086E+01  0.000000E+00  0.000000E+00  0.000000E+00  0.444338E+01
  0.420172E+02  0.426910E+01  0.368701E+01  0.000000E+00  0.000000E+00  0.000000E+00  0.417927E+01
  0.434414E+02  0.401537E+01  0.346694E+01  0.000000E+00  0.000000E+00  0.000000E+00  0.393073E+01
  0.449138E+02  0.377660E+01  0.325985E+01  0.000000E+00  0.000000E+00  0.000000E+00  0.369685E+01
  0.464362E+02  0.355193E+01  0.306497E+01  0.000000E+00  0.000000E+00  0.000000E+00  0.347678E+01
  0.480101E+02  0.334053E+01  0.288161E+01  0.000000E+00  0.000000E+00  0.000000E+00  0.326970E+01
  0.496375E+02  0.314161E+01  0.270907E+01  0.000000E+00  0.000000E+00  0.000000E+00  0.307485E+01
  0.513199E+02  0.295445E+01  0.254673E+01  0.000000E+00  0.000000E+00  0.000000E+00  0.289153E+01
  0.530594E+02  0.277836E+01  0.239398E+01  0.000000E+00  0.000000E+00  0.000000E+00  0.271904E+01
  0.548579E+02  0.261270E+01  0.225027E+01  0.000000E+00  0.000000E+00  0.000000E+00  0.255676E+01
  0.567173E+02  0.245684E+01  0.211506E+01  0.000000E+00  0.000000E+00  0.000000E+00  0.240409E+01
  0.586397E+02  0.231021E+01  0.198785E+01  0.000000E+00  0.000000E+00  0.000000E+00  0.226046E+01
  0.606273E+02  0.217227E+01  0.186818E+01  0.000000E+00  0.000000E+00  0.000000E+00  0.212534E+01
  0.626823E+02  0.204251E+01  0.175560E+01  0.000000E+00  0.000000E+00  0.000000E+00  0.199823E+01
  0.648069E+02  0.192044E+01  0.164970E+01  0.000000E+00  0.000000E+00  0.000000E+00  0.187866E+01
  0.670036E+02  0.180562E+01  0.155007E+01  0.000000E+00  0.000000E+00  0.000000E+00  0.176618E+01
  0.692747E+02  0.169762E+01  0.145636E+01  0.000000E+00  0.000000E+00  0.000000E+00  0.166039E+01
  0.716227E+02  0.159603E+01  0.136821E+01  0.000000E+00  0.000000E+00  0.000000E+00  0.156087E+01
  0.740504E+02  0.150048E+01  0.128529E+01  0.000000E+00  0.000000E+00  0.000000E+00  0.146727E+01
  0.765604E+02  0.141061E+01  0.120730E+01  0.000000E+00  0.000000E+00  0.000000E+00  0.137923E+01
  0.791553E+02  0.132608E+01  0.113395E+01  0.000000E+00  0.000000E+00  0.000000E+00  0.129643E+01
  0.818384E+02  0.124659E+01  0.106496E+01  0.000000E+00  0.000000E+00  0.000000E+00  0.121856E+01
  0.846122E+02  0.117183E+01  0.100007E+01  0.000000E+00  0.000000E+00  0.000000E+00  0.114532E+01
  0.874802E+02  0.110151E+01  0.939039E+00  0.000000E+00  0.000000E+00  0.000000E+00  0.107644E+01
  0.904453E+02  0.103539E+01  0.881645E+00  0.000000E+00  0.000000E+00  0.000000E+00  0.101166E+01
  0.935109E+02  0.973213E+00  0.827669E+00  0.000000E+00  0.000000E+00  0.000000E+00  0.950751E+00
  0.966806E+02  0.914739E+00  0.776906E+00  0.000000E+00  0.000000E+00  0.000000E+00  0.893467E+00
  0.999576E+02  0.859755E+00  0.729172E+00  0.000000E+00  0.000000E+00  0.000000E+00  0.839602E+00
  0.103346E+03  0.808053E+00  0.684284E+00  0.000000E+00  0.000000E+00  0.000000E+00  0.788952E+00
  0.106849E+03  0.759435E+00  0.642071E+00  0.000000E+00  0.000000E+00  0.000000E+00  0.741322E+00
  0.110470E+03  0.713723E+00  0.602379E+00  0.000000E+00  0.000000E+00  0.000000E+00  0.696540E+00
  0.114215E+03  0.670743E+00  0.565057E+00  0.000000E+00  0.000000E+00  0.000000E+00  0.654433E+00
  0.118086E+03  0.630332E+00  0.529965E+00  0.000000E+00  0.000000E+00  0.000000E+00  0.614842E+00
  0.122089E+03  0.592335E+00  0.496967E+00  0.000000E+00  0.000000E+00  0.000000E+00  0.577617E+00
  0.126227E+03  0.556613E+00  0.465944E+00  0.000000E+00  0.000000E+00  0.000000E+00  0.542620E+00
  0.130505E+03  0.523029E+00  0.436776E+00  0.000000E+00  0.000000E+00  0.000000E+00  0.509718E+00
  0.134928E+03  0.491456E+00  0.409353E+00  0.000000E+00  0.000000E+00  0.000000E+00  0.478785E+00
  0.139502E+03  0.461771E+00  0.383571E+00  0.000000E+00  0.000000E+00  0.000000E+00  0.449703E+00
  0.144230E+03  0.433867E+00  0.359335E+00  0.000000E+00  0.000000E+00  0.000000E+00  0.422364E+00
  0.149119E+03  0.407635E+00  0.336551E+00  0.000000E+00  0.000000E+00  0.000000E+00  0.396665E+00
  0.154173E+03  0.382976E+00  0.315133E+00  0.000000E+00  0.000000E+00  0.000000E+00  0.372506E+00
  0.159399E+03  0.359795E+00  0.295000E+00  0.000000E+00  0.000000E+00  0.000000E+00  0.349795E+00
  0.164802E+03  0.338005E+00  0.276077E+00  0.000000E+00  0.000000E+00  0.000000E+00  0.328448E+00
  0.170388E+03  0.317524E+00  0.258291E+00  0.000000E+00  0.000000E+00  0.000000E+00  0.308382E+00
  0.176164E+03  0.298271E+00  0.241574E+00  0.000000E+00  0.000000E+00  0.000000E+00  0.289521E+00
  0.182135E+03  0.280176E+00  0.225864E+00  0.000000E+00  0.000000E+00  0.000000E+00  0.271794E+00
  0.188308E+03  0.263168E+00  0.211102E+00  0.000000E+00  0.000000E+00  0.000000E+00  0.255132E+00
  0.194691E+03  0.247182E+00  0.197230E+00  0.000000E+00  0.000000E+00  0.000000E+00  0.239473E+00
  0.201290E+03  0.232157E+00  0.184195E+00  0.000000E+00  0.000000E+00  0.000000E+00  0.224755E+00
