  0.108800E-04  0.296708E+06  0.296708E+06  0.395608E+06  0.395608E+06  0.000000E+00  0.296708E+06
  0.112487E-04  0.296708E+06  0.296708E+06  0.395608E+06  0.395608E+06  0.000000E+00  0.296708E+06
  0.116300E-04  0.296708E+06  0.296708E+06  0.395608E+06  0.395608E+06  0.000000E+00  0.296708E+06
  0.120242E-04  0.296708E+06  0.296708E+06  0.395608E+06  0.395607E+06  0.000000E+00  0.296708E+06
  0.124318E-04  0.296708E+06  0.296708E+06  0.395607E+06  0.395607E+06  0.000000E+00  0.296708E+06
  0.128531E-04  0.296708E+06  0.296708E+06  0.395607E+06  0.395607E+06  0.000000E+00  0.296708E+06
  0.132888E-04  0.296708E+06  0.296708E+06  0.395607E+06  0.395607E+06  0.000000E+00  0.296708E+06
  0.137392E-04  0.296708E+06  0.296708E+06  0.395607E+06  0.395606E+06  0.000000E+00  0.296708E+06
  0.142049E-04  0.296708E+06  0.296708E+06  0.395606E+06  0.395606E+06  0.000000E+00  0.296708E+06
  0.146864E-04  0.296708E+06  0.296708E+06  0.395606E+06  0.395606E+06  0.000000E+00  0.296708E+06
  0.151842E-04  0.296708E+06  0.296708E+06  0.395606E+06  0.395606E+06  0.000000E+00  0.296708E+06
  0.156989E-04  0.296708E+06  0.296708E+06  0.395606E+06  0.395605E+06  0.000000E+00  0.296708E+06
  0.162310E-04  0.296708E+06  0.296708E+06  0.395605E+06  0.395605E+06  0.000000E+00  0.296708E+06
  0.167811E-04  0.296708E+06  0.296708E+06  0.395605E+06  0.395604E+06  0.000000E+00  0.296708E+06
  0.173499E-04  0.296708E+06  0.296708E+06  0.395604E+06  0.395604E+06  0.000000E+00  0.296708E+06
  0.179380E-04  0.296708E+06  0.296708E+06  0.395604E+06  0.395603E+06  0.000000E+00  0.296708E+06
  0.185460E-04  0.296708E+06  0.296708E+06  0.395604E+06  0.395603E+06  0.000000E+00  0.296708E+06
  0.191746E-04  0.296708E+06  0.296708E+06  0.395603E+06  0.395602E+06  0.000000E+00  0.296708E+06
  0.198246E-04  0.296708E+06  0.296708E+06  0.395602E+06  0.395602E+06  0.000000E+00  0.296708E+06
  0.204965E-04  0.296708E+06  0.296708E+06  0.395602E+06  0.395601E+06  0.000000E+00  0.296708E+06
  0.211913E-04  0.296708E+06  0.296708E+06  0.395601E+06  0.395601E+06  0.000000E+00  0.296708E+06
  0.219095E-04  0.296708E+06  0.296708E+06  0.395601E+06  0.395600E+06  0.000000E+00  0.296708E+06
  0.226522E-04  0.296708E+06  0.296708E+06  0.395600E+06  0.395599E+06  0.000000E+00  0.296708E+06
  0.234200E-04  0.296708E+06  0.296708E+06  0.395599E+06  0.395598E+06  0.000000E+00  0.296708E+06
  0.242138E-04  0.296708E+06  0.296707E+06  0.395598E+06  0.395598E+06  0.000000E+00  0.296708E+06
  0.250345E-04  0.296708E+06  0.296707E+06  0.395598E+06  0.395597E+06  0.000000E+00  0.296708E+06
  0.258831E-04  0.296708E+06  0.296707E+06  0.395597E+06  0.395596E+06  0.000000E+00  0.296708E+06
  0.267604E-04  0.296707E+06  0.296707E+06  0.395596E+06  0.395595E+06  0.000000E+00  0.296707E+06
  0.276674E-04  0.296707E+06  0.296707E+06  0.395595E+06  0.395593E+06  0.000000E+00  0.296707E+06
  0.286052E-04  0.296707E+06  0.296707E+06  0.395594E+06  0.395592E+06  0.000000E+00  0.296707E+06
  0.295748E-04  0.296707E+06  0.296707E+06  0.395592E+06  0.395591E+06  0.000000E+00  0.296707E+06
  0.305772E-04  0.296707E+06  0.296707E+06  0.395591E+06  0.395590E+06  0.000000E+00  0.296707E+06
  0.316136E-04  0.296707E+06  0.296707E+06  0.395590E+06  0.395588E+06  0.000000E+00  0.296707E+06
  0.326852E-04  0.296707E+06  0.296707E+06  0.395588E+06  0.395587E+06  0.000000E+00  0.296707E+06
  0.337931E-04  0.296707E+06  0.296707E+06  0.395587E+06  0.395585E+06  0.000000E+00  0.296707E+06
  0.349385E-04  0.296707E+06  0.296707E+06  0.395585E+06  0.395583E+06  0.000000E+00  0.296707E+06
  0.361227E-04  0.296707E+06  0.296707E+06  0.395583E+06  0.395581E+06  0.000000E+00  0.296707E+06
  0.373471E-04  0.296707E+06  0.296707E+06  0.395581E+06  0.395579E+06  0.000000E+00  0.296707E+06
  0.386130E-04  0.296707E+06  0.296707E+06  0.395579E+06  0.395577E+06  0.000000E+00  0.296707E+06
  0.399218E-04  0.296707E+06  0.296706E+06  0.395577E+06  0.395575E+06  0.000000E+00  0.296707E+06
  0.412749E-04  0.296707E+06  0.296706E+06  0.395575E+06  0.395572E+06  0.000000E+00  0.296707E+06
  0.426740E-04  0.296707E+06  0.296706E+06  0.395572E+06  0.395570E+06  0.000000E+00  0.296707E+06
  0.441204E-04  0.296706E+06  0.296706E+06  0.395570E+06  0.395567E+06  0.000000E+00  0.296706E+06
  0.456159E-04  0.296706E+06  0.296706E+06  0.395567E+06  0.395564E+06  0.000000E+00  0.296706E+06
  0.471620E-04  0.296706E+06  0.296706E+06  0.395564E+06  0.395561E+06  0.000000E+00  0.296706E+06
  0.487606E-04  0.296706E+06  0.296706E+06  0.395561E+06  0.395557E+06  0.000000E+00  0.296706E+06
  0.504133E-04  0.296706E+06  0.296706E+06  0.395557E+06  0.395553E+06  0.000000E+00  0.296706E+06
  0.521221E-04  0.296706E+06  0.296705E+06  0.395554E+06  0.395549E+06  0.000000E+00  0.296706E+06
  0.538888E-04  0.296706E+06  0.296705E+06  0.395550E+06  0.395545E+06  0.000000E+00  0.296706E+06
  0.557153E-04  0.296706E+06  0.296705E+06  0.395546E+06  0.395541E+06  0.000000E+00  0.296706E+06
  0.576038E-04  0.296705E+06  0.296705E+06  0.395541E+06  0.395536E+06  0.000000E+00  0.296705E+06
  0.595563E-04  0.296705E+06  0.296705E+06  0.395536E+06  0.395531E+06  0.000000E+00  0.296705E+06
  0.615750E-04  0.296705E+06  0.296704E+06  0.395531E+06  0.395525E+06  0.000000E+00  0.296705E+06
  0.636621E-04  0.296705E+06  0.296704E+06  0.395526E+06  0.395519E+06  0.000000E+00  0.296705E+06
  0.658199E-04  0.296705E+06  0.296704E+06  0.395520E+06  0.395513E+06  0.000000E+00  0.296705E+06
  0.680509E-04  0.296704E+06  0.296704E+06  0.395514E+06  0.395506E+06  0.000000E+00  0.296704E+06
  0.703575E-04  0.296704E+06  0.296703E+06  0.395507E+06  0.395499E+06  0.000000E+00  0.296704E+06
  0.727422E-04  0.296704E+06  0.296703E+06  0.395500E+06  0.395491E+06  0.000000E+00  0.296704E+06
  0.752079E-04  0.296704E+06  0.296703E+06  0.395492E+06  0.395483E+06  0.000000E+00  0.296703E+06
  0.777570E-04  0.296703E+06  0.296702E+06  0.395484E+06  0.395474E+06  0.000000E+00  0.296703E+06
  0.803926E-04  0.296703E+06  0.296702E+06  0.395475E+06  0.395465E+06  0.000000E+00  0.296703E+06
  0.831175E-04  0.296702E+06  0.296701E+06  0.395466E+06  0.395455E+06  0.000000E+00  0.296702E+06
  0.859348E-04  0.296702E+06  0.296701E+06  0.395456E+06  0.395444E+06  0.000000E+00  0.296702E+06
  0.888476E-04  0.296702E+06  0.296700E+06  0.395445E+06  0.395433E+06  0.000000E+00  0.296702E+06
  0.918591E-04  0.296701E+06  0.296700E+06  0.395434E+06  0.395420E+06  0.000000E+00  0.296701E+06
  0.949726E-04  0.296701E+06  0.296699E+06  0.395421E+06  0.395407E+06  0.000000E+00  0.296701E+06
  0.981917E-04  0.296700E+06  0.296699E+06  0.395408E+06  0.395393E+06  0.000000E+00  0.296700E+06
  0.101520E-03  0.296700E+06  0.296698E+06  0.395394E+06  0.395378E+06  0.000000E+00  0.296700E+06
  0.104961E-03  0.296699E+06  0.296697E+06  0.395380E+06  0.395362E+06  0.000000E+00  0.296699E+06
  0.108519E-03  0.296699E+06  0.296697E+06  0.395364E+06  0.395345E+06  0.000000E+00  0.296699E+06
  0.112197E-03  0.296698E+06  0.296696E+06  0.395347E+06  0.395327E+06  0.000000E+00  0.296698E+06
  0.116000E-03  0.296697E+06  0.296695E+06  0.395328E+06  0.395307E+06  0.000000E+00  0.296697E+06
  0.119932E-03  0.296696E+06  0.296694E+06  0.395309E+06  0.395286E+06  0.000000E+00  0.296696E+06
  0.123997E-03  0.296696E+06  0.296693E+06  0.395288E+06  0.395264E+06  0.000000E+00  0.296696E+06
  0.128200E-03  0.296695E+06  0.296692E+06  0.395266E+06  0.395240E+06  0.000000E+00  0.296695E+06
  0.132545E-03  0.296694E+06  0.296691E+06  0.395242E+06  0.395215E+06  0.000000E+00  0.296694E+06
  0.137038E-03  0.296693E+06  0.296690E+06  0.395217E+06  0.395187E+06  0.000000E+00  0.296693E+06
  0.141683E-03  0.296692E+06  0.296689E+06  0.395190E+06  0.395158E+06  0.000000E+00  0.296692E+06
  0.146485E-03  0.296691E+06  0.296687E+06  0.395160E+06  0.395127E+06  0.000000E+00  0.296691E+06
  0.151450E-03  0.296690E+06  0.296686E+06  0.395130E+06  0.395094E+06  0.000000E+00  0.296690E+06
  0.156583E-03  0.296688E+06  0.296685E+06  0.395096E+06  0.395058E+06  0.000000E+00  0.296688E+06
  0.161891E-03  0.296687E+06  0.296683E+06  0.395061E+06  0.395020E+06  0.000000E+00  0.296687E+06
  0.167378E-03  0.296686E+06  0.296681E+06  0.395023E+06  0.394979E+06  0.000000E+00  0.296685E+06
  0.173051E-03  0.296684E+06  0.296679E+06  0.394983E+06  0.394936E+06  0.000000E+00  0.296684E+06
  0.178917E-03  0.296682E+06  0.296677E+06  0.394939E+06  0.394889E+06  0.000000E+00  0.296682E+06
  0.184981E-03  0.296681E+06  0.296675E+06  0.394893E+06  0.394840E+06  0.000000E+00  0.296680E+06
  0.191251E-03  0.296679E+06  0.296673E+06  0.394844E+06  0.394786E+06  0.000000E+00  0.296679E+06
  0.197734E-03  0.296677E+06  0.296671E+06  0.394791E+06  0.394730E+06  0.000000E+00  0.296676E+06
  0.204436E-03  0.296675E+06  0.296668E+06  0.394734E+06  0.394669E+06  0.000000E+00  0.296674E+06
  0.211366E-03  0.296672E+06  0.296665E+06  0.394674E+06  0.394604E+06  0.000000E+00  0.296672E+06
  0.218530E-03  0.296670E+06  0.296662E+06  0.394609E+06  0.394535E+06  0.000000E+00  0.296670E+06
  0.225937E-03  0.296667E+06  0.296659E+06  0.394540E+06  0.394461E+06  0.000000E+00  0.296667E+06
  0.233595E-03  0.296664E+06  0.296656E+06  0.394467E+06  0.394382E+06  0.000000E+00  0.296664E+06
  0.241513E-03  0.296661E+06  0.296652E+06  0.394388E+06  0.394297E+06  0.000000E+00  0.296661E+06
  0.249699E-03  0.296658E+06  0.296648E+06  0.394304E+06  0.394207E+06  0.000000E+00  0.296658E+06
  0.258162E-03  0.296655E+06  0.296644E+06  0.394214E+06  0.394110E+06  0.000000E+00  0.296654E+06
  0.266913E-03  0.296651E+06  0.296640E+06  0.394118E+06  0.394007E+06  0.000000E+00  0.296651E+06
  0.275960E-03  0.296647E+06  0.296635E+06  0.394015E+06  0.393896E+06  0.000000E+00  0.296647E+06
  0.285314E-03  0.296643E+06  0.296630E+06  0.393905E+06  0.393778E+06  0.000000E+00  0.296642E+06
  0.294984E-03  0.296638E+06  0.296625E+06  0.393788E+06  0.393652E+06  0.000000E+00  0.296638E+06
  0.304983E-03  0.296634E+06  0.296619E+06  0.393662E+06  0.393518E+06  0.000000E+00  0.296633E+06
  0.315320E-03  0.296628E+06  0.296613E+06  0.393528E+06  0.393374E+06  0.000000E+00  0.296628E+06
  0.326008E-03  0.296623E+06  0.296606E+06  0.393385E+06  0.393220E+06  0.000000E+00  0.296622E+06
  0.337058E-03  0.296617E+06  0.296599E+06  0.393232E+06  0.393056E+06  0.000000E+00  0.296616E+06
  0.348483E-03  0.296611E+06  0.296592E+06  0.393069E+06  0.392880E+06  0.000000E+00  0.296610E+06
  0.360295E-03  0.296604E+06  0.296584E+06  0.392894E+06  0.392693E+06  0.000000E+00  0.296603E+06
  0.372507E-03  0.296597E+06  0.296575E+06  0.392707E+06  0.392492E+06  0.000000E+00  0.296596E+06
  0.385133E-03  0.296589E+06  0.296566E+06  0.392508E+06  0.392278E+06  0.000000E+00  0.296588E+06
  0.398187E-03  0.296581E+06  0.296556E+06  0.392295E+06  0.392049E+06  0.000000E+00  0.296580E+06
  0.411684E-03  0.296572E+06  0.296546E+06  0.392067E+06  0.391805E+06  0.000000E+00  0.296571E+06
  0.425638E-03  0.296563E+06  0.296534E+06  0.391824E+06  0.391544E+06  0.000000E+00  0.296562E+06
  0.440065E-03  0.296553E+06  0.296523E+06  0.391564E+06  0.391264E+06  0.000000E+00  0.296552E+06
  0.454981E-03  0.296542E+06  0.296510E+06  0.391286E+06  0.390966E+06  0.000000E+00  0.296541E+06
  0.470403E-03  0.296531E+06  0.296496E+06  0.390990E+06  0.390648E+06  0.000000E+00  0.296530E+06
  0.486347E-03  0.296519E+06  0.296482E+06  0.390673E+06  0.390308E+06  0.000000E+00  0.296518E+06
  0.502832E-03  0.296506E+06  0.296466E+06  0.390334E+06  0.389945E+06  0.000000E+00  0.296504E+06
  0.519875E-03  0.296492E+06  0.296449E+06  0.389973E+06  0.389557E+06  0.000000E+00  0.296490E+06
  0.537497E-03  0.296477E+06  0.296431E+06  0.389587E+06  0.389143E+06  0.000000E+00  0.296475E+06
  0.555715E-03  0.296461E+06  0.296412E+06  0.389175E+06  0.388701E+06  0.000000E+00  0.296459E+06
  0.574551E-03  0.296444E+06  0.296392E+06  0.388734E+06  0.388228E+06  0.000000E+00  0.296442E+06
  0.594026E-03  0.296426E+06  0.296370E+06  0.388264E+06  0.387724E+06  0.000000E+00  0.296424E+06
  0.614160E-03  0.296406E+06  0.296347E+06  0.387762E+06  0.387185E+06  0.000000E+00  0.296404E+06
  0.634977E-03  0.296386E+06  0.296322E+06  0.387226E+06  0.386611E+06  0.000000E+00  0.296384E+06
  0.656500E-03  0.296363E+06  0.296296E+06  0.386654E+06  0.385997E+06  0.000000E+00  0.296361E+06
  0.678752E-03  0.296340E+06  0.296267E+06  0.386043E+06  0.385342E+06  0.000000E+00  0.296338E+06
  0.701758E-03  0.296314E+06  0.296237E+06  0.385391E+06  0.384643E+06  0.000000E+00  0.296312E+06
  0.725544E-03  0.296287E+06  0.296205E+06  0.384696E+06  0.383898E+06  0.000000E+00  0.296285E+06
  0.750137E-03  0.296259E+06  0.296170E+06  0.383953E+06  0.383102E+06  0.000000E+00  0.296256E+06
  0.775563E-03  0.296228E+06  0.296133E+06  0.383161E+06  0.382253E+06  0.000000E+00  0.296225E+06
  0.801851E-03  0.296195E+06  0.296094E+06  0.382315E+06  0.381347E+06  0.000000E+00  0.296192E+06
  0.829029E-03  0.296159E+06  0.296052E+06  0.381413E+06  0.380381E+06  0.000000E+00  0.296156E+06
  0.857129E-03  0.296122E+06  0.296006E+06  0.380451E+06  0.379351E+06  0.000000E+00  0.296118E+06
  0.886182E-03  0.296082E+06  0.295958E+06  0.379425E+06  0.378253E+06  0.000000E+00  0.296078E+06
  0.916219E-03  0.296039E+06  0.295907E+06  0.378331E+06  0.377082E+06  0.000000E+00  0.296035E+06
  0.947274E-03  0.295993E+06  0.295852E+06  0.377165E+06  0.375834E+06  0.000000E+00  0.295988E+06
  0.979383E-03  0.295944E+06  0.295793E+06  0.375922E+06  0.374505E+06  0.000000E+00  0.295939E+06
  0.101258E-02  0.295891E+06  0.295731E+06  0.374597E+06  0.373088E+06  0.000000E+00  0.295886E+06
  0.104690E-02  0.295836E+06  0.295664E+06  0.373185E+06  0.371579E+06  0.000000E+00  0.295830E+06
  0.108239E-02  0.295776E+06  0.295592E+06  0.371682E+06  0.369972E+06  0.000000E+00  0.295770E+06
  0.111907E-02  0.295712E+06  0.295516E+06  0.370080E+06  0.368262E+06  0.000000E+00  0.295706E+06
  0.115700E-02  0.295644E+06  0.295434E+06  0.368375E+06  0.366441E+06  0.000000E+00  0.295638E+06
  0.119622E-02  0.295571E+06  0.295347E+06  0.366560E+06  0.364504E+06  0.000000E+00  0.295564E+06
  0.123677E-02  0.295494E+06  0.295254E+06  0.364628E+06  0.362444E+06  0.000000E+00  0.295486E+06
  0.127869E-02  0.295411E+06  0.295155E+06  0.362573E+06  0.360253E+06  0.000000E+00  0.295403E+06
  0.132203E-02  0.295323E+06  0.295049E+06  0.360388E+06  0.357925E+06  0.000000E+00  0.295314E+06
  0.136684E-02  0.295228E+06  0.294936E+06  0.358065E+06  0.355451E+06  0.000000E+00  0.295219E+06
  0.141317E-02  0.295128E+06  0.294815E+06  0.355597E+06  0.352824E+06  0.000000E+00  0.295118E+06
  0.146107E-02  0.295020E+06  0.294686E+06  0.352975E+06  0.350035E+06  0.000000E+00  0.295010E+06
  0.151059E-02  0.294906E+06  0.294549E+06  0.350191E+06  0.347077E+06  0.000000E+00  0.294894E+06
  0.156179E-02  0.294783E+06  0.294402E+06  0.347237E+06  0.343940E+06  0.000000E+00  0.294771E+06
  0.161473E-02  0.294653E+06  0.294245E+06  0.344104E+06  0.340614E+06  0.000000E+00  0.294640E+06
  0.166946E-02  0.294514E+06  0.294078E+06  0.340782E+06  0.337093E+06  0.000000E+00  0.294500E+06
  0.172605E-02  0.294365E+06  0.293900E+06  0.337262E+06  0.333365E+06  0.000000E+00  0.294351E+06
  0.178455E-02  0.294207E+06  0.293710E+06  0.333536E+06  0.329422E+06  0.000000E+00  0.294191E+06
  0.184504E-02  0.294038E+06  0.293507E+06  0.329593E+06  0.325254E+06  0.000000E+00  0.294022E+06
  0.190758E-02  0.293859E+06  0.293291E+06  0.325424E+06  0.320852E+06  0.000000E+00  0.293841E+06
  0.197223E-02  0.293667E+06  0.293061E+06  0.321019E+06  0.316206E+06  0.000000E+00  0.293648E+06
  0.203908E-02  0.293463E+06  0.292816E+06  0.316368E+06  0.311309E+06  0.000000E+00  0.293443E+06
  0.210820E-02  0.293246E+06  0.292554E+06  0.311463E+06  0.306151E+06  0.000000E+00  0.293224E+06
  0.217966E-02  0.293014E+06  0.292276E+06  0.306295E+06  0.300724E+06  0.000000E+00  0.292991E+06
  0.225354E-02  0.292768E+06  0.291979E+06  0.300855E+06  0.295021E+06  0.000000E+00  0.292743E+06
  0.232992E-02  0.292506E+06  0.291663E+06  0.295134E+06  0.289034E+06  0.000000E+00  0.292479E+06
  0.240889E-02  0.292227E+06  0.291326E+06  0.289126E+06  0.282758E+06  0.000000E+00  0.292198E+06
  0.249054E-02  0.291930E+06  0.290968E+06  0.282824E+06  0.276188E+06  0.000000E+00  0.291900E+06
  0.257496E-02  0.291614E+06  0.290588E+06  0.276222E+06  0.269321E+06  0.000000E+00  0.291582E+06
  0.266224E-02  0.291279E+06  0.290182E+06  0.269318E+06  0.262154E+06  0.000000E+00  0.291244E+06
  0.275248E-02  0.290922E+06  0.289752E+06  0.262107E+06  0.254689E+06  0.000000E+00  0.290885E+06
  0.284577E-02  0.290544E+06  0.289294E+06  0.254590E+06  0.246927E+06  0.000000E+00  0.290504E+06
  0.294223E-02  0.290141E+06  0.288807E+06  0.246768E+06  0.238873E+06  0.000000E+00  0.290099E+06
  0.304196E-02  0.289715E+06  0.288290E+06  0.238644E+06  0.230534E+06  0.000000E+00  0.289670E+06
  0.314506E-02  0.289262E+06  0.287742E+06  0.230226E+06  0.221920E+06  0.000000E+00  0.289214E+06
  0.325166E-02  0.288782E+06  0.287159E+06  0.221521E+06  0.213046E+06  0.000000E+00  0.288731E+06
  0.336188E-02  0.288274E+06  0.286542E+06  0.212544E+06  0.203928E+06  0.000000E+00  0.288219E+06
  0.347583E-02  0.287735E+06  0.285887E+06  0.203310E+06  0.194588E+06  0.000000E+00  0.287677E+06
  0.359365E-02  0.287165E+06  0.285193E+06  0.193841E+06  0.185051E+06  0.000000E+00  0.287102E+06
  0.371545E-02  0.286561E+06  0.284458E+06  0.184160E+06  0.175348E+06  0.000000E+00  0.286495E+06
  0.384139E-02  0.285924E+06  0.283680E+06  0.174297E+06  0.165512E+06  0.000000E+00  0.285853E+06
  0.397159E-02  0.285250E+06  0.282857E+06  0.164287E+06  0.155585E+06  0.000000E+00  0.285175E+06
  0.410621E-02  0.284539E+06  0.281987E+06  0.154169E+06  0.145609E+06  0.000000E+00  0.284458E+06
  0.424539E-02  0.283788E+06  0.281068E+06  0.143987E+06  0.135635E+06  0.000000E+00  0.283703E+06
  0.438929E-02  0.282998E+06  0.280097E+06  0.133791E+06  0.125716E+06  0.000000E+00  0.282906E+06
  0.453806E-02  0.282165E+06  0.279073E+06  0.123635E+06  0.115910E+06  0.000000E+00  0.282067E+06
  0.469188E-02  0.281288E+06  0.277994E+06  0.113579E+06  0.106279E+06  0.000000E+00  0.281185E+06
  0.485091E-02  0.280367E+06  0.276857E+06  0.103686E+06  0.968858E+05  0.000000E+00  0.280256E+06
  0.501534E-02  0.279399E+06  0.275660E+06  0.940221E+05  0.877980E+05  0.000000E+00  0.279282E+06
  0.518533E-02  0.278384E+06  0.274401E+06  0.846583E+05  0.790821E+05  0.000000E+00  0.278259E+06
  0.536109E-02  0.277320E+06  0.273079E+06  0.756650E+05  0.708040E+05  0.000000E+00  0.277186E+06
  0.554280E-02  0.276205E+06  0.271691E+06  0.671134E+05  0.630270E+05  0.000000E+00  0.276063E+06
  0.573068E-02  0.275040E+06  0.270235E+06  0.590726E+05  0.558099E+05  0.000000E+00  0.274888E+06
  0.592492E-02  0.273822E+06  0.268710E+06  0.516082E+05  0.492043E+05  0.000000E+00  0.273661E+06
  0.612574E-02  0.272551E+06  0.267113E+06  0.447798E+05  0.432531E+05  0.000000E+00  0.272380E+06
  0.633338E-02  0.271227E+06  0.265444E+06  0.386384E+05  0.379874E+05  0.000000E+00  0.271045E+06
  0.654805E-02  0.269848E+06  0.263700E+06  0.332241E+05  0.334247E+05  0.000000E+00  0.269654E+06
  0.677000E-02  0.268415E+06  0.261880E+06  0.285634E+05  0.295664E+05  0.000000E+00  0.268209E+06
  0.699947E-02  0.266926E+06  0.259984E+06  0.246665E+05  0.263966E+05  0.000000E+00  0.266707E+06
  0.723671E-02  0.265382E+06  0.258009E+06  0.215255E+05  0.238804E+05  0.000000E+00  0.265149E+06
  0.748200E-02  0.263782E+06  0.255955E+06  0.191123E+05  0.219641E+05  0.000000E+00  0.263536E+06
  0.773561E-02  0.262127E+06  0.253820E+06  0.173778E+05  0.205755E+05  0.000000E+00  0.261865E+06
  0.799781E-02  0.260416E+06  0.251604E+06  0.162519E+05  0.196262E+05  0.000000E+00  0.260139E+06
  0.826889E-02  0.258651E+06  0.249307E+06  0.156443E+05  0.190142E+05  0.000000E+00  0.258357E+06
  0.854917E-02  0.256830E+06  0.246926E+06  0.154475E+05  0.186289E+05  0.000000E+00  0.256518E+06
  0.883894E-02  0.254955E+06  0.244462E+06  0.155402E+05  0.183572E+05  0.000000E+00  0.254625E+06
  0.913854E-02  0.253026E+06  0.241915E+06  0.157938E+05  0.180897E+05  0.000000E+00  0.252676E+06
  0.944829E-02  0.251043E+06  0.239283E+06  0.160784E+05  0.177291E+05  0.000000E+00  0.250672E+06
  0.976854E-02  0.249006E+06  0.236566E+06  0.162722E+05  0.171976E+05  0.000000E+00  0.248614E+06
  0.100996E-01  0.246916E+06  0.233764E+06  0.162696E+05  0.164441E+05  0.000000E+00  0.246502E+06
  0.104420E-01  0.244773E+06  0.230876E+06  0.159909E+05  0.154493E+05  0.000000E+00  0.244335E+06
  0.107959E-01  0.242577E+06  0.227902E+06  0.153895E+05  0.142289E+05  0.000000E+00  0.242115E+06
  0.111618E-01  0.240329E+06  0.224841E+06  0.144588E+05  0.128323E+05  0.000000E+00  0.239841E+06
  0.115402E-01  0.238028E+06  0.221695E+06  0.132338E+05  0.113380E+05  0.000000E+00  0.237514E+06
  0.119313E-01  0.235675E+06  0.218462E+06  0.117902E+05  0.984438E+04  0.000000E+00  0.235133E+06
  0.123357E-01  0.233270E+06  0.215142E+06  0.102377E+05  0.845594E+04  0.000000E+00  0.232699E+06
  0.127539E-01  0.230813E+06  0.211738E+06  0.870748E+04  0.726804E+04  0.000000E+00  0.230212E+06
  0.131862E-01  0.228304E+06  0.208248E+06  0.733590E+04  0.635060E+04  0.000000E+00  0.227672E+06
  0.136331E-01  0.225743E+06  0.204676E+06  0.624483E+04  0.573435E+04  0.000000E+00  0.225080E+06
  0.140952E-01  0.223132E+06  0.201022E+06  0.552124E+04  0.540287E+04  0.000000E+00  0.222436E+06
  0.145730E-01  0.220471E+06  0.197288E+06  0.519997E+04  0.529288E+04  0.000000E+00  0.219741E+06
  0.150669E-01  0.217759E+06  0.193478E+06  0.000000E+00  0.000000E+00  0.000000E+00  0.216995E+06
  0.155776E-01  0.214999E+06  0.189594E+06  0.000000E+00  0.000000E+00  0.000000E+00  0.214199E+06
  0.161056E-01  0.212191E+06  0.185642E+06  0.000000E+00  0.000000E+00  0.000000E+00  0.211355E+06
  0.166515E-01  0.209336E+06  0.181625E+06  0.000000E+00  0.000000E+00  0.000000E+00  0.208463E+06
  0.172159E-01  0.206435E+06  0.177549E+06  0.000000E+00  0.000000E+00  0.000000E+00  0.205525E+06
  0.177994E-01  0.203489E+06  0.173420E+06  0.000000E+00  0.000000E+00  0.000000E+00  0.202542E+06
  0.184028E-01  0.200499E+06  0.169245E+06  0.000000E+00  0.000000E+00  0.000000E+00  0.199515E+06
  0.190265E-01  0.197468E+06  0.165032E+06  0.000000E+00  0.000000E+00  0.000000E+00  0.196446E+06
  0.196714E-01  0.194396E+06  0.160790E+06  0.000000E+00  0.000000E+00  0.000000E+00  0.193337E+06
  0.203382E-01  0.191284E+06  0.156527E+06  0.000000E+00  0.000000E+00  0.000000E+00  0.190190E+06
  0.210276E-01  0.188136E+06  0.152256E+06  0.000000E+00  0.000000E+00  0.000000E+00  0.187006E+06
  0.217403E-01  0.184952E+06  0.147988E+06  0.000000E+00  0.000000E+00  0.000000E+00  0.183788E+06
  0.224772E-01  0.181736E+06  0.143735E+06  0.000000E+00  0.000000E+00  0.000000E+00  0.180539E+06
  0.232390E-01  0.178488E+06  0.139511E+06  0.000000E+00  0.000000E+00  0.000000E+00  0.177261E+06
  0.240267E-01  0.175213E+06  0.135330E+06  0.000000E+00  0.000000E+00  0.000000E+00  0.173957E+06
  0.248411E-01  0.171912E+06  0.131209E+06  0.000000E+00  0.000000E+00  0.000000E+00  0.170630E+06
  0.256831E-01  0.168590E+06  0.127163E+06  0.000000E+00  0.000000E+00  0.000000E+00  0.167285E+06
  0.265537E-01  0.165248E+06  0.123209E+06  0.000000E+00  0.000000E+00  0.000000E+00  0.163924E+06
  0.274537E-01  0.161890E+06  0.119364E+06  0.000000E+00  0.000000E+00  0.000000E+00  0.160551E+06
  0.283842E-01  0.158521E+06  0.115644E+06  0.000000E+00  0.000000E+00  0.000000E+00  0.157171E+06
  0.293463E-01  0.155145E+06  0.112068E+06  0.000000E+00  0.000000E+00  0.000000E+00  0.153788E+06
  0.303410E-01  0.151765E+06  0.108652E+06  0.000000E+00  0.000000E+00  0.000000E+00  0.150407E+06
  0.313694E-01  0.148386E+06  0.105410E+06  0.000000E+00  0.000000E+00  0.000000E+00  0.147032E+06
  0.324327E-01  0.145013E+06  0.102357E+06  0.000000E+00  0.000000E+00  0.000000E+00  0.143669E+06
  0.335320E-01  0.141651E+06  0.995044E+05  0.000000E+00  0.000000E+00  0.000000E+00  0.140323E+06
  0.346686E-01  0.138304E+06  0.968615E+05  0.000000E+00  0.000000E+00  0.000000E+00  0.136999E+06
  0.358437E-01  0.134978E+06  0.944339E+05  0.000000E+00  0.000000E+00  0.000000E+00  0.133701E+06
  0.370586E-01  0.131678E+06  0.922235E+05  0.000000E+00  0.000000E+00  0.000000E+00  0.130435E+06
  0.383147E-01  0.128396E+06  0.902148E+05  0.000000E+00  0.000000E+00  0.000000E+00  0.127193E+06
  0.396134E-01  0.125128E+06  0.883899E+05  0.000000E+00  0.000000E+00  0.000000E+00  0.123971E+06
  0.409561E-01  0.121903E+06  0.867623E+05  0.000000E+00  0.000000E+00  0.000000E+00  0.120796E+06
  0.423443E-01  0.118725E+06  0.853142E+05  0.000000E+00  0.000000E+00  0.000000E+00  0.117673E+06
  0.437796E-01  0.115597E+06  0.840193E+05  0.000000E+00  0.000000E+00  0.000000E+00  0.114602E+06
  0.452635E-01  0.112518E+06  0.828437E+05  0.000000E+00  0.000000E+00  0.000000E+00  0.111584E+06
  0.467977E-01  0.109487E+06  0.817459E+05  0.000000E+00  0.000000E+00  0.000000E+00  0.108613E+06
  0.483839E-01  0.106499E+06  0.806791E+05  0.000000E+00  0.000000E+00  0.000000E+00  0.105686E+06
  0.500239E-01  0.103551E+06  0.795934E+05  0.000000E+00  0.000000E+00  0.000000E+00  0.102796E+06
  0.517194E-01  0.100638E+06  0.784391E+05  0.000000E+00  0.000000E+00  0.000000E+00  0.999386E+05
  0.534725E-01  0.977593E+05  0.771699E+05  0.000000E+00  0.000000E+00  0.000000E+00  0.971108E+05
  0.552850E-01  0.949163E+05  0.757462E+05  0.000000E+00  0.000000E+00  0.000000E+00  0.943125E+05
  0.571588E-01  0.921152E+05  0.741400E+05  0.000000E+00  0.000000E+00  0.000000E+00  0.915490E+05
  0.590963E-01  0.893712E+05  0.723417E+05  0.000000E+00  0.000000E+00  0.000000E+00  0.888349E+05
  0.610993E-01  0.867508E+05  0.704198E+05  0.000000E+00  0.000000E+00  0.000000E+00  0.862364E+05
  0.631703E-01  0.841028E+05  0.681946E+05  0.000000E+00  0.000000E+00  0.000000E+00  0.836017E+05
  0.653114E-01  0.814938E+05  0.657611E+05  0.000000E+00  0.000000E+00  0.000000E+00  0.809982E+05
  0.675252E-01  0.789209E+05  0.631479E+05  0.000000E+00  0.000000E+00  0.000000E+00  0.784241E+05
  0.698139E-01  0.763827E+05  0.604007E+05  0.000000E+00  0.000000E+00  0.000000E+00  0.758793E+05
  0.721803E-01  0.738807E+05  0.575818E+05  0.000000E+00  0.000000E+00  0.000000E+00  0.733673E+05
  0.746268E-01  0.714202E+05  0.547672E+05  0.000000E+00  0.000000E+00  0.000000E+00  0.708957E+05
  0.771564E-01  0.690098E+05  0.520426E+05  0.000000E+00  0.000000E+00  0.000000E+00  0.684754E+05
  0.797716E-01  0.666584E+05  0.494910E+05  0.000000E+00  0.000000E+00  0.000000E+00  0.661177E+05
  0.824755E-01  0.643724E+05  0.471835E+05  0.000000E+00  0.000000E+00  0.000000E+00  0.638310E+05
  0.852709E-01  0.621533E+05  0.451688E+05  0.000000E+00  0.000000E+00  0.000000E+00  0.616183E+05
  0.881612E-01  0.599978E+05  0.434661E+05  0.000000E+00  0.000000E+00  0.000000E+00  0.594772E+05
  0.911495E-01  0.579012E+05  0.420633E+05  0.000000E+00  0.000000E+00  0.000000E+00  0.574023E+05
  0.942390E-01  0.558598E+05  0.409199E+05  0.000000E+00  0.000000E+00  0.000000E+00  0.553892E+05
  0.974333E-01  0.538731E+05  0.399709E+05  0.000000E+00  0.000000E+00  0.000000E+00  0.534352E+05
  0.100736E+00  0.519422E+05  0.391329E+05  0.000000E+00  0.000000E+00  0.000000E+00  0.515387E+05
  0.104150E+00  0.500659E+05  0.383113E+05  0.000000E+00  0.000000E+00  0.000000E+00  0.496957E+05
  0.107680E+00  0.482395E+05  0.374137E+05  0.000000E+00  0.000000E+00  0.000000E+00  0.478985E+05
  0.111330E+00  0.464565E+05  0.363662E+05  0.000000E+00  0.000000E+00  0.000000E+00  0.461387E+05
  0.115104E+00  0.447134E+05  0.351310E+05  0.000000E+00  0.000000E+00  0.000000E+00  0.444116E+05
  0.119005E+00  0.430105E+05  0.337150E+05  0.000000E+00  0.000000E+00  0.000000E+00  0.427178E+05
  0.123039E+00  0.413498E+05  0.321666E+05  0.000000E+00  0.000000E+00  0.000000E+00  0.410606E+05
  0.127209E+00  0.397319E+05  0.305633E+05  0.000000E+00  0.000000E+00  0.000000E+00  0.394431E+05
  0.131521E+00  0.381580E+05  0.289971E+05  0.000000E+00  0.000000E+00  0.000000E+00  0.378695E+05
  0.135979E+00  0.366335E+05  0.275572E+05  0.000000E+00  0.000000E+00  0.000000E+00  0.363477E+05
  0.140588E+00  0.351667E+05  0.263070E+05  0.000000E+00  0.000000E+00  0.000000E+00  0.348877E+05
  0.145353E+00  0.337604E+05  0.252613E+05  0.000000E+00  0.000000E+00  0.000000E+00  0.334927E+05
  0.150280E+00  0.324083E+05  0.243804E+05  0.000000E+00  0.000000E+00  0.000000E+00  0.321555E+05
  0.155374E+00  0.311022E+05  0.235910E+05  0.000000E+00  0.000000E+00  0.000000E+00  0.308657E+05
  0.160640E+00  0.298386E+05  0.228159E+05  0.000000E+00  0.000000E+00  0.000000E+00  0.296175E+05
  0.166085E+00  0.286156E+05  0.219957E+05  0.000000E+00  0.000000E+00  0.000000E+00  0.284071E+05
  0.171715E+00  0.274285E+05  0.211025E+05  0.000000E+00  0.000000E+00  0.000000E+00  0.272293E+05
  0.177535E+00  0.262753E+05  0.201521E+05  0.000000E+00  0.000000E+00  0.000000E+00  0.260825E+05
  0.183553E+00  0.251595E+05  0.191955E+05  0.000000E+00  0.000000E+00  0.000000E+00  0.249717E+05
  0.189774E+00  0.240843E+05  0.182891E+05  0.000000E+00  0.000000E+00  0.000000E+00  0.239018E+05
  0.196206E+00  0.230509E+05  0.174678E+05  0.000000E+00  0.000000E+00  0.000000E+00  0.228750E+05
  0.202857E+00  0.220603E+05  0.167349E+05  0.000000E+00  0.000000E+00  0.000000E+00  0.218926E+05
  0.209733E+00  0.211091E+05  0.160618E+05  0.000000E+00  0.000000E+00  0.000000E+00  0.209502E+05
  0.216842E+00  0.201916E+05  0.154079E+05  0.000000E+00  0.000000E+00  0.000000E+00  0.200409E+05
  0.224192E+00  0.193076E+05  0.147505E+05  0.000000E+00  0.000000E+00  0.000000E+00  0.191641E+05
  0.231791E+00  0.184570E+05  0.140898E+05  0.000000E+00  0.000000E+00  0.000000E+00  0.183194E+05
  0.239647E+00  0.176362E+05  0.134400E+05  0.000000E+00  0.000000E+00  0.000000E+00  0.175041E+05
  0.247770E+00  0.168474E+05  0.128229E+05  0.000000E+00  0.000000E+00  0.000000E+00  0.167206E+05
  0.256168E+00  0.160918E+05  0.122478E+05  0.000000E+00  0.000000E+00  0.000000E+00  0.159707E+05
  0.264851E+00  0.153659E+05  0.117051E+05  0.000000E+00  0.000000E+00  0.000000E+00  0.152506E+05
  0.273828E+00  0.146696E+05  0.111833E+05  0.000000E+00  0.000000E+00  0.000000E+00  0.145598E+05
  0.283110E+00  0.140012E+05  0.106751E+05  0.000000E+00  0.000000E+00  0.000000E+00  0.138964E+05
  0.292706E+00  0.133589E+05  0.101814E+05  0.000000E+00  0.000000E+00  0.000000E+00  0.132588E+05
  0.302627E+00  0.127434E+05  0.970913E+04  0.000000E+00  0.000000E+00  0.000000E+00  0.126478E+05
  0.312884E+00  0.121530E+05  0.925958E+04  0.000000E+00  0.000000E+00  0.000000E+00  0.120619E+05
  0.323490E+00  0.115877E+05  0.883078E+04  0.000000E+00  0.000000E+00  0.000000E+00  0.115009E+05
  0.334454E+00  0.110458E+05  0.841867E+04  0.000000E+00  0.000000E+00  0.000000E+00  0.109630E+05
  0.345791E+00  0.105269E+05  0.802288E+04  0.000000E+00  0.000000E+00  0.000000E+00  0.104481E+05
  0.357512E+00  0.100300E+05  0.764368E+04  0.000000E+00  0.000000E+00  0.000000E+00  0.995480E+04
  0.369629E+00  0.955448E+04  0.728153E+04  0.000000E+00  0.000000E+00  0.000000E+00  0.948289E+04
  0.382158E+00  0.909935E+04  0.693494E+04  0.000000E+00  0.000000E+00  0.000000E+00  0.903118E+04
  0.395111E+00  0.866423E+04  0.660340E+04  0.000000E+00  0.000000E+00  0.000000E+00  0.859932E+04
  0.408504E+00  0.824793E+04  0.628609E+04  0.000000E+00  0.000000E+00  0.000000E+00  0.818614E+04
  0.422350E+00  0.785029E+04  0.598316E+04  0.000000E+00  0.000000E+00  0.000000E+00  0.779148E+04
  0.436666E+00  0.747011E+04  0.569348E+04  0.000000E+00  0.000000E+00  0.000000E+00  0.741416E+04
  0.451466E+00  0.710710E+04  0.541684E+04  0.000000E+00  0.000000E+00  0.000000E+00  0.705387E+04
  0.466769E+00  0.676042E+04  0.515266E+04  0.000000E+00  0.000000E+00  0.000000E+00  0.670978E+04
  0.482590E+00  0.642935E+04  0.490038E+04  0.000000E+00  0.000000E+00  0.000000E+00  0.638120E+04
  0.498948E+00  0.611344E+04  0.465965E+04  0.000000E+00  0.000000E+00  0.000000E+00  0.606765E+04
  0.515859E+00  0.581195E+04  0.442989E+04  0.000000E+00  0.000000E+00  0.000000E+00  0.576842E+04
  0.533344E+00  0.552422E+04  0.421061E+04  0.000000E+00  0.000000E+00  0.000000E+00  0.548285E+04
  0.551422E+00  0.524979E+04  0.400147E+04  0.000000E+00  0.000000E+00  0.000000E+00  0.521047E+04
  0.570113E+00  0.498809E+04  0.380203E+04  0.000000E+00  0.000000E+00  0.000000E+00  0.495074E+04
  0.589437E+00  0.473857E+04  0.361188E+04  0.000000E+00  0.000000E+00  0.000000E+00  0.470309E+04
  0.609416E+00  0.450073E+04  0.343061E+04  0.000000E+00  0.000000E+00  0.000000E+00  0.446702E+04
  0.630072E+00  0.427408E+04  0.325788E+04  0.000000E+00  0.000000E+00  0.000000E+00  0.424208E+04
  0.651428E+00  0.405821E+04  0.309335E+04  0.000000E+00  0.000000E+00  0.000000E+00  0.402782E+04
  0.673509E+00  0.385263E+04  0.293667E+04  0.000000E+00  0.000000E+00  0.000000E+00  0.382378E+04
  0.696337E+00  0.365693E+04  0.278751E+04  0.000000E+00  0.000000E+00  0.000000E+00  0.362954E+04
  0.719940E+00  0.347063E+04  0.264552E+04  0.000000E+00  0.000000E+00  0.000000E+00  0.344464E+04
  0.744342E+00  0.329331E+04  0.251038E+04  0.000000E+00  0.000000E+00  0.000000E+00  0.326865E+04
  0.769572E+00  0.312456E+04  0.238176E+04  0.000000E+00  0.000000E+00  0.000000E+00  0.310116E+04
  0.795656E+00  0.296398E+04  0.225937E+04  0.000000E+00  0.000000E+00  0.000000E+00  0.294179E+04
  0.822625E+00  0.281120E+04  0.214293E+04  0.000000E+00  0.000000E+00  0.000000E+00  0.279016E+04
  0.850508E+00  0.266590E+04  0.203218E+04  0.000000E+00  0.000000E+00  0.000000E+00  0.264594E+04
  0.879336E+00  0.252774E+04  0.192688E+04  0.000000E+00  0.000000E+00  0.000000E+00  0.250882E+04
  0.909141E+00  0.239643E+04  0.182678E+04  0.000000E+00  0.000000E+00  0.000000E+00  0.237848E+04
  0.939957E+00  0.227164E+04  0.173167E+04  0.000000E+00  0.000000E+00  0.000000E+00  0.225463E+04
  0.971817E+00  0.215306E+04  0.164128E+04  0.000000E+00  0.000000E+00  0.000000E+00  0.213694E+04
  0.100476E+01  0.204037E+04  0.155539E+04  0.000000E+00  0.000000E+00  0.000000E+00  0.202510E+04
  0.103881E+01  0.193333E+04  0.147380E+04  0.000000E+00  0.000000E+00  0.000000E+00  0.191886E+04
  0.107402E+01  0.183164E+04  0.139628E+04  0.000000E+00  0.000000E+00  0.000000E+00  0.181793E+04
  0.111043E+01  0.173510E+04  0.132269E+04  0.000000E+00  0.000000E+00  0.000000E+00  0.172211E+04
  0.114807E+01  0.164344E+04  0.125282E+04  0.000000E+00  0.000000E+00  0.000000E+00  0.163114E+04
  0.118698E+01  0.155645E+04  0.118651E+04  0.000000E+00  0.000000E+00  0.000000E+00  0.154479E+04
  0.122721E+01  0.147388E+04  0.112357E+04  0.000000E+00  0.000000E+00  0.000000E+00  0.146284E+04
  0.126881E+01  0.139551E+04  0.106383E+04  0.000000E+00  0.000000E+00  0.000000E+00  0.138506E+04
  0.131182E+01  0.132115E+04  0.100715E+04  0.000000E+00  0.000000E+00  0.000000E+00  0.131126E+04
  0.135628E+01  0.125061E+04  0.953384E+03  0.000000E+00  0.000000E+00  0.000000E+00  0.124125E+04
  0.140225E+01  0.118371E+04  0.902387E+03  0.000000E+00  0.000000E+00  0.000000E+00  0.117485E+04
  0.144978E+01  0.112026E+04  0.854018E+03  0.000000E+00  0.000000E+00  0.000000E+00  0.111187E+04
  0.149892E+01  0.106008E+04  0.808147E+03  0.000000E+00  0.000000E+00  0.000000E+00  0.105215E+04
  0.154973E+01  0.100303E+04  0.764655E+03  0.000000E+00  0.000000E+00  0.000000E+00  0.995523E+03
  0.160226E+01  0.948946E+03  0.723426E+03  0.000000E+00  0.000000E+00  0.000000E+00  0.941843E+03
  0.165656E+01  0.897686E+03  0.684351E+03  0.000000E+00  0.000000E+00  0.000000E+00  0.890967E+03
  0.171271E+01  0.849102E+03  0.647315E+03  0.000000E+00  0.000000E+00  0.000000E+00  0.842747E+03
  0.177077E+01  0.803066E+03  0.612221E+03  0.000000E+00  0.000000E+00  0.000000E+00  0.797055E+03
  0.183079E+01  0.759451E+03  0.578972E+03  0.000000E+00  0.000000E+00  0.000000E+00  0.753767E+03
  0.189284E+01  0.718135E+03  0.547477E+03  0.000000E+00  0.000000E+00  0.000000E+00  0.712760E+03
  0.195700E+01  0.679000E+03  0.517643E+03  0.000000E+00  0.000000E+00  0.000000E+00  0.673918E+03
  0.202333E+01  0.641938E+03  0.489390E+03  0.000000E+00  0.000000E+00  0.000000E+00  0.637134E+03
  0.209191E+01  0.606842E+03  0.462635E+03  0.000000E+00  0.000000E+00  0.000000E+00  0.602300E+03
  0.216282E+01  0.573611E+03  0.437302E+03  0.000000E+00  0.000000E+00  0.000000E+00  0.569318E+03
  0.223613E+01  0.542148E+03  0.413316E+03  0.000000E+00  0.000000E+00  0.000000E+00  0.538091E+03
  0.231192E+01  0.512365E+03  0.390611E+03  0.000000E+00  0.000000E+00  0.000000E+00  0.508530E+03
  0.239028E+01  0.484173E+03  0.369119E+03  0.000000E+00  0.000000E+00  0.000000E+00  0.480549E+03
  0.247130E+01  0.457491E+03  0.348779E+03  0.000000E+00  0.000000E+00  0.000000E+00  0.454067E+03
  0.255507E+01  0.432242E+03  0.329530E+03  0.000000E+00  0.000000E+00  0.000000E+00  0.429007E+03
  0.264167E+01  0.408352E+03  0.311317E+03  0.000000E+00  0.000000E+00  0.000000E+00  0.405295E+03
  0.273121E+01  0.385750E+03  0.294087E+03  0.000000E+00  0.000000E+00  0.000000E+00  0.382863E+03
  0.282379E+01  0.364369E+03  0.277787E+03  0.000000E+00  0.000000E+00  0.000000E+00  0.361642E+03
  0.291950E+01  0.344147E+03  0.262370E+03  0.000000E+00  0.000000E+00  0.000000E+00  0.341571E+03
  0.301846E+01  0.325020E+03  0.247789E+03  0.000000E+00  0.000000E+00  0.000000E+00  0.322588E+03
  0.312077E+01  0.306933E+03  0.233999E+03  0.000000E+00  0.000000E+00  0.000000E+00  0.304636E+03
  0.322655E+01  0.289829E+03  0.220960E+03  0.000000E+00  0.000000E+00  0.000000E+00  0.287660E+03
  0.333591E+01  0.273657E+03  0.208631E+03  0.000000E+00  0.000000E+00  0.000000E+00  0.271609E+03
  0.344898E+01  0.258367E+03  0.196974E+03  0.000000E+00  0.000000E+00  0.000000E+00  0.256433E+03
  0.356588E+01  0.243912E+03  0.185954E+03  0.000000E+00  0.000000E+00  0.000000E+00  0.242087E+03
  0.368675E+01  0.230249E+03  0.175538E+03  0.000000E+00  0.000000E+00  0.000000E+00  0.228526E+03
  0.381172E+01  0.217335E+03  0.165693E+03  0.000000E+00  0.000000E+00  0.000000E+00  0.215709E+03
  0.394091E+01  0.205132E+03  0.156389E+03  0.000000E+00  0.000000E+00  0.000000E+00  0.203597E+03
  0.407449E+01  0.193601E+03  0.147598E+03  0.000000E+00  0.000000E+00  0.000000E+00  0.192152E+03
  0.421259E+01  0.182706E+03  0.139291E+03  0.000000E+00  0.000000E+00  0.000000E+00  0.181338E+03
  0.435538E+01  0.172411E+03  0.131443E+03  0.000000E+00  0.000000E+00  0.000000E+00  0.171121E+03
  0.450301E+01  0.162686E+03  0.124028E+03  0.000000E+00  0.000000E+00  0.000000E+00  0.161468E+03
  0.465564E+01  0.153498E+03  0.117024E+03  0.000000E+00  0.000000E+00  0.000000E+00  0.152349E+03
  0.481344E+01  0.144819E+03  0.110407E+03  0.000000E+00  0.000000E+00  0.000000E+00  0.143735E+03
  0.497659E+01  0.136622E+03  0.104158E+03  0.000000E+00  0.000000E+00  0.000000E+00  0.135600E+03
  0.514527E+01  0.128881E+03  0.982559E+02  0.000000E+00  0.000000E+00  0.000000E+00  0.127917E+03
  0.531968E+01  0.121571E+03  0.926829E+02  0.000000E+00  0.000000E+00  0.000000E+00  0.120661E+03
  0.549998E+01  0.114669E+03  0.874207E+02  0.000000E+00  0.000000E+00  0.000000E+00  0.113811E+03
  0.568641E+01  0.108152E+03  0.824521E+02  0.000000E+00  0.000000E+00  0.000000E+00  0.107343E+03
  0.587915E+01  0.101999E+03  0.777611E+02  0.000000E+00  0.000000E+00  0.000000E+00  0.101236E+03
  0.607843E+01  0.961902E+02  0.733322E+02  0.000000E+00  0.000000E+00  0.000000E+00  0.954703E+02
  0.628446E+01  0.907064E+02  0.691513E+02  0.000000E+00  0.000000E+00  0.000000E+00  0.900275E+02
  0.649747E+01  0.855305E+02  0.652051E+02  0.000000E+00  0.000000E+00  0.000000E+00  0.848903E+02
  0.671770E+01  0.806453E+02  0.614805E+02  0.000000E+00  0.000000E+00  0.000000E+00  0.800417E+02
  0.694539E+01  0.760351E+02  0.579657E+02  0.000000E+00  0.000000E+00  0.000000E+00  0.754660E+02
  0.718081E+01  0.716844E+02  0.546486E+02  0.000000E+00  0.000000E+00  0.000000E+00  0.711479E+02
  0.742420E+01  0.675789E+02  0.515184E+02  0.000000E+00  0.000000E+00  0.000000E+00  0.670730E+02
  0.767585E+01  0.637047E+02  0.485646E+02  0.000000E+00  0.000000E+00  0.000000E+00  0.632278E+02
  0.793602E+01  0.600493E+02  0.457777E+02  0.000000E+00  0.000000E+00  0.000000E+00  0.595998E+02
  0.820502E+01  0.566007E+02  0.431484E+02  0.000000E+00  0.000000E+00  0.000000E+00  0.561770E+02
  0.848312E+01  0.533475E+02  0.406680E+02  0.000000E+00  0.000000E+00  0.000000E+00  0.529482E+02
  0.877066E+01  0.502787E+02  0.383283E+02  0.000000E+00  0.000000E+00  0.000000E+00  0.499024E+02
  0.906794E+01  0.473841E+02  0.361213E+02  0.000000E+00  0.000000E+00  0.000000E+00  0.470294E+02
  0.937530E+01  0.446536E+02  0.340395E+02  0.000000E+00  0.000000E+00  0.000000E+00  0.443193E+02
  0.969308E+01  0.420783E+02  0.320760E+02  0.000000E+00  0.000000E+00  0.000000E+00  0.417633E+02
  0.100216E+02  0.396496E+02  0.302242E+02  0.000000E+00  0.000000E+00  0.000000E+00  0.393527E+02
  0.103613E+02  0.373593E+02  0.284780E+02  0.000000E+00  0.000000E+00  0.000000E+00  0.370796E+02
  0.107125E+02  0.351998E+02  0.268315E+02  0.000000E+00  0.000000E+00  0.000000E+00  0.349362E+02
  0.110756E+02  0.331634E+02  0.252789E+02  0.000000E+00  0.000000E+00  0.000000E+00  0.329151E+02
  0.114510E+02  0.312433E+02  0.238149E+02  0.000000E+00  0.000000E+00  0.000000E+00  0.310093E+02
  0.118392E+02  0.294329E+02  0.224345E+02  0.000000E+00  0.000000E+00  0.000000E+00  0.292125E+02
  0.122404E+02  0.277262E+02  0.211333E+02  0.000000E+00  0.000000E+00  0.000000E+00  0.275186E+02
  0.126553E+02  0.261174E+02  0.199066E+02  0.000000E+00  0.000000E+00  0.000000E+00  0.259218E+02
  0.130843E+02  0.246008E+02  0.187503E+02  0.000000E+00  0.000000E+00  0.000000E+00  0.244166E+02
  0.135278E+02  0.231712E+02  0.176602E+02  0.000000E+00  0.000000E+00  0.000000E+00  0.229976E+02
  0.139863E+02  0.218237E+02  0.166328E+02  0.000000E+00  0.000000E+00  0.000000E+00  0.216602E+02
  0.144604E+02  0.205536E+02  0.156644E+02  0.000000E+00  0.000000E+00  0.000000E+00  0.203996E+02
  0.149505E+02  0.193568E+02  0.147518E+02  0.000000E+00  0.000000E+00  0.000000E+00  0.192117E+02
  0.154573E+02  0.182288E+02  0.138918E+02  0.000000E+00  0.000000E+00  0.000000E+00  0.180922E+02
  0.159812E+02  0.171657E+02  0.130812E+02  0.000000E+00  0.000000E+00  0.000000E+00  0.170371E+02
  0.165229E+02  0.161641E+02  0.123174E+02  0.000000E+00  0.000000E+00  0.000000E+00  0.160429E+02
  0.170829E+02  0.152202E+02  0.115978E+02  0.000000E+00  0.000000E+00  0.000000E+00  0.151061E+02
  0.176619E+02  0.143310E+02  0.109197E+02  0.000000E+00  0.000000E+00  0.000000E+00  0.142235E+02
  0.182606E+02  0.134931E+02  0.102808E+02  0.000000E+00  0.000000E+00  0.000000E+00  0.133919E+02
  0.188795E+02  0.127037E+02  0.967890E+01  0.000000E+00  0.000000E+00  0.000000E+00  0.126084E+02
  0.195195E+02  0.119600E+02  0.911184E+01  0.000000E+00  0.000000E+00  0.000000E+00  0.118703E+02
  0.201811E+02  0.112594E+02  0.857767E+01  0.000000E+00  0.000000E+00  0.000000E+00  0.111750E+02
  0.208651E+02  0.105995E+02  0.807444E+01  0.000000E+00  0.000000E+00  0.000000E+00  0.105199E+02
  0.215723E+02  0.997782E+01  0.760042E+01  0.000000E+00  0.000000E+00  0.000000E+00  0.990294E+01
  0.223035E+02  0.939228E+01  0.715393E+01  0.000000E+00  0.000000E+00  0.000000E+00  0.932178E+01
  0.230595E+02  0.884081E+01  0.673342E+01  0.000000E+00  0.000000E+00  0.000000E+00  0.877444E+01
  0.238411E+02  0.832138E+01  0.633733E+01  0.000000E+00  0.000000E+00  0.000000E+00  0.825889E+01
  0.246492E+02  0.783219E+01  0.596430E+01  0.000000E+00  0.000000E+00  0.000000E+00  0.777336E+01
  0.254847E+02  0.737150E+01  0.561301E+01  0.000000E+00  0.000000E+00  0.000000E+00  0.731612E+01
  0.263485E+02  0.693767E+01  0.528219E+01  0.000000E+00  0.000000E+00  0.000000E+00  0.688553E+01
  0.272416E+02  0.652913E+01  0.497065E+01  0.000000E+00  0.000000E+00  0.000000E+00  0.648004E+01
  0.281650E+02  0.614444E+01  0.467729E+01  0.000000E+00  0.000000E+00  0.000000E+00  0.609823E+01
  0.291196E+02  0.578223E+01  0.440108E+01  0.000000E+00  0.000000E+00  0.000000E+00  0.573873E+01
  0.301066E+02  0.544117E+01  0.414100E+01  0.000000E+00  0.000000E+00  0.000000E+00  0.540022E+01
  0.311271E+02  0.512007E+01  0.389612E+01  0.000000E+00  0.000000E+00  0.000000E+00  0.508152E+01
  0.321822E+02  0.481776E+01  0.366558E+01  0.000000E+00  0.000000E+00  0.000000E+00  0.478147E+01
  0.332730E+02  0.453315E+01  0.344853E+01  0.000000E+00  0.000000E+00  0.000000E+00  0.449899E+01
  0.344008E+02  0.426520E+01  0.324419E+01  0.000000E+00  0.000000E+00  0.000000E+00  0.423304E+01
  0.355668E+02  0.401298E+01  0.305183E+01  0.000000E+00  0.000000E+00  0.000000E+00  0.398271E+01
  0.367723E+02  0.377554E+01  0.287075E+01  0.000000E+00  0.000000E+00  0.000000E+00  0.374705E+01
  0.380187E+02  0.355204E+01  0.270030E+01  0.000000E+00  0.000000E+00  0.000000E+00  0.352522E+01
  0.393074E+02  0.334167E+01  0.253986E+01  0.000000E+00  0.000000E+00  0.000000E+00  0.331642E+01
  0.406397E+02  0.314367E+01  0.238884E+01  0.000000E+00  0.000000E+00  0.000000E+00  0.311989E+01
  0.420172E+02  0.295730E+01  0.224670E+01  0.000000E+00  0.000000E+00  0.000000E+00  0.293492E+01
  0.434414E+02  0.278190E+01  0.211292E+01  0.000000E+00  0.000000E+00  0.000000E+00  0.276083E+01
  0.449138E+02  0.261682E+01  0.198701E+01  0.000000E+00  0.000000E+00  0.000000E+00  0.259699E+01
  0.464362E+02  0.246147E+01  0.186851E+01  0.000000E+00  0.000000E+00  0.000000E+00  0.244279E+01
  0.480101E+02  0.231527E+01  0.175700E+01  0.000000E+00  0.000000E+00  0.000000E+00  0.229769E+01
  0.496375E+02  0.217769E+01  0.165205E+01  0.000000E+00  0.000000E+00  0.000000E+00  0.216114E+01
  0.513199E+02  0.204823E+01  0.155330E+01  0.000000E+00  0.000000E+00  0.000000E+00  0.203265E+01
  0.530594E+02  0.192641E+01  0.146038E+01  0.000000E+00  0.000000E+00  0.000000E+00  0.191173E+01
  0.548579E+02  0.181179E+01  0.137293E+01  0.000000E+00  0.000000E+00  0.000000E+00  0.179797E+01
  0.567173E+02  0.170394E+01  0.129066E+01  0.000000E+00  0.000000E+00  0.000000E+00  0.169092E+01
  0.586397E+02  0.160246E+01  0.121324E+01  0.000000E+00  0.000000E+00  0.000000E+00  0.159020E+01
  0.606273E+02  0.150699E+01  0.114040E+01  0.000000E+00  0.000000E+00  0.000000E+00  0.149544E+01
  0.626823E+02  0.141716E+01  0.107187E+01  0.000000E+00  0.000000E+00  0.000000E+00  0.140629E+01
  0.648069E+02  0.133265E+01  0.100739E+01  0.000000E+00  0.000000E+00  0.000000E+00  0.132241E+01
  0.670036E+02  0.125315E+01  0.946735E+00  0.000000E+00  0.000000E+00  0.000000E+00  0.124350E+01
  0.692747E+02  0.117837E+01  0.889669E+00  0.000000E+00  0.000000E+00  0.000000E+00  0.116927E+01
  0.716227E+02  0.110801E+01  0.835984E+00  0.000000E+00  0.000000E+00  0.000000E+00  0.109944E+01
  0.740504E+02  0.104183E+01  0.785481E+00  0.000000E+00  0.000000E+00  0.000000E+00  0.103376E+01
  0.765604E+02  0.979577E+00  0.737973E+00  0.000000E+00  0.000000E+00  0.000000E+00  0.971967E+00
  0.791553E+02  0.921021E+00  0.693285E+00  0.000000E+00  0.000000E+00  0.000000E+00  0.913848E+00
  0.818384E+02  0.865943E+00  0.651248E+00  0.000000E+00  0.000000E+00  0.000000E+00  0.859181E+00
  0.846122E+02  0.814138E+00  0.611708E+00  0.000000E+00  0.000000E+00  0.000000E+00  0.807763E+00
  0.874802E+02  0.765414E+00  0.574517E+00  0.000000E+00  0.000000E+00  0.000000E+00  0.759401E+00
  0.904453E+02  0.719588E+00  0.539536E+00  0.000000E+00  0.000000E+00  0.000000E+00  0.713917E+00
  0.935109E+02  0.676490E+00  0.506636E+00  0.000000E+00  0.000000E+00  0.000000E+00  0.671140E+00
  0.966806E+02  0.635955E+00  0.475690E+00  0.000000E+00  0.000000E+00  0.000000E+00  0.630907E+00
  0.999576E+02  0.597837E+00  0.446588E+00  0.000000E+00  0.000000E+00  0.000000E+00  0.593073E+00
  0.103346E+03  0.561990E+00  0.419218E+00  0.000000E+00  0.000000E+00  0.000000E+00  0.557493E+00
  0.106849E+03  0.528278E+00  0.393476E+00  0.000000E+00  0.000000E+00  0.000000E+00  0.524032E+00
  0.110470E+03  0.496579E+00  0.369269E+00  0.000000E+00  0.000000E+00  0.000000E+00  0.492569E+00
  0.114215E+03  0.466770E+00  0.346505E+00  0.000000E+00  0.000000E+00  0.000000E+00  0.462983E+00
  0.118086E+03  0.438742E+00  0.325099E+00  0.000000E+00  0.000000E+00  0.000000E+00  0.435162E+00
  0.122089E+03  0.412385E+00  0.304967E+00  0.000000E+00  0.000000E+00  0.000000E+00  0.409001E+00
  0.126227E+03  0.387604E+00  0.286039E+00  0.000000E+00  0.000000E+00  0.000000E+00  0.384405E+00
  0.130505E+03  0.364303E+00  0.268240E+00  0.000000E+00  0.000000E+00  0.000000E+00  0.361278E+00
  0.134928E+03  0.342396E+00  0.251504E+00  0.000000E+00  0.000000E+00  0.000000E+00  0.339533E+00
  0.139502E+03  0.321798E+00  0.235767E+00  0.000000E+00  0.000000E+00  0.000000E+00  0.319088E+00
  0.144230E+03  0.302433E+00  0.220972E+00  0.000000E+00  0.000000E+00  0.000000E+00  0.299868E+00
  0.149119E+03  0.284227E+00  0.207062E+00  0.000000E+00  0.000000E+00  0.000000E+00  0.281797E+00
  0.154173E+03  0.267112E+00  0.193984E+00  0.000000E+00  0.000000E+00  0.000000E+00  0.264809E+00
  0.159399E+03  0.251020E+00  0.181688E+00  0.000000E+00  0.000000E+00  0.000000E+00  0.248837E+00
  0.164802E+03  0.235894E+00  0.170130E+00  0.000000E+00  0.000000E+00  0.000000E+00  0.233823E+00
  0.170388E+03  0.221674E+00  0.159264E+00  0.000000E+00  0.000000E+00  0.000000E+00  0.219709E+00
  0.176164E+03  0.208307E+00  0.149049E+00  0.000000E+00  0.000000E+00  0.000000E+00  0.206440E+00
  0.182135E+03  0.195741E+00  0.139448E+00  0.000000E+00  0.000000E+00  0.000000E+00  0.193968E+00
  0.188308E+03  0.183930E+00  0.130424E+00  0.000000E+00  0.000000E+00  0.000000E+00  0.182245E+00
  0.194691E+03  0.172828E+00  0.121942E+00  0.000000E+00  0.000000E+00  0.000000E+00  0.171225E+00
  0.201290E+03  0.162392E+00  0.113969E+00  0.000000E+00  0.000000E+00  0.000000E+00  0.160867E+00
