  0.108800E-04  0.118275E+07  0.118275E+07  0.157696E+07  0.157696E+07  0.000000E+00  0.118275E+07
  0.112487E-04  0.118275E+07  0.118275E+07  0.157695E+07  0.157695E+07  0.000000E+00  0.118275E+07
  0.116300E-04  0.118275E+07  0.118275E+07  0.157695E+07  0.157695E+07  0.000000E+00  0.118275E+07
  0.120242E-04  0.118275E+07  0.118275E+07  0.157695E+07  0.157694E+07  0.000000E+00  0.118275E+07
  0.124318E-04  0.118275E+07  0.118275E+07  0.157694E+07  0.157694E+07  0.000000E+00  0.118275E+07
  0.128531E-04  0.118275E+07  0.118275E+07  0.157694E+07  0.157694E+07  0.000000E+00  0.118275E+07
  0.132888E-04  0.118275E+07  0.118275E+07  0.157693E+07  0.157693E+07  0.000000E+00  0.118275E+07
  0.137392E-04  0.118275E+07  0.118275E+07  0.157693E+07  0.157693E+07  0.000000E+00  0.118275E+07
  0.142049E-04  0.118275E+07  0.118275E+07  0.157692E+07  0.157692E+07  0.000000E+00  0.118275E+07
  0.146864E-04  0.118275E+07  0.118275E+07  0.157692E+07  0.157692E+07  0.000000E+00  0.118275E+07
  0.151842E-04  0.118275E+07  0.118275E+07  0.157691E+07  0.157691E+07  0.000000E+00  0.118275E+07
  0.156989E-04  0.118275E+07  0.118275E+07  0.157691E+07  0.157690E+07  0.000000E+00  0.118275E+07
  0.162310E-04  0.118275E+07  0.118275E+07  0.157690E+07  0.157690E+07  0.000000E+00  0.118275E+07
  0.167811E-04  0.118275E+07  0.118275E+07  0.157689E+07  0.157689E+07  0.000000E+00  0.118275E+07
  0.173499E-04  0.118275E+07  0.118275E+07  0.157689E+07  0.157688E+07  0.000000E+00  0.118275E+07
  0.179380E-04  0.118275E+07  0.118275E+07  0.157688E+07  0.157688E+07  0.000000E+00  0.118275E+07
  0.185460E-04  0.118275E+07  0.118275E+07  0.157687E+07  0.157687E+07  0.000000E+00  0.118275E+07
  0.191746E-04  0.118275E+07  0.118275E+07  0.157686E+07  0.157686E+07  0.000000E+00  0.118275E+07
  0.198246E-04  0.118275E+07  0.118275E+07  0.157685E+07  0.157685E+07  0.000000E+00  0.118275E+07
  0.204965E-04  0.118275E+07  0.118275E+07  0.157684E+07  0.157684E+07  0.000000E+00  0.118275E+07
  0.211913E-04  0.118275E+07  0.118275E+07  0.157683E+07  0.157682E+07  0.000000E+00  0.118275E+07
  0.219095E-04  0.118275E+07  0.118275E+07  0.157682E+07  0.157681E+07  0.000000E+00  0.118275E+07
  0.226522E-04  0.118275E+07  0.118275E+07  0.157680E+07  0.157680E+07  0.000000E+00  0.118275E+07
  0.234200E-04  0.118275E+07  0.118275E+07  0.157679E+07  0.157679E+07  0.000000E+00  0.118275E+07
  0.242138E-04  0.118275E+07  0.118275E+07  0.157678E+07  0.157677E+07  0.000000E+00  0.118275E+07
  0.250345E-04  0.118275E+07  0.118275E+07  0.157676E+07  0.157676E+07  0.000000E+00  0.118275E+07
  0.258831E-04  0.118275E+07  0.118275E+07  0.157674E+07  0.157674E+07  0.000000E+00  0.118275E+07
  0.267604E-04  0.118275E+07  0.118275E+07  0.157673E+07  0.157672E+07  0.000000E+00  0.118275E+07
  0.276674E-04  0.118275E+07  0.118275E+07  0.157671E+07  0.157670E+07  0.000000E+00  0.118275E+07
  0.286052E-04  0.118275E+07  0.118275E+07  0.157669E+07  0.157668E+07  0.000000E+00  0.118275E+07
  0.295748E-04  0.118275E+07  0.118275E+07  0.157667E+07  0.157666E+07  0.000000E+00  0.118275E+07
  0.305772E-04  0.118275E+07  0.118275E+07  0.157664E+07  0.157663E+07  0.000000E+00  0.118275E+07
  0.316136E-04  0.118274E+07  0.118274E+07  0.157662E+07  0.157661E+07  0.000000E+00  0.118274E+07
  0.326852E-04  0.118274E+07  0.118274E+07  0.157659E+07  0.157658E+07  0.000000E+00  0.118274E+07
  0.337931E-04  0.118274E+07  0.118274E+07  0.157656E+07  0.157655E+07  0.000000E+00  0.118274E+07
  0.349385E-04  0.118274E+07  0.118274E+07  0.157653E+07  0.157652E+07  0.000000E+00  0.118274E+07
  0.361227E-04  0.118274E+07  0.118274E+07  0.157650E+07  0.157649E+07  0.000000E+00  0.118274E+07
  0.373471E-04  0.118274E+07  0.118274E+07  0.157647E+07  0.157645E+07  0.000000E+00  0.118274E+07
  0.386130E-04  0.118274E+07  0.118274E+07  0.157643E+07  0.157642E+07  0.000000E+00  0.118274E+07
  0.399218E-04  0.118274E+07  0.118274E+07  0.157639E+07  0.157638E+07  0.000000E+00  0.118274E+07
  0.412749E-04  0.118274E+07  0.118274E+07  0.157635E+07  0.157633E+07  0.000000E+00  0.118274E+07
  0.426740E-04  0.118274E+07  0.118274E+07  0.157630E+07  0.157629E+07  0.000000E+00  0.118274E+07
  0.441204E-04  0.118274E+07  0.118274E+07  0.157625E+07  0.157624E+07  0.000000E+00  0.118274E+07
  0.456159E-04  0.118274E+07  0.118274E+07  0.157620E+07  0.157618E+07  0.000000E+00  0.118274E+07
  0.471620E-04  0.118274E+07  0.118274E+07  0.157615E+07  0.157613E+07  0.000000E+00  0.118274E+07
  0.487606E-04  0.118274E+07  0.118274E+07  0.157609E+07  0.157607E+07  0.000000E+00  0.118274E+07
  0.504133E-04  0.118274E+07  0.118273E+07  0.157603E+07  0.157600E+07  0.000000E+00  0.118274E+07
  0.521221E-04  0.118273E+07  0.118273E+07  0.157596E+07  0.157593E+07  0.000000E+00  0.118273E+07
  0.538888E-04  0.118273E+07  0.118273E+07  0.157589E+07  0.157586E+07  0.000000E+00  0.118273E+07
  0.557153E-04  0.118273E+07  0.118273E+07  0.157581E+07  0.157578E+07  0.000000E+00  0.118273E+07
  0.576038E-04  0.118273E+07  0.118273E+07  0.157573E+07  0.157570E+07  0.000000E+00  0.118273E+07
  0.595563E-04  0.118273E+07  0.118273E+07  0.157564E+07  0.157561E+07  0.000000E+00  0.118273E+07
  0.615750E-04  0.118273E+07  0.118273E+07  0.157555E+07  0.157551E+07  0.000000E+00  0.118273E+07
  0.636621E-04  0.118273E+07  0.118273E+07  0.157545E+07  0.157541E+07  0.000000E+00  0.118273E+07
  0.658199E-04  0.118272E+07  0.118272E+07  0.157534E+07  0.157530E+07  0.000000E+00  0.118272E+07
  0.680509E-04  0.118272E+07  0.118272E+07  0.157522E+07  0.157518E+07  0.000000E+00  0.118272E+07
  0.703575E-04  0.118272E+07  0.118272E+07  0.157510E+07  0.157506E+07  0.000000E+00  0.118272E+07
  0.727422E-04  0.118272E+07  0.118272E+07  0.157497E+07  0.157492E+07  0.000000E+00  0.118272E+07
  0.752079E-04  0.118272E+07  0.118272E+07  0.157483E+07  0.157478E+07  0.000000E+00  0.118272E+07
  0.777570E-04  0.118271E+07  0.118271E+07  0.157468E+07  0.157463E+07  0.000000E+00  0.118271E+07
  0.803926E-04  0.118271E+07  0.118271E+07  0.157452E+07  0.157446E+07  0.000000E+00  0.118271E+07
  0.831175E-04  0.118271E+07  0.118271E+07  0.157435E+07  0.157429E+07  0.000000E+00  0.118271E+07
  0.859348E-04  0.118270E+07  0.118270E+07  0.157417E+07  0.157410E+07  0.000000E+00  0.118270E+07
  0.888476E-04  0.118270E+07  0.118270E+07  0.157397E+07  0.157390E+07  0.000000E+00  0.118270E+07
  0.918591E-04  0.118270E+07  0.118270E+07  0.157376E+07  0.157369E+07  0.000000E+00  0.118270E+07
  0.949726E-04  0.118269E+07  0.118269E+07  0.157354E+07  0.157346E+07  0.000000E+00  0.118269E+07
  0.981917E-04  0.118269E+07  0.118269E+07  0.157330E+07  0.157322E+07  0.000000E+00  0.118269E+07
  0.101520E-03  0.118269E+07  0.118269E+07  0.157305E+07  0.157295E+07  0.000000E+00  0.118269E+07
  0.104961E-03  0.118268E+07  0.118268E+07  0.157278E+07  0.157268E+07  0.000000E+00  0.118268E+07
  0.108519E-03  0.118268E+07  0.118268E+07  0.157249E+07  0.157238E+07  0.000000E+00  0.118268E+07
  0.112197E-03  0.118267E+07  0.118267E+07  0.157218E+07  0.157206E+07  0.000000E+00  0.118267E+07
  0.116000E-03  0.118267E+07  0.118267E+07  0.157184E+07  0.157172E+07  0.000000E+00  0.118267E+07
  0.119932E-03  0.118266E+07  0.118266E+07  0.157149E+07  0.157136E+07  0.000000E+00  0.118266E+07
  0.123997E-03  0.118265E+07  0.118265E+07  0.157111E+07  0.157097E+07  0.000000E+00  0.118265E+07
  0.128200E-03  0.118265E+07  0.118265E+07  0.157070E+07  0.157055E+07  0.000000E+00  0.118265E+07
  0.132545E-03  0.118264E+07  0.118264E+07  0.157027E+07  0.157011E+07  0.000000E+00  0.118264E+07
  0.137038E-03  0.118263E+07  0.118263E+07  0.156981E+07  0.156964E+07  0.000000E+00  0.118263E+07
  0.141683E-03  0.118262E+07  0.118262E+07  0.156931E+07  0.156913E+07  0.000000E+00  0.118262E+07
  0.146485E-03  0.118262E+07  0.118261E+07  0.156878E+07  0.156859E+07  0.000000E+00  0.118262E+07
  0.151450E-03  0.118261E+07  0.118260E+07  0.156822E+07  0.156801E+07  0.000000E+00  0.118261E+07
  0.156583E-03  0.118260E+07  0.118259E+07  0.156761E+07  0.156739E+07  0.000000E+00  0.118260E+07
  0.161891E-03  0.118259E+07  0.118258E+07  0.156697E+07  0.156673E+07  0.000000E+00  0.118259E+07
  0.167378E-03  0.118257E+07  0.118257E+07  0.156628E+07  0.156602E+07  0.000000E+00  0.118257E+07
  0.173051E-03  0.118256E+07  0.118256E+07  0.156554E+07  0.156527E+07  0.000000E+00  0.118256E+07
  0.178917E-03  0.118255E+07  0.118255E+07  0.156475E+07  0.156446E+07  0.000000E+00  0.118255E+07
  0.184981E-03  0.118254E+07  0.118253E+07  0.156391E+07  0.156360E+07  0.000000E+00  0.118254E+07
  0.191251E-03  0.118252E+07  0.118252E+07  0.156301E+07  0.156268E+07  0.000000E+00  0.118252E+07
  0.197734E-03  0.118250E+07  0.118250E+07  0.156205E+07  0.156170E+07  0.000000E+00  0.118250E+07
  0.204436E-03  0.118249E+07  0.118248E+07  0.156103E+07  0.156065E+07  0.000000E+00  0.118249E+07
  0.211366E-03  0.118247E+07  0.118247E+07  0.155993E+07  0.155953E+07  0.000000E+00  0.118247E+07
  0.218530E-03  0.118245E+07  0.118245E+07  0.155876E+07  0.155833E+07  0.000000E+00  0.118245E+07
  0.225937E-03  0.118243E+07  0.118242E+07  0.155751E+07  0.155705E+07  0.000000E+00  0.118243E+07
  0.233595E-03  0.118241E+07  0.118240E+07  0.155618E+07  0.155568E+07  0.000000E+00  0.118241E+07
  0.241513E-03  0.118238E+07  0.118238E+07  0.155475E+07  0.155423E+07  0.000000E+00  0.118238E+07
  0.249699E-03  0.118236E+07  0.118235E+07  0.155323E+07  0.155267E+07  0.000000E+00  0.118236E+07
  0.258162E-03  0.118233E+07  0.118233E+07  0.155160E+07  0.155100E+07  0.000000E+00  0.118233E+07
  0.266913E-03  0.118230E+07  0.118230E+07  0.154986E+07  0.154922E+07  0.000000E+00  0.118230E+07
  0.275960E-03  0.118227E+07  0.118226E+07  0.154801E+07  0.154733E+07  0.000000E+00  0.118227E+07
  0.285314E-03  0.118224E+07  0.118223E+07  0.154603E+07  0.154530E+07  0.000000E+00  0.118224E+07
  0.294984E-03  0.118220E+07  0.118220E+07  0.154391E+07  0.154314E+07  0.000000E+00  0.118220E+07
  0.304983E-03  0.118217E+07  0.118216E+07  0.154166E+07  0.154083E+07  0.000000E+00  0.118216E+07
  0.315320E-03  0.118213E+07  0.118212E+07  0.153925E+07  0.153836E+07  0.000000E+00  0.118212E+07
  0.326008E-03  0.118208E+07  0.118207E+07  0.153667E+07  0.153573E+07  0.000000E+00  0.118208E+07
  0.337058E-03  0.118204E+07  0.118203E+07  0.153393E+07  0.153292E+07  0.000000E+00  0.118204E+07
  0.348483E-03  0.118199E+07  0.118198E+07  0.153100E+07  0.152992E+07  0.000000E+00  0.118199E+07
  0.360295E-03  0.118194E+07  0.118192E+07  0.152787E+07  0.152673E+07  0.000000E+00  0.118193E+07
  0.372507E-03  0.118188E+07  0.118187E+07  0.152454E+07  0.152332E+07  0.000000E+00  0.118188E+07
  0.385133E-03  0.118182E+07  0.118181E+07  0.152098E+07  0.151968E+07  0.000000E+00  0.118182E+07
  0.398187E-03  0.118176E+07  0.118174E+07  0.151719E+07  0.151580E+07  0.000000E+00  0.118175E+07
  0.411684E-03  0.118169E+07  0.118167E+07  0.151314E+07  0.151166E+07  0.000000E+00  0.118168E+07
  0.425638E-03  0.118161E+07  0.118160E+07  0.150883E+07  0.150725E+07  0.000000E+00  0.118161E+07
  0.440065E-03  0.118154E+07  0.118152E+07  0.150423E+07  0.150255E+07  0.000000E+00  0.118153E+07
  0.454981E-03  0.118145E+07  0.118143E+07  0.149933E+07  0.149754E+07  0.000000E+00  0.118145E+07
  0.470403E-03  0.118136E+07  0.118134E+07  0.149410E+07  0.149220E+07  0.000000E+00  0.118136E+07
  0.486347E-03  0.118127E+07  0.118125E+07  0.148854E+07  0.148652E+07  0.000000E+00  0.118127E+07
  0.502832E-03  0.118117E+07  0.118114E+07  0.148261E+07  0.148046E+07  0.000000E+00  0.118116E+07
  0.519875E-03  0.118106E+07  0.118103E+07  0.147630E+07  0.147401E+07  0.000000E+00  0.118105E+07
  0.537497E-03  0.118094E+07  0.118091E+07  0.146957E+07  0.146714E+07  0.000000E+00  0.118094E+07
  0.555715E-03  0.118082E+07  0.118079E+07  0.146242E+07  0.145984E+07  0.000000E+00  0.118081E+07
  0.574551E-03  0.118069E+07  0.118065E+07  0.145481E+07  0.145207E+07  0.000000E+00  0.118068E+07
  0.594026E-03  0.118055E+07  0.118051E+07  0.144672E+07  0.144380E+07  0.000000E+00  0.118054E+07
  0.614160E-03  0.118040E+07  0.118036E+07  0.143811E+07  0.143502E+07  0.000000E+00  0.118039E+07
  0.634977E-03  0.118024E+07  0.118020E+07  0.142896E+07  0.142568E+07  0.000000E+00  0.118023E+07
  0.656500E-03  0.118006E+07  0.118002E+07  0.141924E+07  0.141576E+07  0.000000E+00  0.118006E+07
  0.678752E-03  0.117988E+07  0.117983E+07  0.140891E+07  0.140523E+07  0.000000E+00  0.117987E+07
  0.701758E-03  0.117968E+07  0.117964E+07  0.139795E+07  0.139406E+07  0.000000E+00  0.117968E+07
  0.725544E-03  0.117948E+07  0.117942E+07  0.138633E+07  0.138221E+07  0.000000E+00  0.117947E+07
  0.750137E-03  0.117925E+07  0.117920E+07  0.137399E+07  0.136964E+07  0.000000E+00  0.117924E+07
  0.775563E-03  0.117902E+07  0.117896E+07  0.136092E+07  0.135632E+07  0.000000E+00  0.117901E+07
  0.801851E-03  0.117876E+07  0.117870E+07  0.134708E+07  0.134222E+07  0.000000E+00  0.117875E+07
  0.829029E-03  0.117849E+07  0.117842E+07  0.133242E+07  0.132730E+07  0.000000E+00  0.117848E+07
  0.857129E-03  0.117820E+07  0.117813E+07  0.131692E+07  0.131153E+07  0.000000E+00  0.117819E+07
  0.886182E-03  0.117790E+07  0.117782E+07  0.130053E+07  0.129486E+07  0.000000E+00  0.117788E+07
  0.916219E-03  0.117757E+07  0.117749E+07  0.128322E+07  0.127726E+07  0.000000E+00  0.117756E+07
  0.947274E-03  0.117722E+07  0.117713E+07  0.126495E+07  0.125869E+07  0.000000E+00  0.117720E+07
  0.979383E-03  0.117685E+07  0.117675E+07  0.124569E+07  0.123913E+07  0.000000E+00  0.117683E+07
  0.101258E-02  0.117645E+07  0.117635E+07  0.122540E+07  0.121853E+07  0.000000E+00  0.117643E+07
  0.104690E-02  0.117603E+07  0.117592E+07  0.120405E+07  0.119687E+07  0.000000E+00  0.117601E+07
  0.108239E-02  0.117558E+07  0.117546E+07  0.118161E+07  0.117412E+07  0.000000E+00  0.117556E+07
  0.111907E-02  0.117510E+07  0.117497E+07  0.115806E+07  0.115026E+07  0.000000E+00  0.117508E+07
  0.115700E-02  0.117458E+07  0.117445E+07  0.113336E+07  0.112525E+07  0.000000E+00  0.117456E+07
  0.119622E-02  0.117404E+07  0.117390E+07  0.110750E+07  0.109909E+07  0.000000E+00  0.117402E+07
  0.123677E-02  0.117346E+07  0.117331E+07  0.108047E+07  0.107177E+07  0.000000E+00  0.117344E+07
  0.127869E-02  0.117285E+07  0.117269E+07  0.105226E+07  0.104327E+07  0.000000E+00  0.117282E+07
  0.132203E-02  0.117219E+07  0.117202E+07  0.102286E+07  0.101361E+07  0.000000E+00  0.117217E+07
  0.136684E-02  0.117150E+07  0.117131E+07  0.992290E+06  0.982800E+06  0.000000E+00  0.117147E+07
  0.141317E-02  0.117076E+07  0.117056E+07  0.960564E+06  0.950856E+06  0.000000E+00  0.117073E+07
  0.146107E-02  0.116997E+07  0.116976E+07  0.927709E+06  0.917815E+06  0.000000E+00  0.116994E+07
  0.151059E-02  0.116914E+07  0.116891E+07  0.893766E+06  0.883722E+06  0.000000E+00  0.116910E+07
  0.156179E-02  0.116825E+07  0.116801E+07  0.858787E+06  0.848635E+06  0.000000E+00  0.116821E+07
  0.161473E-02  0.116731E+07  0.116705E+07  0.822840E+06  0.812629E+06  0.000000E+00  0.116727E+07
  0.166946E-02  0.116631E+07  0.116604E+07  0.786009E+06  0.775793E+06  0.000000E+00  0.116627E+07
  0.172605E-02  0.116526E+07  0.116496E+07  0.748393E+06  0.738234E+06  0.000000E+00  0.116521E+07
  0.178455E-02  0.116414E+07  0.116383E+07  0.710110E+06  0.700075E+06  0.000000E+00  0.116409E+07
  0.184504E-02  0.116295E+07  0.116262E+07  0.671297E+06  0.661459E+06  0.000000E+00  0.116290E+07
  0.190758E-02  0.116170E+07  0.116134E+07  0.632109E+06  0.622548E+06  0.000000E+00  0.116164E+07
  0.197223E-02  0.116037E+07  0.115999E+07  0.592721E+06  0.583520E+06  0.000000E+00  0.116031E+07
  0.203908E-02  0.115897E+07  0.115856E+07  0.553327E+06  0.544575E+06  0.000000E+00  0.115891E+07
  0.210820E-02  0.115749E+07  0.115705E+07  0.514139E+06  0.505925E+06  0.000000E+00  0.115742E+07
  0.217966E-02  0.115592E+07  0.115546E+07  0.475385E+06  0.467802E+06  0.000000E+00  0.115585E+07
  0.225354E-02  0.115427E+07  0.115378E+07  0.437310E+06  0.430446E+06  0.000000E+00  0.115420E+07
  0.232992E-02  0.115253E+07  0.115201E+07  0.400168E+06  0.394110E+06  0.000000E+00  0.115245E+07
  0.240889E-02  0.115070E+07  0.115014E+07  0.364222E+06  0.359050E+06  0.000000E+00  0.115061E+07
  0.249054E-02  0.114877E+07  0.114817E+07  0.329739E+06  0.325521E+06  0.000000E+00  0.114868E+07
  0.257496E-02  0.114675E+07  0.114610E+07  0.296982E+06  0.293773E+06  0.000000E+00  0.114665E+07
  0.266224E-02  0.114462E+07  0.114393E+07  0.266202E+06  0.264041E+06  0.000000E+00  0.114451E+07
  0.275248E-02  0.114238E+07  0.114165E+07  0.237635E+06  0.236537E+06  0.000000E+00  0.114227E+07
  0.284577E-02  0.114004E+07  0.113925E+07  0.211488E+06  0.211445E+06  0.000000E+00  0.113991E+07
  0.294223E-02  0.113758E+07  0.113674E+07  0.187933E+06  0.188907E+06  0.000000E+00  0.113745E+07
  0.304196E-02  0.113500E+07  0.113411E+07  0.167097E+06  0.169018E+06  0.000000E+00  0.113487E+07
  0.314506E-02  0.113231E+07  0.113136E+07  0.149049E+06  0.151815E+06  0.000000E+00  0.113216E+07
  0.325166E-02  0.112950E+07  0.112848E+07  0.133797E+06  0.137271E+06  0.000000E+00  0.112934E+07
  0.336188E-02  0.112656E+07  0.112547E+07  0.121277E+06  0.125290E+06  0.000000E+00  0.112639E+07
  0.347583E-02  0.112349E+07  0.112234E+07  0.111348E+06  0.115703E+06  0.000000E+00  0.112332E+07
  0.359365E-02  0.112030E+07  0.111906E+07  0.103793E+06  0.108270E+06  0.000000E+00  0.112011E+07
  0.371545E-02  0.111697E+07  0.111565E+07  0.983196E+05  0.102685E+06  0.000000E+00  0.111677E+07
  0.384139E-02  0.111351E+07  0.111210E+07  0.945652E+05  0.985835E+05  0.000000E+00  0.111329E+07
  0.397159E-02  0.110991E+07  0.110841E+07  0.921131E+05  0.955616E+05  0.000000E+00  0.110968E+07
  0.410621E-02  0.110617E+07  0.110457E+07  0.905090E+05  0.931933E+05  0.000000E+00  0.110593E+07
  0.424539E-02  0.110229E+07  0.110058E+07  0.892855E+05  0.910562E+05  0.000000E+00  0.110203E+07
  0.438929E-02  0.109827E+07  0.109644E+07  0.879906E+05  0.887599E+05  0.000000E+00  0.109799E+07
  0.453806E-02  0.109409E+07  0.109215E+07  0.862206E+05  0.859751E+05  0.000000E+00  0.109379E+07
  0.469188E-02  0.108977E+07  0.108770E+07  0.836527E+05  0.824625E+05  0.000000E+00  0.108945E+07
  0.485091E-02  0.108529E+07  0.108308E+07  0.800763E+05  0.780961E+05  0.000000E+00  0.108495E+07
  0.501534E-02  0.108066E+07  0.107831E+07  0.754175E+05  0.728784E+05  0.000000E+00  0.108030E+07
  0.518533E-02  0.107587E+07  0.107336E+07  0.697533E+05  0.669434E+05  0.000000E+00  0.107548E+07
  0.536109E-02  0.107092E+07  0.106824E+07  0.633109E+05  0.605450E+05  0.000000E+00  0.107050E+07
  0.554280E-02  0.106580E+07  0.106295E+07  0.564495E+05  0.540281E+05  0.000000E+00  0.106536E+07
  0.573068E-02  0.106051E+07  0.105747E+07  0.496214E+05  0.477846E+05  0.000000E+00  0.106004E+07
  0.592492E-02  0.105505E+07  0.105182E+07  0.433164E+05  0.421965E+05  0.000000E+00  0.105455E+07
  0.612574E-02  0.104942E+07  0.104597E+07  0.379910E+05  0.375738E+05  0.000000E+00  0.104889E+07
  0.633338E-02  0.104361E+07  0.103994E+07  0.339932E+05  0.340979E+05  0.000000E+00  0.104304E+07
  0.654805E-02  0.103762E+07  0.103371E+07  0.314946E+05  0.317800E+05  0.000000E+00  0.103702E+07
  0.677000E-02  0.103144E+07  0.102728E+07  0.304431E+05  0.304486E+05  0.000000E+00  0.103080E+07
  0.699947E-02  0.102508E+07  0.102065E+07  0.000000E+00  0.000000E+00  0.000000E+00  0.102440E+07
  0.723671E-02  0.101853E+07  0.101381E+07  0.000000E+00  0.000000E+00  0.000000E+00  0.101780E+07
  0.748200E-02  0.101178E+07  0.100676E+07  0.000000E+00  0.000000E+00  0.000000E+00  0.101101E+07
  0.773561E-02  0.100484E+07  0.999505E+06  0.000000E+00  0.000000E+00  0.000000E+00  0.100402E+07
  0.799781E-02  0.997705E+06  0.992027E+06  0.000000E+00  0.000000E+00  0.000000E+00  0.996829E+06
  0.826889E-02  0.990365E+06  0.984328E+06  0.000000E+00  0.000000E+00  0.000000E+00  0.989433E+06
  0.854917E-02  0.982820E+06  0.976403E+06  0.000000E+00  0.000000E+00  0.000000E+00  0.981830E+06
  0.883894E-02  0.975068E+06  0.968249E+06  0.000000E+00  0.000000E+00  0.000000E+00  0.974016E+06
  0.913854E-02  0.967106E+06  0.959861E+06  0.000000E+00  0.000000E+00  0.000000E+00  0.965988E+06
  0.944829E-02  0.958930E+06  0.951236E+06  0.000000E+00  0.000000E+00  0.000000E+00  0.957743E+06
  0.976854E-02  0.950538E+06  0.942370E+06  0.000000E+00  0.000000E+00  0.000000E+00  0.949278E+06
  0.100996E-01  0.941928E+06  0.933258E+06  0.000000E+00  0.000000E+00  0.000000E+00  0.940590E+06
  0.104420E-01  0.933095E+06  0.923898E+06  0.000000E+00  0.000000E+00  0.000000E+00  0.931676E+06
  0.107959E-01  0.924038E+06  0.914284E+06  0.000000E+00  0.000000E+00  0.000000E+00  0.922533E+06
  0.111618E-01  0.914754E+06  0.904414E+06  0.000000E+00  0.000000E+00  0.000000E+00  0.913158E+06
  0.115402E-01  0.905239E+06  0.894283E+06  0.000000E+00  0.000000E+00  0.000000E+00  0.903548E+06
  0.119313E-01  0.895493E+06  0.883888E+06  0.000000E+00  0.000000E+00  0.000000E+00  0.893702E+06
  0.123357E-01  0.885511E+06  0.873226E+06  0.000000E+00  0.000000E+00  0.000000E+00  0.883615E+06
  0.127539E-01  0.875292E+06  0.862294E+06  0.000000E+00  0.000000E+00  0.000000E+00  0.873286E+06
  0.131862E-01  0.864834E+06  0.851089E+06  0.000000E+00  0.000000E+00  0.000000E+00  0.862713E+06
  0.136331E-01  0.854136E+06  0.839608E+06  0.000000E+00  0.000000E+00  0.000000E+00  0.851894E+06
  0.140952E-01  0.843194E+06  0.827850E+06  0.000000E+00  0.000000E+00  0.000000E+00  0.840826E+06
  0.145730E-01  0.832008E+06  0.815814E+06  0.000000E+00  0.000000E+00  0.000000E+00  0.829509E+06
  0.150669E-01  0.820578E+06  0.803497E+06  0.000000E+00  0.000000E+00  0.000000E+00  0.817942E+06
  0.155776E-01  0.808903E+06  0.790900E+06  0.000000E+00  0.000000E+00  0.000000E+00  0.806124E+06
  0.161056E-01  0.796982E+06  0.778023E+06  0.000000E+00  0.000000E+00  0.000000E+00  0.794056E+06
  0.166515E-01  0.784816E+06  0.764868E+06  0.000000E+00  0.000000E+00  0.000000E+00  0.781738E+06
  0.172159E-01  0.772408E+06  0.751437E+06  0.000000E+00  0.000000E+00  0.000000E+00  0.769171E+06
  0.177994E-01  0.759758E+06  0.737735E+06  0.000000E+00  0.000000E+00  0.000000E+00  0.756359E+06
  0.184028E-01  0.746870E+06  0.723766E+06  0.000000E+00  0.000000E+00  0.000000E+00  0.743304E+06
  0.190265E-01  0.733748E+06  0.709537E+06  0.000000E+00  0.000000E+00  0.000000E+00  0.730011E+06
  0.196714E-01  0.720397E+06  0.695057E+06  0.000000E+00  0.000000E+00  0.000000E+00  0.716486E+06
  0.203382E-01  0.706823E+06  0.680335E+06  0.000000E+00  0.000000E+00  0.000000E+00  0.702735E+06
  0.210276E-01  0.693035E+06  0.665385E+06  0.000000E+00  0.000000E+00  0.000000E+00  0.688768E+06
  0.217403E-01  0.679042E+06  0.650221E+06  0.000000E+00  0.000000E+00  0.000000E+00  0.674594E+06
  0.224772E-01  0.664856E+06  0.634861E+06  0.000000E+00  0.000000E+00  0.000000E+00  0.660226E+06
  0.232390E-01  0.650488E+06  0.619325E+06  0.000000E+00  0.000000E+00  0.000000E+00  0.645679E+06
  0.240267E-01  0.635956E+06  0.603636E+06  0.000000E+00  0.000000E+00  0.000000E+00  0.630968E+06
  0.248411E-01  0.621275E+06  0.587821E+06  0.000000E+00  0.000000E+00  0.000000E+00  0.616112E+06
  0.256831E-01  0.606466E+06  0.571910E+06  0.000000E+00  0.000000E+00  0.000000E+00  0.601133E+06
  0.265537E-01  0.591552E+06  0.555936E+06  0.000000E+00  0.000000E+00  0.000000E+00  0.586056E+06
  0.274537E-01  0.576558E+06  0.539936E+06  0.000000E+00  0.000000E+00  0.000000E+00  0.570906E+06
  0.283842E-01  0.561512E+06  0.523952E+06  0.000000E+00  0.000000E+00  0.000000E+00  0.555715E+06
  0.293463E-01  0.546444E+06  0.508028E+06  0.000000E+00  0.000000E+00  0.000000E+00  0.540515E+06
  0.303410E-01  0.531389E+06  0.492211E+06  0.000000E+00  0.000000E+00  0.000000E+00  0.525342E+06
  0.313694E-01  0.516382E+06  0.476554E+06  0.000000E+00  0.000000E+00  0.000000E+00  0.510236E+06
  0.324327E-01  0.501464E+06  0.461111E+06  0.000000E+00  0.000000E+00  0.000000E+00  0.495236E+06
  0.335320E-01  0.486675E+06  0.445939E+06  0.000000E+00  0.000000E+00  0.000000E+00  0.480388E+06
  0.346686E-01  0.472059E+06  0.431097E+06  0.000000E+00  0.000000E+00  0.000000E+00  0.465737E+06
  0.358437E-01  0.457661E+06  0.416644E+06  0.000000E+00  0.000000E+00  0.000000E+00  0.451331E+06
  0.370586E-01  0.443526E+06  0.402639E+06  0.000000E+00  0.000000E+00  0.000000E+00  0.437216E+06
  0.383147E-01  0.429633E+06  0.389070E+06  0.000000E+00  0.000000E+00  0.000000E+00  0.423373E+06
  0.396134E-01  0.416049E+06  0.376016E+06  0.000000E+00  0.000000E+00  0.000000E+00  0.409871E+06
  0.409561E-01  0.402858E+06  0.363567E+06  0.000000E+00  0.000000E+00  0.000000E+00  0.396794E+06
  0.423443E-01  0.390109E+06  0.351776E+06  0.000000E+00  0.000000E+00  0.000000E+00  0.384193E+06
  0.437796E-01  0.377842E+06  0.340680E+06  0.000000E+00  0.000000E+00  0.000000E+00  0.372106E+06
  0.452635E-01  0.366083E+06  0.330300E+06  0.000000E+00  0.000000E+00  0.000000E+00  0.360560E+06
  0.467977E-01  0.354845E+06  0.320636E+06  0.000000E+00  0.000000E+00  0.000000E+00  0.349566E+06
  0.483839E-01  0.344125E+06  0.311668E+06  0.000000E+00  0.000000E+00  0.000000E+00  0.339116E+06
  0.500239E-01  0.333906E+06  0.303351E+06  0.000000E+00  0.000000E+00  0.000000E+00  0.329190E+06
  0.517194E-01  0.324156E+06  0.295625E+06  0.000000E+00  0.000000E+00  0.000000E+00  0.319753E+06
  0.534725E-01  0.314837E+06  0.288410E+06  0.000000E+00  0.000000E+00  0.000000E+00  0.310758E+06
  0.552850E-01  0.305905E+06  0.281620E+06  0.000000E+00  0.000000E+00  0.000000E+00  0.302157E+06
  0.571588E-01  0.297322E+06  0.275166E+06  0.000000E+00  0.000000E+00  0.000000E+00  0.293903E+06
  0.590963E-01  0.289080E+06  0.268985E+06  0.000000E+00  0.000000E+00  0.000000E+00  0.285978E+06
  0.610993E-01  0.281319E+06  0.263168E+06  0.000000E+00  0.000000E+00  0.000000E+00  0.278518E+06
  0.631703E-01  0.273510E+06  0.257124E+06  0.000000E+00  0.000000E+00  0.000000E+00  0.270981E+06
  0.653114E-01  0.265771E+06  0.250921E+06  0.000000E+00  0.000000E+00  0.000000E+00  0.263479E+06
  0.675252E-01  0.258018E+06  0.244431E+06  0.000000E+00  0.000000E+00  0.000000E+00  0.255921E+06
  0.698139E-01  0.250175E+06  0.237544E+06  0.000000E+00  0.000000E+00  0.000000E+00  0.248226E+06
  0.721803E-01  0.242178E+06  0.230176E+06  0.000000E+00  0.000000E+00  0.000000E+00  0.240326E+06
  0.746268E-01  0.233984E+06  0.222282E+06  0.000000E+00  0.000000E+00  0.000000E+00  0.232178E+06
  0.771564E-01  0.225584E+06  0.213868E+06  0.000000E+00  0.000000E+00  0.000000E+00  0.223776E+06
  0.797716E-01  0.216999E+06  0.204996E+06  0.000000E+00  0.000000E+00  0.000000E+00  0.215146E+06
  0.824755E-01  0.208283E+06  0.195782E+06  0.000000E+00  0.000000E+00  0.000000E+00  0.206354E+06
  0.852709E-01  0.199520E+06  0.186386E+06  0.000000E+00  0.000000E+00  0.000000E+00  0.197493E+06
  0.881612E-01  0.190808E+06  0.177004E+06  0.000000E+00  0.000000E+00  0.000000E+00  0.188678E+06
  0.911495E-01  0.182263E+06  0.167852E+06  0.000000E+00  0.000000E+00  0.000000E+00  0.180039E+06
  0.942390E-01  0.174012E+06  0.159159E+06  0.000000E+00  0.000000E+00  0.000000E+00  0.171719E+06
  0.974333E-01  0.166184E+06  0.151144E+06  0.000000E+00  0.000000E+00  0.000000E+00  0.163863E+06
  0.100736E+00  0.158903E+06  0.143996E+06  0.000000E+00  0.000000E+00  0.000000E+00  0.156602E+06
  0.104150E+00  0.152259E+06  0.137838E+06  0.000000E+00  0.000000E+00  0.000000E+00  0.150034E+06
  0.107680E+00  0.146290E+06  0.132697E+06  0.000000E+00  0.000000E+00  0.000000E+00  0.144192E+06
  0.111330E+00  0.140961E+06  0.128486E+06  0.000000E+00  0.000000E+00  0.000000E+00  0.139036E+06
  0.115104E+00  0.136178E+06  0.125013E+06  0.000000E+00  0.000000E+00  0.000000E+00  0.134455E+06
  0.119005E+00  0.131801E+06  0.122007E+06  0.000000E+00  0.000000E+00  0.000000E+00  0.130289E+06
  0.123039E+00  0.127655E+06  0.119151E+06  0.000000E+00  0.000000E+00  0.000000E+00  0.126343E+06
  0.127209E+00  0.123543E+06  0.116107E+06  0.000000E+00  0.000000E+00  0.000000E+00  0.122395E+06
  0.131521E+00  0.119265E+06  0.112568E+06  0.000000E+00  0.000000E+00  0.000000E+00  0.118231E+06
  0.135979E+00  0.114674E+06  0.108335E+06  0.000000E+00  0.000000E+00  0.000000E+00  0.113696E+06
  0.140588E+00  0.109742E+06  0.103396E+06  0.000000E+00  0.000000E+00  0.000000E+00  0.108762E+06
  0.145353E+00  0.104570E+06  0.979400E+05  0.000000E+00  0.000000E+00  0.000000E+00  0.103547E+06
  0.150280E+00  0.993397E+05  0.922943E+05  0.000000E+00  0.000000E+00  0.000000E+00  0.982524E+05
  0.155374E+00  0.942451E+05  0.868261E+05  0.000000E+00  0.000000E+00  0.000000E+00  0.931001E+05
  0.160640E+00  0.894773E+05  0.818861E+05  0.000000E+00  0.000000E+00  0.000000E+00  0.883058E+05
  0.166085E+00  0.852169E+05  0.777591E+05  0.000000E+00  0.000000E+00  0.000000E+00  0.840659E+05
  0.171715E+00  0.815623E+05  0.745613E+05  0.000000E+00  0.000000E+00  0.000000E+00  0.804818E+05
  0.177535E+00  0.784476E+05  0.721477E+05  0.000000E+00  0.000000E+00  0.000000E+00  0.774753E+05
  0.183553E+00  0.756634E+05  0.701544E+05  0.000000E+00  0.000000E+00  0.000000E+00  0.748132E+05
  0.189774E+00  0.729664E+05  0.681568E+05  0.000000E+00  0.000000E+00  0.000000E+00  0.722241E+05
  0.196206E+00  0.701534E+05  0.658050E+05  0.000000E+00  0.000000E+00  0.000000E+00  0.694823E+05
  0.202857E+00  0.671004E+05  0.629178E+05  0.000000E+00  0.000000E+00  0.000000E+00  0.664549E+05
  0.209733E+00  0.638226E+05  0.595658E+05  0.000000E+00  0.000000E+00  0.000000E+00  0.631657E+05
  0.216842E+00  0.604867E+05  0.560616E+05  0.000000E+00  0.000000E+00  0.000000E+00  0.598038E+05
  0.224192E+00  0.573202E+05  0.528051E+05  0.000000E+00  0.000000E+00  0.000000E+00  0.566234E+05
  0.231791E+00  0.545096E+05  0.501030E+05  0.000000E+00  0.000000E+00  0.000000E+00  0.538295E+05
  0.239647E+00  0.521155E+05  0.480267E+05  0.000000E+00  0.000000E+00  0.000000E+00  0.514845E+05
  0.247770E+00  0.500247E+05  0.463619E+05  0.000000E+00  0.000000E+00  0.000000E+00  0.494594E+05
  0.256168E+00  0.480221E+05  0.447404E+05  0.000000E+00  0.000000E+00  0.000000E+00  0.475156E+05
  0.264851E+00  0.459329E+05  0.428731E+05  0.000000E+00  0.000000E+00  0.000000E+00  0.454607E+05
  0.273828E+00  0.437101E+05  0.407032E+05  0.000000E+00  0.000000E+00  0.000000E+00  0.432461E+05
  0.283110E+00  0.414490E+05  0.384211E+05  0.000000E+00  0.000000E+00  0.000000E+00  0.409817E+05
  0.292706E+00  0.393268E+05  0.363310E+05  0.000000E+00  0.000000E+00  0.000000E+00  0.388644E+05
  0.302627E+00  0.374531E+05  0.346085E+05  0.000000E+00  0.000000E+00  0.000000E+00  0.370141E+05
  0.312884E+00  0.357925E+05  0.331799E+05  0.000000E+00  0.000000E+00  0.000000E+00  0.353893E+05
  0.323490E+00  0.342208E+05  0.318211E+05  0.000000E+00  0.000000E+00  0.000000E+00  0.338504E+05
  0.334454E+00  0.326149E+05  0.303381E+05  0.000000E+00  0.000000E+00  0.000000E+00  0.322635E+05
  0.345791E+00  0.309755E+05  0.287487E+05  0.000000E+00  0.000000E+00  0.000000E+00  0.306318E+05
  0.357512E+00  0.293985E+05  0.272246E+05  0.000000E+00  0.000000E+00  0.000000E+00  0.290630E+05
  0.369629E+00  0.279656E+05  0.258995E+05  0.000000E+00  0.000000E+00  0.000000E+00  0.276467E+05
  0.382158E+00  0.266589E+05  0.247348E+05  0.000000E+00  0.000000E+00  0.000000E+00  0.263620E+05
  0.395111E+00  0.253994E+05  0.235939E+05  0.000000E+00  0.000000E+00  0.000000E+00  0.251207E+05
  0.408504E+00  0.241417E+05  0.224101E+05  0.000000E+00  0.000000E+00  0.000000E+00  0.238745E+05
  0.422350E+00  0.229204E+05  0.212496E+05  0.000000E+00  0.000000E+00  0.000000E+00  0.226625E+05
  0.436666E+00  0.217833E+05  0.201945E+05  0.000000E+00  0.000000E+00  0.000000E+00  0.215381E+05
  0.451466E+00  0.207265E+05  0.192325E+05  0.000000E+00  0.000000E+00  0.000000E+00  0.204959E+05
  0.466769E+00  0.197074E+05  0.182928E+05  0.000000E+00  0.000000E+00  0.000000E+00  0.194891E+05
  0.482590E+00  0.187143E+05  0.173613E+05  0.000000E+00  0.000000E+00  0.000000E+00  0.185055E+05
  0.498948E+00  0.177711E+05  0.164814E+05  0.000000E+00  0.000000E+00  0.000000E+00  0.175721E+05
  0.515859E+00  0.168860E+05  0.156662E+05  0.000000E+00  0.000000E+00  0.000000E+00  0.166978E+05
  0.533344E+00  0.160410E+05  0.148853E+05  0.000000E+00  0.000000E+00  0.000000E+00  0.158627E+05
  0.551422E+00  0.152275E+05  0.141270E+05  0.000000E+00  0.000000E+00  0.000000E+00  0.150576E+05
  0.570113E+00  0.144548E+05  0.134092E+05  0.000000E+00  0.000000E+00  0.000000E+00  0.142934E+05
  0.589437E+00  0.137235E+05  0.127330E+05  0.000000E+00  0.000000E+00  0.000000E+00  0.135706E+05
  0.609416E+00  0.130248E+05  0.120847E+05  0.000000E+00  0.000000E+00  0.000000E+00  0.128797E+05
  0.630072E+00  0.123581E+05  0.114651E+05  0.000000E+00  0.000000E+00  0.000000E+00  0.122203E+05
  0.651428E+00  0.117257E+05  0.108790E+05  0.000000E+00  0.000000E+00  0.000000E+00  0.115950E+05
  0.673509E+00  0.111239E+05  0.103209E+05  0.000000E+00  0.000000E+00  0.000000E+00  0.110000E+05
  0.696337E+00  0.105507E+05  0.978876E+04  0.000000E+00  0.000000E+00  0.000000E+00  0.104331E+05
  0.719940E+00  0.100061E+05  0.928371E+04  0.000000E+00  0.000000E+00  0.000000E+00  0.989463E+04
  0.744342E+00  0.948830E+04  0.880337E+04  0.000000E+00  0.000000E+00  0.000000E+00  0.938259E+04
  0.769572E+00  0.899584E+04  0.834644E+04  0.000000E+00  0.000000E+00  0.000000E+00  0.889562E+04
  0.795656E+00  0.852790E+04  0.791235E+04  0.000000E+00  0.000000E+00  0.000000E+00  0.843290E+04
  0.822625E+00  0.808308E+04  0.749965E+04  0.000000E+00  0.000000E+00  0.000000E+00  0.799304E+04
  0.850508E+00  0.766046E+04  0.710756E+04  0.000000E+00  0.000000E+00  0.000000E+00  0.757513E+04
  0.879336E+00  0.725894E+04  0.673505E+04  0.000000E+00  0.000000E+00  0.000000E+00  0.717809E+04
  0.909141E+00  0.687758E+04  0.638123E+04  0.000000E+00  0.000000E+00  0.000000E+00  0.680098E+04
  0.939957E+00  0.651551E+04  0.604531E+04  0.000000E+00  0.000000E+00  0.000000E+00  0.644294E+04
  0.971817E+00  0.617173E+04  0.572636E+04  0.000000E+00  0.000000E+00  0.000000E+00  0.610299E+04
  0.100476E+01  0.584534E+04  0.542354E+04  0.000000E+00  0.000000E+00  0.000000E+00  0.578024E+04
  0.103881E+01  0.553557E+04  0.513615E+04  0.000000E+00  0.000000E+00  0.000000E+00  0.547393E+04
  0.107402E+01  0.524153E+04  0.486333E+04  0.000000E+00  0.000000E+00  0.000000E+00  0.518316E+04
  0.111043E+01  0.496253E+04  0.460448E+04  0.000000E+00  0.000000E+00  0.000000E+00  0.490727E+04
  0.114807E+01  0.469781E+04  0.435887E+04  0.000000E+00  0.000000E+00  0.000000E+00  0.464550E+04
  0.118698E+01  0.444676E+04  0.412594E+04  0.000000E+00  0.000000E+00  0.000000E+00  0.439725E+04
  0.122721E+01  0.420866E+04  0.390503E+04  0.000000E+00  0.000000E+00  0.000000E+00  0.416180E+04
  0.126881E+01  0.398286E+04  0.369553E+04  0.000000E+00  0.000000E+00  0.000000E+00  0.393852E+04
  0.131182E+01  0.376877E+04  0.349689E+04  0.000000E+00  0.000000E+00  0.000000E+00  0.372681E+04
  0.135628E+01  0.356578E+04  0.330856E+04  0.000000E+00  0.000000E+00  0.000000E+00  0.352609E+04
  0.140225E+01  0.337338E+04  0.313003E+04  0.000000E+00  0.000000E+00  0.000000E+00  0.333582E+04
  0.144978E+01  0.319102E+04  0.296084E+04  0.000000E+00  0.000000E+00  0.000000E+00  0.315549E+04
  0.149892E+01  0.301821E+04  0.280050E+04  0.000000E+00  0.000000E+00  0.000000E+00  0.298461E+04
  0.154973E+01  0.285448E+04  0.264858E+04  0.000000E+00  0.000000E+00  0.000000E+00  0.282271E+04
  0.160226E+01  0.269936E+04  0.250466E+04  0.000000E+00  0.000000E+00  0.000000E+00  0.266931E+04
  0.165656E+01  0.255244E+04  0.236833E+04  0.000000E+00  0.000000E+00  0.000000E+00  0.252402E+04
  0.171271E+01  0.241326E+04  0.223921E+04  0.000000E+00  0.000000E+00  0.000000E+00  0.238640E+04
  0.177077E+01  0.228146E+04  0.211691E+04  0.000000E+00  0.000000E+00  0.000000E+00  0.225607E+04
  0.183079E+01  0.215665E+04  0.200110E+04  0.000000E+00  0.000000E+00  0.000000E+00  0.213264E+04
  0.189284E+01  0.203848E+04  0.189146E+04  0.000000E+00  0.000000E+00  0.000000E+00  0.201579E+04
  0.195700E+01  0.192662E+04  0.178767E+04  0.000000E+00  0.000000E+00  0.000000E+00  0.190517E+04
  0.202333E+01  0.182074E+04  0.168943E+04  0.000000E+00  0.000000E+00  0.000000E+00  0.180047E+04
  0.209191E+01  0.172052E+04  0.159643E+04  0.000000E+00  0.000000E+00  0.000000E+00  0.170137E+04
  0.216282E+01  0.162567E+04  0.150843E+04  0.000000E+00  0.000000E+00  0.000000E+00  0.160757E+04
  0.223613E+01  0.153591E+04  0.142515E+04  0.000000E+00  0.000000E+00  0.000000E+00  0.151882E+04
  0.231192E+01  0.145100E+04  0.134636E+04  0.000000E+00  0.000000E+00  0.000000E+00  0.143485E+04
  0.239028E+01  0.137067E+04  0.127182E+04  0.000000E+00  0.000000E+00  0.000000E+00  0.135541E+04
  0.247130E+01  0.129467E+04  0.120131E+04  0.000000E+00  0.000000E+00  0.000000E+00  0.128026E+04
  0.255507E+01  0.122279E+04  0.113461E+04  0.000000E+00  0.000000E+00  0.000000E+00  0.120918E+04
  0.264167E+01  0.115481E+04  0.107153E+04  0.000000E+00  0.000000E+00  0.000000E+00  0.114196E+04
  0.273121E+01  0.109052E+04  0.101188E+04  0.000000E+00  0.000000E+00  0.000000E+00  0.107839E+04
  0.282379E+01  0.102974E+04  0.955480E+03  0.000000E+00  0.000000E+00  0.000000E+00  0.101828E+04
  0.291950E+01  0.972264E+03  0.902152E+03  0.000000E+00  0.000000E+00  0.000000E+00  0.961444E+03
  0.301846E+01  0.917926E+03  0.851732E+03  0.000000E+00  0.000000E+00  0.000000E+00  0.907710E+03
  0.312077E+01  0.866563E+03  0.804073E+03  0.000000E+00  0.000000E+00  0.000000E+00  0.856919E+03
  0.322655E+01  0.818016E+03  0.759027E+03  0.000000E+00  0.000000E+00  0.000000E+00  0.808912E+03
  0.333591E+01  0.772133E+03  0.716452E+03  0.000000E+00  0.000000E+00  0.000000E+00  0.763539E+03
  0.344898E+01  0.728769E+03  0.676215E+03  0.000000E+00  0.000000E+00  0.000000E+00  0.720658E+03
  0.356588E+01  0.687793E+03  0.638194E+03  0.000000E+00  0.000000E+00  0.000000E+00  0.680138E+03
  0.368675E+01  0.649077E+03  0.602269E+03  0.000000E+00  0.000000E+00  0.000000E+00  0.641853E+03
  0.381172E+01  0.612497E+03  0.568328E+03  0.000000E+00  0.000000E+00  0.000000E+00  0.605681E+03
  0.394091E+01  0.577941E+03  0.536263E+03  0.000000E+00  0.000000E+00  0.000000E+00  0.571509E+03
  0.407449E+01  0.545297E+03  0.505972E+03  0.000000E+00  0.000000E+00  0.000000E+00  0.539228E+03
  0.421259E+01  0.514464E+03  0.477363E+03  0.000000E+00  0.000000E+00  0.000000E+00  0.508739E+03
  0.435538E+01  0.485344E+03  0.450341E+03  0.000000E+00  0.000000E+00  0.000000E+00  0.479942E+03
  0.450301E+01  0.457842E+03  0.424822E+03  0.000000E+00  0.000000E+00  0.000000E+00  0.452746E+03
  0.465564E+01  0.431870E+03  0.400723E+03  0.000000E+00  0.000000E+00  0.000000E+00  0.427063E+03
  0.481344E+01  0.407348E+03  0.377968E+03  0.000000E+00  0.000000E+00  0.000000E+00  0.402814E+03
  0.497659E+01  0.384194E+03  0.356484E+03  0.000000E+00  0.000000E+00  0.000000E+00  0.379918E+03
  0.514527E+01  0.362334E+03  0.336200E+03  0.000000E+00  0.000000E+00  0.000000E+00  0.358301E+03
  0.531968E+01  0.341697E+03  0.317050E+03  0.000000E+00  0.000000E+00  0.000000E+00  0.337893E+03
  0.549998E+01  0.322218E+03  0.298975E+03  0.000000E+00  0.000000E+00  0.000000E+00  0.318631E+03
  0.568641E+01  0.303830E+03  0.281913E+03  0.000000E+00  0.000000E+00  0.000000E+00  0.300448E+03
  0.587915E+01  0.286476E+03  0.265809E+03  0.000000E+00  0.000000E+00  0.000000E+00  0.283286E+03
  0.607843E+01  0.270097E+03  0.250611E+03  0.000000E+00  0.000000E+00  0.000000E+00  0.267090E+03
  0.628446E+01  0.254641E+03  0.236269E+03  0.000000E+00  0.000000E+00  0.000000E+00  0.251806E+03
  0.649747E+01  0.240056E+03  0.222735E+03  0.000000E+00  0.000000E+00  0.000000E+00  0.237383E+03
  0.671770E+01  0.226293E+03  0.209965E+03  0.000000E+00  0.000000E+00  0.000000E+00  0.223773E+03
  0.694539E+01  0.213309E+03  0.197916E+03  0.000000E+00  0.000000E+00  0.000000E+00  0.210934E+03
  0.718081E+01  0.201059E+03  0.186549E+03  0.000000E+00  0.000000E+00  0.000000E+00  0.198819E+03
  0.742420E+01  0.189502E+03  0.175825E+03  0.000000E+00  0.000000E+00  0.000000E+00  0.187391E+03
  0.767585E+01  0.178600E+03  0.165709E+03  0.000000E+00  0.000000E+00  0.000000E+00  0.176611E+03
  0.793602E+01  0.168317E+03  0.156167E+03  0.000000E+00  0.000000E+00  0.000000E+00  0.166442E+03
  0.820502E+01  0.158618E+03  0.147166E+03  0.000000E+00  0.000000E+00  0.000000E+00  0.156851E+03
  0.848312E+01  0.149470E+03  0.138678E+03  0.000000E+00  0.000000E+00  0.000000E+00  0.147805E+03
  0.877066E+01  0.140843E+03  0.130673E+03  0.000000E+00  0.000000E+00  0.000000E+00  0.139273E+03
  0.906794E+01  0.132707E+03  0.123123E+03  0.000000E+00  0.000000E+00  0.000000E+00  0.131228E+03
  0.937530E+01  0.125036E+03  0.116004E+03  0.000000E+00  0.000000E+00  0.000000E+00  0.123642E+03
  0.969308E+01  0.117802E+03  0.109292E+03  0.000000E+00  0.000000E+00  0.000000E+00  0.116488E+03
  0.100216E+02  0.110981E+03  0.102962E+03  0.000000E+00  0.000000E+00  0.000000E+00  0.109744E+03
  0.103613E+02  0.104551E+03  0.969951E+02  0.000000E+00  0.000000E+00  0.000000E+00  0.103385E+03
  0.107125E+02  0.984882E+02  0.913695E+02  0.000000E+00  0.000000E+00  0.000000E+00  0.973896E+02
  0.110756E+02  0.927730E+02  0.860661E+02  0.000000E+00  0.000000E+00  0.000000E+00  0.917380E+02
  0.114510E+02  0.873856E+02  0.810668E+02  0.000000E+00  0.000000E+00  0.000000E+00  0.864105E+02
  0.118392E+02  0.823074E+02  0.763544E+02  0.000000E+00  0.000000E+00  0.000000E+00  0.813887E+02
  0.122404E+02  0.775209E+02  0.719128E+02  0.000000E+00  0.000000E+00  0.000000E+00  0.766554E+02
  0.126553E+02  0.730096E+02  0.677264E+02  0.000000E+00  0.000000E+00  0.000000E+00  0.721942E+02
  0.130843E+02  0.687579E+02  0.637810E+02  0.000000E+00  0.000000E+00  0.000000E+00  0.679898E+02
  0.135278E+02  0.647509E+02  0.600626E+02  0.000000E+00  0.000000E+00  0.000000E+00  0.640274E+02
  0.139863E+02  0.609751E+02  0.565587E+02  0.000000E+00  0.000000E+00  0.000000E+00  0.602935E+02
  0.144604E+02  0.574169E+02  0.532568E+02  0.000000E+00  0.000000E+00  0.000000E+00  0.567748E+02
  0.149505E+02  0.540642E+02  0.501456E+02  0.000000E+00  0.000000E+00  0.000000E+00  0.534595E+02
  0.154573E+02  0.509051E+02  0.472141E+02  0.000000E+00  0.000000E+00  0.000000E+00  0.503355E+02
  0.159812E+02  0.479288E+02  0.444520E+02  0.000000E+00  0.000000E+00  0.000000E+00  0.473922E+02
  0.165229E+02  0.451247E+02  0.418499E+02  0.000000E+00  0.000000E+00  0.000000E+00  0.446193E+02
  0.170829E+02  0.424830E+02  0.393983E+02  0.000000E+00  0.000000E+00  0.000000E+00  0.420069E+02
  0.176619E+02  0.399944E+02  0.370889E+02  0.000000E+00  0.000000E+00  0.000000E+00  0.395460E+02
  0.182606E+02  0.376500E+02  0.349134E+02  0.000000E+00  0.000000E+00  0.000000E+00  0.372277E+02
  0.188795E+02  0.354418E+02  0.328642E+02  0.000000E+00  0.000000E+00  0.000000E+00  0.350440E+02
  0.195195E+02  0.333619E+02  0.309339E+02  0.000000E+00  0.000000E+00  0.000000E+00  0.329872E+02
  0.201811E+02  0.314028E+02  0.291159E+02  0.000000E+00  0.000000E+00  0.000000E+00  0.310499E+02
  0.208651E+02  0.295577E+02  0.274036E+02  0.000000E+00  0.000000E+00  0.000000E+00  0.292252E+02
  0.215723E+02  0.278200E+02  0.257909E+02  0.000000E+00  0.000000E+00  0.000000E+00  0.275068E+02
  0.223035E+02  0.261834E+02  0.242722E+02  0.000000E+00  0.000000E+00  0.000000E+00  0.258885E+02
  0.230595E+02  0.246423E+02  0.228420E+02  0.000000E+00  0.000000E+00  0.000000E+00  0.243645E+02
  0.238411E+02  0.231911E+02  0.214951E+02  0.000000E+00  0.000000E+00  0.000000E+00  0.229293E+02
  0.246492E+02  0.218246E+02  0.202269E+02  0.000000E+00  0.000000E+00  0.000000E+00  0.215780E+02
  0.254847E+02  0.205378E+02  0.190328E+02  0.000000E+00  0.000000E+00  0.000000E+00  0.203055E+02
  0.263485E+02  0.193263E+02  0.179084E+02  0.000000E+00  0.000000E+00  0.000000E+00  0.191074E+02
  0.272416E+02  0.181856E+02  0.168497E+02  0.000000E+00  0.000000E+00  0.000000E+00  0.179794E+02
  0.281650E+02  0.171116E+02  0.158530E+02  0.000000E+00  0.000000E+00  0.000000E+00  0.169174E+02
  0.291196E+02  0.161006E+02  0.149147E+02  0.000000E+00  0.000000E+00  0.000000E+00  0.159176E+02
  0.301066E+02  0.151488E+02  0.140313E+02  0.000000E+00  0.000000E+00  0.000000E+00  0.149763E+02
  0.311271E+02  0.142527E+02  0.131997E+02  0.000000E+00  0.000000E+00  0.000000E+00  0.140902E+02
  0.321822E+02  0.134093E+02  0.124168E+02  0.000000E+00  0.000000E+00  0.000000E+00  0.132561E+02
  0.332730E+02  0.126153E+02  0.116799E+02  0.000000E+00  0.000000E+00  0.000000E+00  0.124710E+02
  0.344008E+02  0.118680E+02  0.109863E+02  0.000000E+00  0.000000E+00  0.000000E+00  0.117319E+02
  0.355668E+02  0.111646E+02  0.103334E+02  0.000000E+00  0.000000E+00  0.000000E+00  0.110363E+02
  0.367723E+02  0.105025E+02  0.971888E+01  0.000000E+00  0.000000E+00  0.000000E+00  0.103815E+02
  0.380187E+02  0.987938E+01  0.914052E+01  0.000000E+00  0.000000E+00  0.000000E+00  0.976535E+01
  0.393074E+02  0.929293E+01  0.859618E+01  0.000000E+00  0.000000E+00  0.000000E+00  0.918540E+01
  0.406397E+02  0.874104E+01  0.808390E+01  0.000000E+00  0.000000E+00  0.000000E+00  0.863962E+01
  0.420172E+02  0.822165E+01  0.760179E+01  0.000000E+00  0.000000E+00  0.000000E+00  0.812599E+01
  0.434414E+02  0.773288E+01  0.714810E+01  0.000000E+00  0.000000E+00  0.000000E+00  0.764263E+01
  0.449138E+02  0.727296E+01  0.672117E+01  0.000000E+00  0.000000E+00  0.000000E+00  0.718781E+01
  0.464362E+02  0.684018E+01  0.631942E+01  0.000000E+00  0.000000E+00  0.000000E+00  0.675981E+01
  0.480101E+02  0.643296E+01  0.594140E+01  0.000000E+00  0.000000E+00  0.000000E+00  0.635710E+01
  0.496375E+02  0.604979E+01  0.558569E+01  0.000000E+00  0.000000E+00  0.000000E+00  0.597816E+01
  0.513199E+02  0.568928E+01  0.525101E+01  0.000000E+00  0.000000E+00  0.000000E+00  0.562164E+01
  0.530594E+02  0.535008E+01  0.493611E+01  0.000000E+00  0.000000E+00  0.000000E+00  0.528619E+01
  0.548579E+02  0.503096E+01  0.463984E+01  0.000000E+00  0.000000E+00  0.000000E+00  0.497060E+01
  0.567173E+02  0.473072E+01  0.436110E+01  0.000000E+00  0.000000E+00  0.000000E+00  0.467368E+01
  0.586397E+02  0.444828E+01  0.409887E+01  0.000000E+00  0.000000E+00  0.000000E+00  0.439435E+01
  0.606273E+02  0.418256E+01  0.385216E+01  0.000000E+00  0.000000E+00  0.000000E+00  0.413157E+01
  0.626823E+02  0.393261E+01  0.362007E+01  0.000000E+00  0.000000E+00  0.000000E+00  0.388437E+01
  0.648069E+02  0.369747E+01  0.340174E+01  0.000000E+00  0.000000E+00  0.000000E+00  0.365183E+01
  0.670036E+02  0.347629E+01  0.319636E+01  0.000000E+00  0.000000E+00  0.000000E+00  0.343309E+01
  0.692747E+02  0.326824E+01  0.300317E+01  0.000000E+00  0.000000E+00  0.000000E+00  0.322734E+01
  0.716227E+02  0.307255E+01  0.282144E+01  0.000000E+00  0.000000E+00  0.000000E+00  0.303380E+01
  0.740504E+02  0.288849E+01  0.265051E+01  0.000000E+00  0.000000E+00  0.000000E+00  0.285176E+01
  0.765604E+02  0.271537E+01  0.248973E+01  0.000000E+00  0.000000E+00  0.000000E+00  0.268055E+01
  0.791553E+02  0.255255E+01  0.233852E+01  0.000000E+00  0.000000E+00  0.000000E+00  0.251952E+01
  0.818384E+02  0.239941E+01  0.219629E+01  0.000000E+00  0.000000E+00  0.000000E+00  0.236806E+01
  0.846122E+02  0.225539E+01  0.206252E+01  0.000000E+00  0.000000E+00  0.000000E+00  0.222563E+01
  0.874802E+02  0.211995E+01  0.193671E+01  0.000000E+00  0.000000E+00  0.000000E+00  0.209167E+01
  0.904453E+02  0.199258E+01  0.181840E+01  0.000000E+00  0.000000E+00  0.000000E+00  0.196570E+01
  0.935109E+02  0.187280E+01  0.170713E+01  0.000000E+00  0.000000E+00  0.000000E+00  0.184723E+01
  0.966806E+02  0.176016E+01  0.160248E+01  0.000000E+00  0.000000E+00  0.000000E+00  0.173582E+01
  0.999576E+02  0.165424E+01  0.150408E+01  0.000000E+00  0.000000E+00  0.000000E+00  0.163106E+01
  0.103346E+03  0.155464E+01  0.141155E+01  0.000000E+00  0.000000E+00  0.000000E+00  0.153256E+01
  0.106849E+03  0.146098E+01  0.132454E+01  0.000000E+00  0.000000E+00  0.000000E+00  0.143993E+01
  0.110470E+03  0.137293E+01  0.124272E+01  0.000000E+00  0.000000E+00  0.000000E+00  0.135283E+01
  0.114215E+03  0.129013E+01  0.116579E+01  0.000000E+00  0.000000E+00  0.000000E+00  0.127094E+01
  0.118086E+03  0.121228E+01  0.109345E+01  0.000000E+00  0.000000E+00  0.000000E+00  0.119394E+01
  0.122089E+03  0.113908E+01  0.102543E+01  0.000000E+00  0.000000E+00  0.000000E+00  0.112154E+01
  0.126227E+03  0.107027E+01  0.961486E+00  0.000000E+00  0.000000E+00  0.000000E+00  0.105348E+01
  0.130505E+03  0.100557E+01  0.901366E+00  0.000000E+00  0.000000E+00  0.000000E+00  0.989491E+00
  0.134928E+03  0.944750E+00  0.844845E+00  0.000000E+00  0.000000E+00  0.000000E+00  0.929332E+00
  0.139502E+03  0.887566E+00  0.791706E+00  0.000000E+00  0.000000E+00  0.000000E+00  0.872772E+00
  0.144230E+03  0.833811E+00  0.741754E+00  0.000000E+00  0.000000E+00  0.000000E+00  0.819604E+00
  0.149119E+03  0.783278E+00  0.694797E+00  0.000000E+00  0.000000E+00  0.000000E+00  0.769622E+00
  0.154173E+03  0.735774E+00  0.650658E+00  0.000000E+00  0.000000E+00  0.000000E+00  0.722638E+00
  0.159399E+03  0.691117E+00  0.609167E+00  0.000000E+00  0.000000E+00  0.000000E+00  0.678470E+00
  0.164802E+03  0.649142E+00  0.570172E+00  0.000000E+00  0.000000E+00  0.000000E+00  0.636954E+00
  0.170388E+03  0.609687E+00  0.533522E+00  0.000000E+00  0.000000E+00  0.000000E+00  0.597932E+00
  0.176164E+03  0.572598E+00  0.499077E+00  0.000000E+00  0.000000E+00  0.000000E+00  0.561252E+00
  0.182135E+03  0.537740E+00  0.466710E+00  0.000000E+00  0.000000E+00  0.000000E+00  0.526778E+00
  0.188308E+03  0.504977E+00  0.436295E+00  0.000000E+00  0.000000E+00  0.000000E+00  0.494377E+00
  0.194691E+03  0.474183E+00  0.407718E+00  0.000000E+00  0.000000E+00  0.000000E+00  0.463925E+00
  0.201290E+03  0.445240E+00  0.380867E+00  0.000000E+00  0.000000E+00  0.000000E+00  0.435305E+00
