  0.108800E-04  0.796731E+06  0.796731E+06  0.106229E+07  0.106229E+07  0.000000E+00  0.796731E+06
  0.112487E-04  0.796731E+06  0.796731E+06  0.106229E+07  0.106229E+07  0.000000E+00  0.796731E+06
  0.116300E-04  0.796731E+06  0.796731E+06  0.106229E+07  0.106229E+07  0.000000E+00  0.796731E+06
  0.120242E-04  0.796731E+06  0.796731E+06  0.106228E+07  0.106228E+07  0.000000E+00  0.796731E+06
  0.124318E-04  0.796731E+06  0.796731E+06  0.106228E+07  0.106228E+07  0.000000E+00  0.796731E+06
  0.128531E-04  0.796731E+06  0.796731E+06  0.106228E+07  0.106228E+07  0.000000E+00  0.796731E+06
  0.132888E-04  0.796731E+06  0.796731E+06  0.106228E+07  0.106228E+07  0.000000E+00  0.796731E+06
  0.137392E-04  0.796731E+06  0.796731E+06  0.106228E+07  0.106228E+07  0.000000E+00  0.796731E+06
  0.142049E-04  0.796731E+06  0.796731E+06  0.106227E+07  0.106227E+07  0.000000E+00  0.796731E+06
  0.146864E-04  0.796731E+06  0.796731E+06  0.106227E+07  0.106227E+07  0.000000E+00  0.796731E+06
  0.151842E-04  0.796731E+06  0.796731E+06  0.106227E+07  0.106227E+07  0.000000E+00  0.796731E+06
  0.156989E-04  0.796731E+06  0.796731E+06  0.106227E+07  0.106227E+07  0.000000E+00  0.796731E+06
  0.162310E-04  0.796731E+06  0.796731E+06  0.106226E+07  0.106226E+07  0.000000E+00  0.796731E+06
  0.167811E-04  0.796731E+06  0.796731E+06  0.106226E+07  0.106226E+07  0.000000E+00  0.796731E+06
  0.173499E-04  0.796731E+06  0.796731E+06  0.106226E+07  0.106226E+07  0.000000E+00  0.796731E+06
  0.179380E-04  0.796730E+06  0.796730E+06  0.106225E+07  0.106225E+07  0.000000E+00  0.796730E+06
  0.185460E-04  0.796730E+06  0.796730E+06  0.106225E+07  0.106225E+07  0.000000E+00  0.796730E+06
  0.191746E-04  0.796730E+06  0.796730E+06  0.106225E+07  0.106224E+07  0.000000E+00  0.796730E+06
  0.198246E-04  0.796730E+06  0.796730E+06  0.106224E+07  0.106224E+07  0.000000E+00  0.796730E+06
  0.204965E-04  0.796730E+06  0.796730E+06  0.106224E+07  0.106224E+07  0.000000E+00  0.796730E+06
  0.211913E-04  0.796730E+06  0.796730E+06  0.106223E+07  0.106223E+07  0.000000E+00  0.796730E+06
  0.219095E-04  0.796730E+06  0.796730E+06  0.106223E+07  0.106222E+07  0.000000E+00  0.796730E+06
  0.226522E-04  0.796730E+06  0.796730E+06  0.106222E+07  0.106222E+07  0.000000E+00  0.796730E+06
  0.234200E-04  0.796730E+06  0.796730E+06  0.106222E+07  0.106221E+07  0.000000E+00  0.796730E+06
  0.242138E-04  0.796730E+06  0.796730E+06  0.106221E+07  0.106221E+07  0.000000E+00  0.796730E+06
  0.250345E-04  0.796729E+06  0.796729E+06  0.106220E+07  0.106220E+07  0.000000E+00  0.796729E+06
  0.258831E-04  0.796729E+06  0.796729E+06  0.106220E+07  0.106219E+07  0.000000E+00  0.796729E+06
  0.267604E-04  0.796729E+06  0.796729E+06  0.106219E+07  0.106218E+07  0.000000E+00  0.796729E+06
  0.276674E-04  0.796729E+06  0.796729E+06  0.106218E+07  0.106218E+07  0.000000E+00  0.796729E+06
  0.286052E-04  0.796729E+06  0.796729E+06  0.106217E+07  0.106217E+07  0.000000E+00  0.796729E+06
  0.295748E-04  0.796729E+06  0.796728E+06  0.106216E+07  0.106216E+07  0.000000E+00  0.796729E+06
  0.305772E-04  0.796728E+06  0.796728E+06  0.106215E+07  0.106215E+07  0.000000E+00  0.796728E+06
  0.316136E-04  0.796728E+06  0.796728E+06  0.106214E+07  0.106213E+07  0.000000E+00  0.796728E+06
  0.326852E-04  0.796728E+06  0.796728E+06  0.106213E+07  0.106212E+07  0.000000E+00  0.796728E+06
  0.337931E-04  0.796728E+06  0.796728E+06  0.106212E+07  0.106211E+07  0.000000E+00  0.796728E+06
  0.349385E-04  0.796727E+06  0.796727E+06  0.106210E+07  0.106210E+07  0.000000E+00  0.796727E+06
  0.361227E-04  0.796727E+06  0.796727E+06  0.106209E+07  0.106208E+07  0.000000E+00  0.796727E+06
  0.373471E-04  0.796727E+06  0.796727E+06  0.106207E+07  0.106206E+07  0.000000E+00  0.796727E+06
  0.386130E-04  0.796726E+06  0.796726E+06  0.106206E+07  0.106205E+07  0.000000E+00  0.796726E+06
  0.399218E-04  0.796726E+06  0.796726E+06  0.106204E+07  0.106203E+07  0.000000E+00  0.796726E+06
  0.412749E-04  0.796726E+06  0.796725E+06  0.106202E+07  0.106201E+07  0.000000E+00  0.796726E+06
  0.426740E-04  0.796725E+06  0.796725E+06  0.106200E+07  0.106199E+07  0.000000E+00  0.796725E+06
  0.441204E-04  0.796725E+06  0.796724E+06  0.106198E+07  0.106197E+07  0.000000E+00  0.796725E+06
  0.456159E-04  0.796724E+06  0.796724E+06  0.106196E+07  0.106195E+07  0.000000E+00  0.796724E+06
  0.471620E-04  0.796724E+06  0.796724E+06  0.106193E+07  0.106192E+07  0.000000E+00  0.796724E+06
  0.487606E-04  0.796723E+06  0.796723E+06  0.106191E+07  0.106189E+07  0.000000E+00  0.796723E+06
  0.504133E-04  0.796723E+06  0.796722E+06  0.106188E+07  0.106186E+07  0.000000E+00  0.796723E+06
  0.521221E-04  0.796722E+06  0.796722E+06  0.106185E+07  0.106183E+07  0.000000E+00  0.796722E+06
  0.538888E-04  0.796721E+06  0.796721E+06  0.106182E+07  0.106180E+07  0.000000E+00  0.796721E+06
  0.557153E-04  0.796721E+06  0.796720E+06  0.106178E+07  0.106177E+07  0.000000E+00  0.796720E+06
  0.576038E-04  0.796720E+06  0.796720E+06  0.106175E+07  0.106173E+07  0.000000E+00  0.796720E+06
  0.595563E-04  0.796719E+06  0.796719E+06  0.106171E+07  0.106169E+07  0.000000E+00  0.796719E+06
  0.615750E-04  0.796718E+06  0.796718E+06  0.106167E+07  0.106165E+07  0.000000E+00  0.796718E+06
  0.636621E-04  0.796717E+06  0.796717E+06  0.106162E+07  0.106160E+07  0.000000E+00  0.796717E+06
  0.658199E-04  0.796716E+06  0.796716E+06  0.106158E+07  0.106155E+07  0.000000E+00  0.796716E+06
  0.680509E-04  0.796715E+06  0.796715E+06  0.106153E+07  0.106150E+07  0.000000E+00  0.796715E+06
  0.703575E-04  0.796714E+06  0.796714E+06  0.106147E+07  0.106144E+07  0.000000E+00  0.796714E+06
  0.727422E-04  0.796713E+06  0.796712E+06  0.106142E+07  0.106138E+07  0.000000E+00  0.796713E+06
  0.752079E-04  0.796711E+06  0.796711E+06  0.106135E+07  0.106132E+07  0.000000E+00  0.796711E+06
  0.777570E-04  0.796710E+06  0.796710E+06  0.106129E+07  0.106125E+07  0.000000E+00  0.796710E+06
  0.803926E-04  0.796709E+06  0.796708E+06  0.106122E+07  0.106118E+07  0.000000E+00  0.796708E+06
  0.831175E-04  0.796707E+06  0.796706E+06  0.106114E+07  0.106110E+07  0.000000E+00  0.796707E+06
  0.859348E-04  0.796705E+06  0.796705E+06  0.106106E+07  0.106102E+07  0.000000E+00  0.796705E+06
  0.888476E-04  0.796703E+06  0.796703E+06  0.106098E+07  0.106093E+07  0.000000E+00  0.796703E+06
  0.918591E-04  0.796702E+06  0.796701E+06  0.106088E+07  0.106083E+07  0.000000E+00  0.796701E+06
  0.949726E-04  0.796699E+06  0.796699E+06  0.106079E+07  0.106073E+07  0.000000E+00  0.796699E+06
  0.981917E-04  0.796697E+06  0.796696E+06  0.106068E+07  0.106062E+07  0.000000E+00  0.796697E+06
  0.101520E-03  0.796695E+06  0.796694E+06  0.106057E+07  0.106051E+07  0.000000E+00  0.796695E+06
  0.104961E-03  0.796692E+06  0.796691E+06  0.106045E+07  0.106038E+07  0.000000E+00  0.796692E+06
  0.108519E-03  0.796690E+06  0.796688E+06  0.106032E+07  0.106025E+07  0.000000E+00  0.796689E+06
  0.112197E-03  0.796687E+06  0.796686E+06  0.106018E+07  0.106011E+07  0.000000E+00  0.796686E+06
  0.116000E-03  0.796684E+06  0.796682E+06  0.106004E+07  0.105996E+07  0.000000E+00  0.796683E+06
  0.119932E-03  0.796680E+06  0.796679E+06  0.105988E+07  0.105980E+07  0.000000E+00  0.796680E+06
  0.123997E-03  0.796677E+06  0.796675E+06  0.105971E+07  0.105962E+07  0.000000E+00  0.796676E+06
  0.128200E-03  0.796673E+06  0.796671E+06  0.105954E+07  0.105944E+07  0.000000E+00  0.796673E+06
  0.132545E-03  0.796669E+06  0.796667E+06  0.105934E+07  0.105924E+07  0.000000E+00  0.796669E+06
  0.137038E-03  0.796665E+06  0.796663E+06  0.105914E+07  0.105903E+07  0.000000E+00  0.796664E+06
  0.141683E-03  0.796660E+06  0.796658E+06  0.105892E+07  0.105880E+07  0.000000E+00  0.796660E+06
  0.146485E-03  0.796655E+06  0.796653E+06  0.105869E+07  0.105856E+07  0.000000E+00  0.796655E+06
  0.151450E-03  0.796650E+06  0.796648E+06  0.105844E+07  0.105831E+07  0.000000E+00  0.796649E+06
  0.156583E-03  0.796644E+06  0.796642E+06  0.105817E+07  0.105803E+07  0.000000E+00  0.796644E+06
  0.161891E-03  0.796638E+06  0.796636E+06  0.105789E+07  0.105774E+07  0.000000E+00  0.796638E+06
  0.167378E-03  0.796632E+06  0.796629E+06  0.105758E+07  0.105742E+07  0.000000E+00  0.796631E+06
  0.173051E-03  0.796625E+06  0.796622E+06  0.105726E+07  0.105708E+07  0.000000E+00  0.796624E+06
  0.178917E-03  0.796617E+06  0.796614E+06  0.105691E+07  0.105672E+07  0.000000E+00  0.796617E+06
  0.184981E-03  0.796609E+06  0.796606E+06  0.105654E+07  0.105634E+07  0.000000E+00  0.796609E+06
  0.191251E-03  0.796601E+06  0.796598E+06  0.105614E+07  0.105593E+07  0.000000E+00  0.796600E+06
  0.197734E-03  0.796592E+06  0.796588E+06  0.105572E+07  0.105549E+07  0.000000E+00  0.796591E+06
  0.204436E-03  0.796582E+06  0.796578E+06  0.105527E+07  0.105502E+07  0.000000E+00  0.796582E+06
  0.211366E-03  0.796572E+06  0.796568E+06  0.105478E+07  0.105452E+07  0.000000E+00  0.796571E+06
  0.218530E-03  0.796561E+06  0.796557E+06  0.105427E+07  0.105399E+07  0.000000E+00  0.796560E+06
  0.225937E-03  0.796549E+06  0.796544E+06  0.105371E+07  0.105342E+07  0.000000E+00  0.796549E+06
  0.233595E-03  0.796537E+06  0.796532E+06  0.105312E+07  0.105281E+07  0.000000E+00  0.796536E+06
  0.241513E-03  0.796523E+06  0.796518E+06  0.105249E+07  0.105215E+07  0.000000E+00  0.796522E+06
  0.249699E-03  0.796509E+06  0.796503E+06  0.105182E+07  0.105146E+07  0.000000E+00  0.796508E+06
  0.258162E-03  0.796494E+06  0.796487E+06  0.105110E+07  0.105071E+07  0.000000E+00  0.796493E+06
  0.266913E-03  0.796477E+06  0.796471E+06  0.105033E+07  0.104992E+07  0.000000E+00  0.796476E+06
  0.275960E-03  0.796460E+06  0.796453E+06  0.104951E+07  0.104907E+07  0.000000E+00  0.796459E+06
  0.285314E-03  0.796441E+06  0.796433E+06  0.104863E+07  0.104816E+07  0.000000E+00  0.796440E+06
  0.294984E-03  0.796421E+06  0.796413E+06  0.104770E+07  0.104719E+07  0.000000E+00  0.796420E+06
  0.304983E-03  0.796400E+06  0.796391E+06  0.104670E+07  0.104616E+07  0.000000E+00  0.796398E+06
  0.315320E-03  0.796377E+06  0.796367E+06  0.104563E+07  0.104505E+07  0.000000E+00  0.796375E+06
  0.326008E-03  0.796352E+06  0.796342E+06  0.104449E+07  0.104387E+07  0.000000E+00  0.796351E+06
  0.337058E-03  0.796326E+06  0.796316E+06  0.104327E+07  0.104261E+07  0.000000E+00  0.796325E+06
  0.348483E-03  0.796298E+06  0.796287E+06  0.104197E+07  0.104127E+07  0.000000E+00  0.796297E+06
  0.360295E-03  0.796269E+06  0.796256E+06  0.104058E+07  0.103983E+07  0.000000E+00  0.796267E+06
  0.372507E-03  0.796237E+06  0.796224E+06  0.103909E+07  0.103830E+07  0.000000E+00  0.796235E+06
  0.385133E-03  0.796203E+06  0.796189E+06  0.103751E+07  0.103666E+07  0.000000E+00  0.796201E+06
  0.398187E-03  0.796166E+06  0.796151E+06  0.103582E+07  0.103492E+07  0.000000E+00  0.796164E+06
  0.411684E-03  0.796128E+06  0.796112E+06  0.103402E+07  0.103305E+07  0.000000E+00  0.796125E+06
  0.425638E-03  0.796086E+06  0.796069E+06  0.103209E+07  0.103106E+07  0.000000E+00  0.796083E+06
  0.440065E-03  0.796042E+06  0.796023E+06  0.103004E+07  0.102894E+07  0.000000E+00  0.796039E+06
  0.454981E-03  0.795994E+06  0.795975E+06  0.102785E+07  0.102667E+07  0.000000E+00  0.795991E+06
  0.470403E-03  0.795944E+06  0.795923E+06  0.102551E+07  0.102426E+07  0.000000E+00  0.795940E+06
  0.486347E-03  0.795889E+06  0.795867E+06  0.102301E+07  0.102168E+07  0.000000E+00  0.795886E+06
  0.502832E-03  0.795832E+06  0.795808E+06  0.102035E+07  0.101894E+07  0.000000E+00  0.795828E+06
  0.519875E-03  0.795770E+06  0.795744E+06  0.101752E+07  0.101601E+07  0.000000E+00  0.795766E+06
  0.537497E-03  0.795704E+06  0.795677E+06  0.101449E+07  0.101288E+07  0.000000E+00  0.795700E+06
  0.555715E-03  0.795633E+06  0.795604E+06  0.101127E+07  0.100956E+07  0.000000E+00  0.795629E+06
  0.574551E-03  0.795558E+06  0.795527E+06  0.100784E+07  0.100601E+07  0.000000E+00  0.795553E+06
  0.594026E-03  0.795478E+06  0.795444E+06  0.100417E+07  0.100223E+07  0.000000E+00  0.795473E+06
  0.614160E-03  0.795392E+06  0.795356E+06  0.100028E+07  0.998209E+06  0.000000E+00  0.795386E+06
  0.634977E-03  0.795300E+06  0.795262E+06  0.996122E+06  0.993924E+06  0.000000E+00  0.795294E+06
  0.656500E-03  0.795202E+06  0.795162E+06  0.991700E+06  0.989363E+06  0.000000E+00  0.795196E+06
  0.678752E-03  0.795097E+06  0.795054E+06  0.986992E+06  0.984509E+06  0.000000E+00  0.795091E+06
  0.701758E-03  0.794986E+06  0.794939E+06  0.981983E+06  0.979344E+06  0.000000E+00  0.794979E+06
  0.725544E-03  0.794866E+06  0.794817E+06  0.976653E+06  0.973852E+06  0.000000E+00  0.794859E+06
  0.750137E-03  0.794739E+06  0.794686E+06  0.970986E+06  0.968012E+06  0.000000E+00  0.794731E+06
  0.775563E-03  0.794603E+06  0.794547E+06  0.964960E+06  0.961805E+06  0.000000E+00  0.794594E+06
  0.801851E-03  0.794458E+06  0.794398E+06  0.958557E+06  0.955211E+06  0.000000E+00  0.794449E+06
  0.829029E-03  0.794303E+06  0.794238E+06  0.951754E+06  0.948209E+06  0.000000E+00  0.794293E+06
  0.857129E-03  0.794138E+06  0.794069E+06  0.944532E+06  0.940776E+06  0.000000E+00  0.794127E+06
  0.886182E-03  0.793961E+06  0.793887E+06  0.936866E+06  0.932892E+06  0.000000E+00  0.793950E+06
  0.916219E-03  0.793773E+06  0.793694E+06  0.928735E+06  0.924531E+06  0.000000E+00  0.793761E+06
  0.947274E-03  0.793572E+06  0.793488E+06  0.920114E+06  0.915671E+06  0.000000E+00  0.793559E+06
  0.979383E-03  0.793358E+06  0.793268E+06  0.910979E+06  0.906287E+06  0.000000E+00  0.793344E+06
  0.101258E-02  0.793129E+06  0.793033E+06  0.901306E+06  0.896355E+06  0.000000E+00  0.793114E+06
  0.104690E-02  0.792885E+06  0.792782E+06  0.891069E+06  0.885851E+06  0.000000E+00  0.792870E+06
  0.108239E-02  0.792625E+06  0.792515E+06  0.880244E+06  0.874749E+06  0.000000E+00  0.792608E+06
  0.111907E-02  0.792348E+06  0.792231E+06  0.868805E+06  0.863025E+06  0.000000E+00  0.792330E+06
  0.115700E-02  0.792053E+06  0.791927E+06  0.856727E+06  0.850654E+06  0.000000E+00  0.792033E+06
  0.119622E-02  0.791738E+06  0.791604E+06  0.843987E+06  0.837614E+06  0.000000E+00  0.791717E+06
  0.123677E-02  0.791402E+06  0.791259E+06  0.830559E+06  0.823882E+06  0.000000E+00  0.791380E+06
  0.127869E-02  0.791045E+06  0.790892E+06  0.816422E+06  0.809435E+06  0.000000E+00  0.791021E+06
  0.132203E-02  0.790664E+06  0.790500E+06  0.801554E+06  0.794255E+06  0.000000E+00  0.790639E+06
  0.136684E-02  0.790259E+06  0.790084E+06  0.785936E+06  0.778324E+06  0.000000E+00  0.790232E+06
  0.141317E-02  0.789827E+06  0.789640E+06  0.769549E+06  0.761626E+06  0.000000E+00  0.789799E+06
  0.146107E-02  0.789368E+06  0.789168E+06  0.752380E+06  0.744149E+06  0.000000E+00  0.789337E+06
  0.151059E-02  0.788880E+06  0.788666E+06  0.734417E+06  0.725885E+06  0.000000E+00  0.788846E+06
  0.156179E-02  0.788360E+06  0.788131E+06  0.715653E+06  0.706830E+06  0.000000E+00  0.788324E+06
  0.161473E-02  0.787807E+06  0.787563E+06  0.696084E+06  0.686985E+06  0.000000E+00  0.787769E+06
  0.166946E-02  0.787220E+06  0.786959E+06  0.675714E+06  0.666355E+06  0.000000E+00  0.787179E+06
  0.172605E-02  0.786595E+06  0.786317E+06  0.654551E+06  0.644955E+06  0.000000E+00  0.786552E+06
  0.178455E-02  0.785932E+06  0.785635E+06  0.632610E+06  0.622804E+06  0.000000E+00  0.785886E+06
  0.184504E-02  0.785229E+06  0.784910E+06  0.609913E+06  0.599930E+06  0.000000E+00  0.785179E+06
  0.190758E-02  0.784482E+06  0.784142E+06  0.586494E+06  0.576371E+06  0.000000E+00  0.784429E+06
  0.197223E-02  0.783689E+06  0.783326E+06  0.562391E+06  0.552173E+06  0.000000E+00  0.783633E+06
  0.203908E-02  0.782849E+06  0.782461E+06  0.537658E+06  0.527395E+06  0.000000E+00  0.782789E+06
  0.210820E-02  0.781959E+06  0.781544E+06  0.512356E+06  0.502104E+06  0.000000E+00  0.781895E+06
  0.217966E-02  0.781016E+06  0.780573E+06  0.486558E+06  0.476382E+06  0.000000E+00  0.780947E+06
  0.225354E-02  0.780018E+06  0.779544E+06  0.460354E+06  0.450321E+06  0.000000E+00  0.779944E+06
  0.232992E-02  0.778961E+06  0.778456E+06  0.433840E+06  0.424027E+06  0.000000E+00  0.778883E+06
  0.240889E-02  0.777845E+06  0.777305E+06  0.407131E+06  0.397618E+06  0.000000E+00  0.777762E+06
  0.249054E-02  0.776665E+06  0.776089E+06  0.380352E+06  0.371225E+06  0.000000E+00  0.776576E+06
  0.257496E-02  0.775420E+06  0.774804E+06  0.353643E+06  0.344990E+06  0.000000E+00  0.775325E+06
  0.266224E-02  0.774105E+06  0.773448E+06  0.327155E+06  0.319067E+06  0.000000E+00  0.774004E+06
  0.275248E-02  0.772720E+06  0.772017E+06  0.301049E+06  0.293617E+06  0.000000E+00  0.772611E+06
  0.284577E-02  0.771260E+06  0.770510E+06  0.275497E+06  0.268811E+06  0.000000E+00  0.771144E+06
  0.294223E-02  0.769723E+06  0.768922E+06  0.250678E+06  0.244821E+06  0.000000E+00  0.769600E+06
  0.304196E-02  0.768107E+06  0.767252E+06  0.226774E+06  0.221823E+06  0.000000E+00  0.767975E+06
  0.314506E-02  0.766409E+06  0.765496E+06  0.203967E+06  0.199988E+06  0.000000E+00  0.766268E+06
  0.325166E-02  0.764626E+06  0.763651E+06  0.182436E+06  0.179479E+06  0.000000E+00  0.764475E+06
  0.336188E-02  0.762755E+06  0.761714E+06  0.162350E+06  0.160447E+06  0.000000E+00  0.762594E+06
  0.347583E-02  0.760795E+06  0.759684E+06  0.143863E+06  0.143024E+06  0.000000E+00  0.760623E+06
  0.359365E-02  0.758742E+06  0.757556E+06  0.127109E+06  0.127316E+06  0.000000E+00  0.758559E+06
  0.371545E-02  0.756595E+06  0.755330E+06  0.112192E+06  0.113399E+06  0.000000E+00  0.756400E+06
  0.384139E-02  0.754352E+06  0.753001E+06  0.991827E+05  0.101311E+06  0.000000E+00  0.754143E+06
  0.397159E-02  0.752010E+06  0.750568E+06  0.881106E+05  0.910476E+05  0.000000E+00  0.751787E+06
  0.410621E-02  0.749567E+06  0.748029E+06  0.789590E+05  0.825590E+05  0.000000E+00  0.749330E+06
  0.424539E-02  0.747023E+06  0.745382E+06  0.716594E+05  0.757456E+05  0.000000E+00  0.746769E+06
  0.438929E-02  0.744374E+06  0.742623E+06  0.660900E+05  0.704586E+05  0.000000E+00  0.744104E+06
  0.453806E-02  0.741619E+06  0.739752E+06  0.620751E+05  0.665024E+05  0.000000E+00  0.741331E+06
  0.469188E-02  0.738758E+06  0.736766E+06  0.593878E+05  0.636399E+05  0.000000E+00  0.738450E+06
  0.485091E-02  0.735787E+06  0.733664E+06  0.577564E+05  0.616018E+05  0.000000E+00  0.735460E+06
  0.501534E-02  0.732707E+06  0.730442E+06  0.568754E+05  0.600994E+05  0.000000E+00  0.732357E+06
  0.518533E-02  0.729514E+06  0.727100E+06  0.564190E+05  0.588401E+05  0.000000E+00  0.729142E+06
  0.536109E-02  0.726209E+06  0.723635E+06  0.560601E+05  0.575467E+05  0.000000E+00  0.725812E+06
  0.554280E-02  0.722789E+06  0.720046E+06  0.554915E+05  0.559771E+05  0.000000E+00  0.722365E+06
  0.573068E-02  0.719252E+06  0.716329E+06  0.544487E+05  0.539443E+05  0.000000E+00  0.718801E+06
  0.592492E-02  0.715598E+06  0.712483E+06  0.527338E+05  0.513341E+05  0.000000E+00  0.715117E+06
  0.612574E-02  0.711823E+06  0.708505E+06  0.502355E+05  0.481178E+05  0.000000E+00  0.711311E+06
  0.633338E-02  0.707927E+06  0.704392E+06  0.469443E+05  0.443571E+05  0.000000E+00  0.707382E+06
  0.654805E-02  0.703908E+06  0.700143E+06  0.429595E+05  0.402005E+05  0.000000E+00  0.703327E+06
  0.677000E-02  0.699763E+06  0.695754E+06  0.384844E+05  0.358669E+05  0.000000E+00  0.699144E+06
  0.699947E-02  0.695490E+06  0.691222E+06  0.338079E+05  0.316192E+05  0.000000E+00  0.694831E+06
  0.723671E-02  0.691087E+06  0.686545E+06  0.292733E+05  0.277279E+05  0.000000E+00  0.690386E+06
  0.748200E-02  0.686553E+06  0.681719E+06  0.252336E+05  0.244290E+05  0.000000E+00  0.685807E+06
  0.773561E-02  0.681885E+06  0.676742E+06  0.219998E+05  0.218830E+05  0.000000E+00  0.681091E+06
  0.799781E-02  0.677081E+06  0.671611E+06  0.197867E+05  0.201412E+05  0.000000E+00  0.676237E+06
  0.826889E-02  0.672139E+06  0.666322E+06  0.186684E+05  0.191300E+05  0.000000E+00  0.671242E+06
  0.854917E-02  0.667058E+06  0.660874E+06  0.185508E+05  0.186566E+05  0.000000E+00  0.666104E+06
  0.883894E-02  0.661836E+06  0.655263E+06  0.000000E+00  0.000000E+00  0.000000E+00  0.660821E+06
  0.913854E-02  0.656470E+06  0.649486E+06  0.000000E+00  0.000000E+00  0.000000E+00  0.655392E+06
  0.944829E-02  0.650959E+06  0.643541E+06  0.000000E+00  0.000000E+00  0.000000E+00  0.649814E+06
  0.976854E-02  0.645302E+06  0.637425E+06  0.000000E+00  0.000000E+00  0.000000E+00  0.644086E+06
  0.100996E-01  0.639496E+06  0.631135E+06  0.000000E+00  0.000000E+00  0.000000E+00  0.638205E+06
  0.104420E-01  0.633539E+06  0.624667E+06  0.000000E+00  0.000000E+00  0.000000E+00  0.632170E+06
  0.107959E-01  0.627431E+06  0.618021E+06  0.000000E+00  0.000000E+00  0.000000E+00  0.625978E+06
  0.111618E-01  0.621168E+06  0.611191E+06  0.000000E+00  0.000000E+00  0.000000E+00  0.619628E+06
  0.115402E-01  0.614750E+06  0.604177E+06  0.000000E+00  0.000000E+00  0.000000E+00  0.613118E+06
  0.119313E-01  0.608175E+06  0.596975E+06  0.000000E+00  0.000000E+00  0.000000E+00  0.606447E+06
  0.123357E-01  0.601442E+06  0.589583E+06  0.000000E+00  0.000000E+00  0.000000E+00  0.599611E+06
  0.127539E-01  0.594548E+06  0.581999E+06  0.000000E+00  0.000000E+00  0.000000E+00  0.592611E+06
  0.131862E-01  0.587492E+06  0.574220E+06  0.000000E+00  0.000000E+00  0.000000E+00  0.585444E+06
  0.136331E-01  0.580274E+06  0.566246E+06  0.000000E+00  0.000000E+00  0.000000E+00  0.578109E+06
  0.140952E-01  0.572892E+06  0.558073E+06  0.000000E+00  0.000000E+00  0.000000E+00  0.570605E+06
  0.145730E-01  0.565346E+06  0.549703E+06  0.000000E+00  0.000000E+00  0.000000E+00  0.562932E+06
  0.150669E-01  0.557634E+06  0.541132E+06  0.000000E+00  0.000000E+00  0.000000E+00  0.555088E+06
  0.155776E-01  0.549758E+06  0.532363E+06  0.000000E+00  0.000000E+00  0.000000E+00  0.547073E+06
  0.161056E-01  0.541716E+06  0.523395E+06  0.000000E+00  0.000000E+00  0.000000E+00  0.538888E+06
  0.166515E-01  0.533508E+06  0.514229E+06  0.000000E+00  0.000000E+00  0.000000E+00  0.530533E+06
  0.172159E-01  0.525137E+06  0.504868E+06  0.000000E+00  0.000000E+00  0.000000E+00  0.522009E+06
  0.177994E-01  0.516604E+06  0.495314E+06  0.000000E+00  0.000000E+00  0.000000E+00  0.513318E+06
  0.184028E-01  0.507909E+06  0.485572E+06  0.000000E+00  0.000000E+00  0.000000E+00  0.504462E+06
  0.190265E-01  0.499057E+06  0.475646E+06  0.000000E+00  0.000000E+00  0.000000E+00  0.495444E+06
  0.196714E-01  0.490050E+06  0.465544E+06  0.000000E+00  0.000000E+00  0.000000E+00  0.486268E+06
  0.203382E-01  0.480892E+06  0.455272E+06  0.000000E+00  0.000000E+00  0.000000E+00  0.476938E+06
  0.210276E-01  0.471590E+06  0.444842E+06  0.000000E+00  0.000000E+00  0.000000E+00  0.467462E+06
  0.217403E-01  0.462148E+06  0.434263E+06  0.000000E+00  0.000000E+00  0.000000E+00  0.457845E+06
  0.224772E-01  0.452575E+06  0.423551E+06  0.000000E+00  0.000000E+00  0.000000E+00  0.448096E+06
  0.232390E-01  0.442879E+06  0.412719E+06  0.000000E+00  0.000000E+00  0.000000E+00  0.438224E+06
  0.240267E-01  0.433070E+06  0.401787E+06  0.000000E+00  0.000000E+00  0.000000E+00  0.428242E+06
  0.248411E-01  0.423160E+06  0.390773E+06  0.000000E+00  0.000000E+00  0.000000E+00  0.418161E+06
  0.256831E-01  0.413161E+06  0.379702E+06  0.000000E+00  0.000000E+00  0.000000E+00  0.407997E+06
  0.265537E-01  0.403088E+06  0.368597E+06  0.000000E+00  0.000000E+00  0.000000E+00  0.397765E+06
  0.274537E-01  0.392959E+06  0.357488E+06  0.000000E+00  0.000000E+00  0.000000E+00  0.387485E+06
  0.283842E-01  0.382791E+06  0.346405E+06  0.000000E+00  0.000000E+00  0.000000E+00  0.377176E+06
  0.293463E-01  0.372605E+06  0.335382E+06  0.000000E+00  0.000000E+00  0.000000E+00  0.366861E+06
  0.303410E-01  0.362423E+06  0.324455E+06  0.000000E+00  0.000000E+00  0.000000E+00  0.356564E+06
  0.313694E-01  0.352270E+06  0.313663E+06  0.000000E+00  0.000000E+00  0.000000E+00  0.346312E+06
  0.324327E-01  0.342170E+06  0.303046E+06  0.000000E+00  0.000000E+00  0.000000E+00  0.336132E+06
  0.335320E-01  0.332152E+06  0.292647E+06  0.000000E+00  0.000000E+00  0.000000E+00  0.326055E+06
  0.346686E-01  0.322244E+06  0.282510E+06  0.000000E+00  0.000000E+00  0.000000E+00  0.316112E+06
  0.358437E-01  0.312477E+06  0.272678E+06  0.000000E+00  0.000000E+00  0.000000E+00  0.306335E+06
  0.370586E-01  0.302880E+06  0.263195E+06  0.000000E+00  0.000000E+00  0.000000E+00  0.296755E+06
  0.383147E-01  0.293438E+06  0.254056E+06  0.000000E+00  0.000000E+00  0.000000E+00  0.287360E+06
  0.396134E-01  0.284197E+06  0.245316E+06  0.000000E+00  0.000000E+00  0.000000E+00  0.278196E+06
  0.409561E-01  0.275213E+06  0.237038E+06  0.000000E+00  0.000000E+00  0.000000E+00  0.269321E+06
  0.423443E-01  0.266519E+06  0.229259E+06  0.000000E+00  0.000000E+00  0.000000E+00  0.260769E+06
  0.437796E-01  0.258142E+06  0.222005E+06  0.000000E+00  0.000000E+00  0.000000E+00  0.252565E+06
  0.452635E-01  0.250102E+06  0.215288E+06  0.000000E+00  0.000000E+00  0.000000E+00  0.244729E+06
  0.467977E-01  0.242406E+06  0.209105E+06  0.000000E+00  0.000000E+00  0.000000E+00  0.237266E+06
  0.483839E-01  0.235053E+06  0.203437E+06  0.000000E+00  0.000000E+00  0.000000E+00  0.230174E+06
  0.500239E-01  0.228033E+06  0.198251E+06  0.000000E+00  0.000000E+00  0.000000E+00  0.223437E+06
  0.517194E-01  0.221326E+06  0.193495E+06  0.000000E+00  0.000000E+00  0.000000E+00  0.217031E+06
  0.534725E-01  0.214908E+06  0.189109E+06  0.000000E+00  0.000000E+00  0.000000E+00  0.210926E+06
  0.552850E-01  0.208751E+06  0.185020E+06  0.000000E+00  0.000000E+00  0.000000E+00  0.205088E+06
  0.571588E-01  0.202831E+06  0.181159E+06  0.000000E+00  0.000000E+00  0.000000E+00  0.199486E+06
  0.590963E-01  0.197144E+06  0.177468E+06  0.000000E+00  0.000000E+00  0.000000E+00  0.194107E+06
  0.610993E-01  0.191789E+06  0.173997E+06  0.000000E+00  0.000000E+00  0.000000E+00  0.189043E+06
  0.631703E-01  0.186409E+06  0.170330E+06  0.000000E+00  0.000000E+00  0.000000E+00  0.183928E+06
  0.653114E-01  0.181087E+06  0.166502E+06  0.000000E+00  0.000000E+00  0.000000E+00  0.178836E+06
  0.675252E-01  0.175767E+06  0.162414E+06  0.000000E+00  0.000000E+00  0.000000E+00  0.173706E+06
  0.698139E-01  0.170399E+06  0.157984E+06  0.000000E+00  0.000000E+00  0.000000E+00  0.168483E+06
  0.721803E-01  0.164941E+06  0.153147E+06  0.000000E+00  0.000000E+00  0.000000E+00  0.163121E+06
  0.746268E-01  0.159364E+06  0.147874E+06  0.000000E+00  0.000000E+00  0.000000E+00  0.157591E+06
  0.771564E-01  0.153661E+06  0.142173E+06  0.000000E+00  0.000000E+00  0.000000E+00  0.151888E+06
  0.797716E-01  0.147844E+06  0.136094E+06  0.000000E+00  0.000000E+00  0.000000E+00  0.146031E+06
  0.824755E-01  0.141949E+06  0.129730E+06  0.000000E+00  0.000000E+00  0.000000E+00  0.140063E+06
  0.852709E-01  0.136027E+06  0.123209E+06  0.000000E+00  0.000000E+00  0.000000E+00  0.134049E+06
  0.881612E-01  0.130143E+06  0.116686E+06  0.000000E+00  0.000000E+00  0.000000E+00  0.128066E+06
  0.911495E-01  0.124369E+06  0.110333E+06  0.000000E+00  0.000000E+00  0.000000E+00  0.122203E+06
  0.942390E-01  0.118787E+06  0.104329E+06  0.000000E+00  0.000000E+00  0.000000E+00  0.116556E+06
  0.974333E-01  0.113482E+06  0.988455E+05  0.000000E+00  0.000000E+00  0.000000E+00  0.111223E+06
  0.100736E+00  0.108534E+06  0.940260E+05  0.000000E+00  0.000000E+00  0.000000E+00  0.106295E+06
  0.104150E+00  0.104003E+06  0.899630E+05  0.000000E+00  0.000000E+00  0.000000E+00  0.101837E+06
  0.107680E+00  0.999151E+05  0.866728E+05  0.000000E+00  0.000000E+00  0.000000E+00  0.978714E+05
  0.111330E+00  0.962489E+05  0.840838E+05  0.000000E+00  0.000000E+00  0.000000E+00  0.943715E+05
  0.115104E+00  0.929446E+05  0.820430E+05  0.000000E+00  0.000000E+00  0.000000E+00  0.912622E+05
  0.119005E+00  0.899123E+05  0.803362E+05  0.000000E+00  0.000000E+00  0.000000E+00  0.884344E+05
  0.123039E+00  0.870409E+05  0.787123E+05  0.000000E+00  0.000000E+00  0.000000E+00  0.857555E+05
  0.127209E+00  0.842017E+05  0.769090E+05  0.000000E+00  0.000000E+00  0.000000E+00  0.830762E+05
  0.131521E+00  0.812642E+05  0.746918E+05  0.000000E+00  0.000000E+00  0.000000E+00  0.802499E+05
  0.135979E+00  0.781312E+05  0.719121E+05  0.000000E+00  0.000000E+00  0.000000E+00  0.771714E+05
  0.140588E+00  0.747825E+05  0.685647E+05  0.000000E+00  0.000000E+00  0.000000E+00  0.738229E+05
  0.145353E+00  0.712838E+05  0.647997E+05  0.000000E+00  0.000000E+00  0.000000E+00  0.702831E+05
  0.150280E+00  0.677510E+05  0.608727E+05  0.000000E+00  0.000000E+00  0.000000E+00  0.666895E+05
  0.155374E+00  0.643089E+05  0.570747E+05  0.000000E+00  0.000000E+00  0.000000E+00  0.631924E+05
  0.160640E+00  0.610800E+05  0.536821E+05  0.000000E+00  0.000000E+00  0.000000E+00  0.599383E+05
  0.166085E+00  0.581822E+05  0.509140E+05  0.000000E+00  0.000000E+00  0.000000E+00  0.570605E+05
  0.171715E+00  0.556814E+05  0.488540E+05  0.000000E+00  0.000000E+00  0.000000E+00  0.546277E+05
  0.177535E+00  0.535362E+05  0.473855E+05  0.000000E+00  0.000000E+00  0.000000E+00  0.525869E+05
  0.183553E+00  0.516112E+05  0.462249E+05  0.000000E+00  0.000000E+00  0.000000E+00  0.507799E+05
  0.189774E+00  0.497493E+05  0.450404E+05  0.000000E+00  0.000000E+00  0.000000E+00  0.490226E+05
  0.196206E+00  0.478189E+05  0.435591E+05  0.000000E+00  0.000000E+00  0.000000E+00  0.471615E+05
  0.202857E+00  0.457386E+05  0.416435E+05  0.000000E+00  0.000000E+00  0.000000E+00  0.451066E+05
  0.209733E+00  0.435165E+05  0.393543E+05  0.000000E+00  0.000000E+00  0.000000E+00  0.428741E+05
  0.216842E+00  0.412591E+05  0.369382E+05  0.000000E+00  0.000000E+00  0.000000E+00  0.405922E+05
  0.224192E+00  0.391135E+05  0.347081E+05  0.000000E+00  0.000000E+00  0.000000E+00  0.384336E+05
  0.231791E+00  0.372008E+05  0.329013E+05  0.000000E+00  0.000000E+00  0.000000E+00  0.365372E+05
  0.239647E+00  0.355616E+05  0.315695E+05  0.000000E+00  0.000000E+00  0.000000E+00  0.349455E+05
  0.247770E+00  0.341234E+05  0.305435E+05  0.000000E+00  0.000000E+00  0.000000E+00  0.335709E+05
  0.256168E+00  0.327470E+05  0.295368E+05  0.000000E+00  0.000000E+00  0.000000E+00  0.322515E+05
  0.264851E+00  0.313188E+05  0.283252E+05  0.000000E+00  0.000000E+00  0.000000E+00  0.308568E+05
  0.273828E+00  0.298072E+05  0.268676E+05  0.000000E+00  0.000000E+00  0.000000E+00  0.293536E+05
  0.283110E+00  0.282731E+05  0.253155E+05  0.000000E+00  0.000000E+00  0.000000E+00  0.278167E+05
  0.292706E+00  0.268310E+05  0.239059E+05  0.000000E+00  0.000000E+00  0.000000E+00  0.263795E+05
  0.302627E+00  0.255524E+05  0.227742E+05  0.000000E+00  0.000000E+00  0.000000E+00  0.251236E+05
  0.312884E+00  0.244148E+05  0.218616E+05  0.000000E+00  0.000000E+00  0.000000E+00  0.240208E+05
  0.323490E+00  0.233383E+05  0.209920E+05  0.000000E+00  0.000000E+00  0.000000E+00  0.229762E+05
  0.334454E+00  0.222426E+05  0.200168E+05  0.000000E+00  0.000000E+00  0.000000E+00  0.218991E+05
  0.345791E+00  0.211274E+05  0.189514E+05  0.000000E+00  0.000000E+00  0.000000E+00  0.207916E+05
  0.357512E+00  0.200545E+05  0.179309E+05  0.000000E+00  0.000000E+00  0.000000E+00  0.197268E+05
  0.369629E+00  0.190770E+05  0.170585E+05  0.000000E+00  0.000000E+00  0.000000E+00  0.187654E+05
  0.382158E+00  0.181836E+05  0.163031E+05  0.000000E+00  0.000000E+00  0.000000E+00  0.178934E+05
  0.395111E+00  0.173232E+05  0.155585E+05  0.000000E+00  0.000000E+00  0.000000E+00  0.170509E+05
  0.408504E+00  0.164662E+05  0.147739E+05  0.000000E+00  0.000000E+00  0.000000E+00  0.162050E+05
  0.422350E+00  0.156343E+05  0.140018E+05  0.000000E+00  0.000000E+00  0.000000E+00  0.153824E+05
  0.436666E+00  0.148588E+05  0.133063E+05  0.000000E+00  0.000000E+00  0.000000E+00  0.146192E+05
  0.451466E+00  0.141371E+05  0.126770E+05  0.000000E+00  0.000000E+00  0.000000E+00  0.139118E+05
  0.466769E+00  0.134417E+05  0.120592E+05  0.000000E+00  0.000000E+00  0.000000E+00  0.132284E+05
  0.482590E+00  0.127648E+05  0.114426E+05  0.000000E+00  0.000000E+00  0.000000E+00  0.125607E+05
  0.498948E+00  0.121217E+05  0.108614E+05  0.000000E+00  0.000000E+00  0.000000E+00  0.119272E+05
  0.515859E+00  0.115177E+05  0.103257E+05  0.000000E+00  0.000000E+00  0.000000E+00  0.113337E+05
  0.533344E+00  0.109412E+05  0.981175E+04  0.000000E+00  0.000000E+00  0.000000E+00  0.107669E+05
  0.551422E+00  0.103865E+05  0.931103E+04  0.000000E+00  0.000000E+00  0.000000E+00  0.102205E+05
  0.570113E+00  0.985947E+04  0.883763E+04  0.000000E+00  0.000000E+00  0.000000E+00  0.970177E+04
  0.589437E+00  0.936055E+04  0.839254E+04  0.000000E+00  0.000000E+00  0.000000E+00  0.921116E+04
  0.609416E+00  0.888400E+04  0.796525E+04  0.000000E+00  0.000000E+00  0.000000E+00  0.874221E+04
  0.630072E+00  0.842931E+04  0.755661E+04  0.000000E+00  0.000000E+00  0.000000E+00  0.829462E+04
  0.651428E+00  0.799793E+04  0.717046E+04  0.000000E+00  0.000000E+00  0.000000E+00  0.787023E+04
  0.673509E+00  0.758744E+04  0.680271E+04  0.000000E+00  0.000000E+00  0.000000E+00  0.746633E+04
  0.696337E+00  0.719646E+04  0.645185E+04  0.000000E+00  0.000000E+00  0.000000E+00  0.708154E+04
  0.719940E+00  0.682501E+04  0.611902E+04  0.000000E+00  0.000000E+00  0.000000E+00  0.671606E+04
  0.744342E+00  0.647181E+04  0.580245E+04  0.000000E+00  0.000000E+00  0.000000E+00  0.636851E+04
  0.769572E+00  0.613592E+04  0.550127E+04  0.000000E+00  0.000000E+00  0.000000E+00  0.603797E+04
  0.795656E+00  0.581674E+04  0.521517E+04  0.000000E+00  0.000000E+00  0.000000E+00  0.572390E+04
  0.822625E+00  0.551334E+04  0.494316E+04  0.000000E+00  0.000000E+00  0.000000E+00  0.542534E+04
  0.850508E+00  0.522507E+04  0.468473E+04  0.000000E+00  0.000000E+00  0.000000E+00  0.514168E+04
  0.879336E+00  0.495120E+04  0.443921E+04  0.000000E+00  0.000000E+00  0.000000E+00  0.487219E+04
  0.909141E+00  0.469108E+04  0.420600E+04  0.000000E+00  0.000000E+00  0.000000E+00  0.461622E+04
  0.939957E+00  0.444412E+04  0.398460E+04  0.000000E+00  0.000000E+00  0.000000E+00  0.437320E+04
  0.971817E+00  0.420963E+04  0.377438E+04  0.000000E+00  0.000000E+00  0.000000E+00  0.414246E+04
  0.100476E+01  0.398700E+04  0.357478E+04  0.000000E+00  0.000000E+00  0.000000E+00  0.392339E+04
  0.103881E+01  0.377572E+04  0.338536E+04  0.000000E+00  0.000000E+00  0.000000E+00  0.371547E+04
  0.107402E+01  0.357515E+04  0.320554E+04  0.000000E+00  0.000000E+00  0.000000E+00  0.351811E+04
  0.111043E+01  0.338486E+04  0.303493E+04  0.000000E+00  0.000000E+00  0.000000E+00  0.333085E+04
  0.114807E+01  0.320430E+04  0.287304E+04  0.000000E+00  0.000000E+00  0.000000E+00  0.315317E+04
  0.118698E+01  0.303306E+04  0.271952E+04  0.000000E+00  0.000000E+00  0.000000E+00  0.298467E+04
  0.122721E+01  0.287065E+04  0.257391E+04  0.000000E+00  0.000000E+00  0.000000E+00  0.282486E+04
  0.126881E+01  0.271664E+04  0.243583E+04  0.000000E+00  0.000000E+00  0.000000E+00  0.267330E+04
  0.131182E+01  0.257061E+04  0.230490E+04  0.000000E+00  0.000000E+00  0.000000E+00  0.252960E+04
  0.135628E+01  0.243216E+04  0.218077E+04  0.000000E+00  0.000000E+00  0.000000E+00  0.239336E+04
  0.140225E+01  0.230092E+04  0.206310E+04  0.000000E+00  0.000000E+00  0.000000E+00  0.226422E+04
  0.144978E+01  0.217654E+04  0.195158E+04  0.000000E+00  0.000000E+00  0.000000E+00  0.214182E+04
  0.149892E+01  0.205867E+04  0.184590E+04  0.000000E+00  0.000000E+00  0.000000E+00  0.202583E+04
  0.154973E+01  0.194699E+04  0.174577E+04  0.000000E+00  0.000000E+00  0.000000E+00  0.191593E+04
  0.160226E+01  0.184118E+04  0.165090E+04  0.000000E+00  0.000000E+00  0.000000E+00  0.181182E+04
  0.165656E+01  0.174097E+04  0.156105E+04  0.000000E+00  0.000000E+00  0.000000E+00  0.171320E+04
  0.171271E+01  0.164604E+04  0.147593E+04  0.000000E+00  0.000000E+00  0.000000E+00  0.161979E+04
  0.177077E+01  0.155614E+04  0.139533E+04  0.000000E+00  0.000000E+00  0.000000E+00  0.153132E+04
  0.183079E+01  0.147101E+04  0.131900E+04  0.000000E+00  0.000000E+00  0.000000E+00  0.144755E+04
  0.189284E+01  0.139041E+04  0.124673E+04  0.000000E+00  0.000000E+00  0.000000E+00  0.136824E+04
  0.195700E+01  0.131411E+04  0.117831E+04  0.000000E+00  0.000000E+00  0.000000E+00  0.129315E+04
  0.202333E+01  0.124189E+04  0.111356E+04  0.000000E+00  0.000000E+00  0.000000E+00  0.122209E+04
  0.209191E+01  0.117353E+04  0.105227E+04  0.000000E+00  0.000000E+00  0.000000E+00  0.115482E+04
  0.216282E+01  0.110884E+04  0.994259E+03  0.000000E+00  0.000000E+00  0.000000E+00  0.109115E+04
  0.223613E+01  0.104762E+04  0.939368E+03  0.000000E+00  0.000000E+00  0.000000E+00  0.103091E+04
  0.231192E+01  0.989699E+03  0.887434E+03  0.000000E+00  0.000000E+00  0.000000E+00  0.973916E+03
  0.239028E+01  0.934905E+03  0.838304E+03  0.000000E+00  0.000000E+00  0.000000E+00  0.919997E+03
  0.247130E+01  0.883072E+03  0.791828E+03  0.000000E+00  0.000000E+00  0.000000E+00  0.868990E+03
  0.255507E+01  0.834041E+03  0.747864E+03  0.000000E+00  0.000000E+00  0.000000E+00  0.820741E+03
  0.264167E+01  0.787672E+03  0.706287E+03  0.000000E+00  0.000000E+00  0.000000E+00  0.775112E+03
  0.273121E+01  0.743826E+03  0.666971E+03  0.000000E+00  0.000000E+00  0.000000E+00  0.731965E+03
  0.282379E+01  0.702364E+03  0.629794E+03  0.000000E+00  0.000000E+00  0.000000E+00  0.691164E+03
  0.291950E+01  0.663163E+03  0.594644E+03  0.000000E+00  0.000000E+00  0.000000E+00  0.652588E+03
  0.301846E+01  0.626100E+03  0.561411E+03  0.000000E+00  0.000000E+00  0.000000E+00  0.616116E+03
  0.312077E+01  0.591066E+03  0.529997E+03  0.000000E+00  0.000000E+00  0.000000E+00  0.581641E+03
  0.322655E+01  0.557953E+03  0.500305E+03  0.000000E+00  0.000000E+00  0.000000E+00  0.549056E+03
  0.333591E+01  0.526657E+03  0.472243E+03  0.000000E+00  0.000000E+00  0.000000E+00  0.518259E+03
  0.344898E+01  0.497079E+03  0.445721E+03  0.000000E+00  0.000000E+00  0.000000E+00  0.489153E+03
  0.356588E+01  0.469130E+03  0.420660E+03  0.000000E+00  0.000000E+00  0.000000E+00  0.461650E+03
  0.368675E+01  0.442723E+03  0.396980E+03  0.000000E+00  0.000000E+00  0.000000E+00  0.435663E+03
  0.381172E+01  0.417773E+03  0.374608E+03  0.000000E+00  0.000000E+00  0.000000E+00  0.411111E+03
  0.394091E+01  0.394203E+03  0.353473E+03  0.000000E+00  0.000000E+00  0.000000E+00  0.387917E+03
  0.407449E+01  0.371936E+03  0.333507E+03  0.000000E+00  0.000000E+00  0.000000E+00  0.366005E+03
  0.421259E+01  0.350906E+03  0.314650E+03  0.000000E+00  0.000000E+00  0.000000E+00  0.345311E+03
  0.435538E+01  0.331044E+03  0.296839E+03  0.000000E+00  0.000000E+00  0.000000E+00  0.325765E+03
  0.450301E+01  0.312285E+03  0.280018E+03  0.000000E+00  0.000000E+00  0.000000E+00  0.307305E+03
  0.465564E+01  0.294570E+03  0.264134E+03  0.000000E+00  0.000000E+00  0.000000E+00  0.289873E+03
  0.481344E+01  0.277844E+03  0.249135E+03  0.000000E+00  0.000000E+00  0.000000E+00  0.273413E+03
  0.497659E+01  0.262051E+03  0.234974E+03  0.000000E+00  0.000000E+00  0.000000E+00  0.257873E+03
  0.514527E+01  0.247141E+03  0.221604E+03  0.000000E+00  0.000000E+00  0.000000E+00  0.243200E+03
  0.531968E+01  0.233065E+03  0.208982E+03  0.000000E+00  0.000000E+00  0.000000E+00  0.229348E+03
  0.549998E+01  0.219779E+03  0.197067E+03  0.000000E+00  0.000000E+00  0.000000E+00  0.216274E+03
  0.568641E+01  0.207237E+03  0.185821E+03  0.000000E+00  0.000000E+00  0.000000E+00  0.203932E+03
  0.587915E+01  0.195400E+03  0.175207E+03  0.000000E+00  0.000000E+00  0.000000E+00  0.192283E+03
  0.607843E+01  0.184228E+03  0.165189E+03  0.000000E+00  0.000000E+00  0.000000E+00  0.181290E+03
  0.628446E+01  0.173686E+03  0.155735E+03  0.000000E+00  0.000000E+00  0.000000E+00  0.170915E+03
  0.649747E+01  0.163738E+03  0.146815E+03  0.000000E+00  0.000000E+00  0.000000E+00  0.161126E+03
  0.671770E+01  0.154350E+03  0.138397E+03  0.000000E+00  0.000000E+00  0.000000E+00  0.151888E+03
  0.694539E+01  0.145494E+03  0.130455E+03  0.000000E+00  0.000000E+00  0.000000E+00  0.143173E+03
  0.718081E+01  0.137138E+03  0.122963E+03  0.000000E+00  0.000000E+00  0.000000E+00  0.134951E+03
  0.742420E+01  0.129256E+03  0.115894E+03  0.000000E+00  0.000000E+00  0.000000E+00  0.127194E+03
  0.767585E+01  0.121820E+03  0.109226E+03  0.000000E+00  0.000000E+00  0.000000E+00  0.119876E+03
  0.793602E+01  0.114806E+03  0.102936E+03  0.000000E+00  0.000000E+00  0.000000E+00  0.112974E+03
  0.820502E+01  0.108190E+03  0.970039E+02  0.000000E+00  0.000000E+00  0.000000E+00  0.106464E+03
  0.848312E+01  0.101951E+03  0.914089E+02  0.000000E+00  0.000000E+00  0.000000E+00  0.100324E+03
  0.877066E+01  0.960666E+02  0.861320E+02  0.000000E+00  0.000000E+00  0.000000E+00  0.945334E+02
  0.906794E+01  0.905175E+02  0.811560E+02  0.000000E+00  0.000000E+00  0.000000E+00  0.890727E+02
  0.937530E+01  0.852848E+02  0.764635E+02  0.000000E+00  0.000000E+00  0.000000E+00  0.839234E+02
  0.969308E+01  0.803507E+02  0.720389E+02  0.000000E+00  0.000000E+00  0.000000E+00  0.790679E+02
  0.100216E+02  0.756985E+02  0.678671E+02  0.000000E+00  0.000000E+00  0.000000E+00  0.744899E+02
  0.103613E+02  0.713123E+02  0.639337E+02  0.000000E+00  0.000000E+00  0.000000E+00  0.701736E+02
  0.107125E+02  0.671773E+02  0.602256E+02  0.000000E+00  0.000000E+00  0.000000E+00  0.661044E+02
  0.110756E+02  0.632791E+02  0.567299E+02  0.000000E+00  0.000000E+00  0.000000E+00  0.622683E+02
  0.114510E+02  0.596044E+02  0.534347E+02  0.000000E+00  0.000000E+00  0.000000E+00  0.586523E+02
  0.118392E+02  0.561407E+02  0.503285E+02  0.000000E+00  0.000000E+00  0.000000E+00  0.552437E+02
  0.122404E+02  0.528759E+02  0.474008E+02  0.000000E+00  0.000000E+00  0.000000E+00  0.520309E+02
  0.126553E+02  0.497988E+02  0.446413E+02  0.000000E+00  0.000000E+00  0.000000E+00  0.490029E+02
  0.130843E+02  0.468988E+02  0.420407E+02  0.000000E+00  0.000000E+00  0.000000E+00  0.461491E+02
  0.135278E+02  0.441658E+02  0.395898E+02  0.000000E+00  0.000000E+00  0.000000E+00  0.434596E+02
  0.139863E+02  0.415904E+02  0.372802E+02  0.000000E+00  0.000000E+00  0.000000E+00  0.409252E+02
  0.144604E+02  0.391634E+02  0.351037E+02  0.000000E+00  0.000000E+00  0.000000E+00  0.385368E+02
  0.149505E+02  0.368766E+02  0.330530E+02  0.000000E+00  0.000000E+00  0.000000E+00  0.362865E+02
  0.154573E+02  0.347219E+02  0.311207E+02  0.000000E+00  0.000000E+00  0.000000E+00  0.341661E+02
  0.159812E+02  0.326918E+02  0.293001E+02  0.000000E+00  0.000000E+00  0.000000E+00  0.321683E+02
  0.165229E+02  0.307792E+02  0.275849E+02  0.000000E+00  0.000000E+00  0.000000E+00  0.302862E+02
  0.170829E+02  0.289773E+02  0.259689E+02  0.000000E+00  0.000000E+00  0.000000E+00  0.285130E+02
  0.176619E+02  0.272799E+02  0.244467E+02  0.000000E+00  0.000000E+00  0.000000E+00  0.268426E+02
  0.182606E+02  0.256809E+02  0.230127E+02  0.000000E+00  0.000000E+00  0.000000E+00  0.252691E+02
  0.188795E+02  0.241747E+02  0.216619E+02  0.000000E+00  0.000000E+00  0.000000E+00  0.237869E+02
  0.195195E+02  0.227560E+02  0.203896E+02  0.000000E+00  0.000000E+00  0.000000E+00  0.223908E+02
  0.201811E+02  0.214198E+02  0.191913E+02  0.000000E+00  0.000000E+00  0.000000E+00  0.210758E+02
  0.208651E+02  0.201612E+02  0.180626E+02  0.000000E+00  0.000000E+00  0.000000E+00  0.198374E+02
  0.215723E+02  0.189760E+02  0.169996E+02  0.000000E+00  0.000000E+00  0.000000E+00  0.186710E+02
  0.223035E+02  0.178598E+02  0.159985E+02  0.000000E+00  0.000000E+00  0.000000E+00  0.175725E+02
  0.230595E+02  0.168086E+02  0.150558E+02  0.000000E+00  0.000000E+00  0.000000E+00  0.165381E+02
  0.238411E+02  0.158187E+02  0.141680E+02  0.000000E+00  0.000000E+00  0.000000E+00  0.155640E+02
  0.246492E+02  0.148867E+02  0.133321E+02  0.000000E+00  0.000000E+00  0.000000E+00  0.146468E+02
  0.254847E+02  0.140090E+02  0.125449E+02  0.000000E+00  0.000000E+00  0.000000E+00  0.137831E+02
  0.263485E+02  0.131827E+02  0.118038E+02  0.000000E+00  0.000000E+00  0.000000E+00  0.129698E+02
  0.272416E+02  0.124046E+02  0.111060E+02  0.000000E+00  0.000000E+00  0.000000E+00  0.122042E+02
  0.281650E+02  0.116721E+02  0.104490E+02  0.000000E+00  0.000000E+00  0.000000E+00  0.114833E+02
  0.291196E+02  0.109825E+02  0.983048E+01  0.000000E+00  0.000000E+00  0.000000E+00  0.108047E+02
  0.301066E+02  0.103333E+02  0.924819E+01  0.000000E+00  0.000000E+00  0.000000E+00  0.101658E+02
  0.311271E+02  0.972213E+01  0.870003E+01  0.000000E+00  0.000000E+00  0.000000E+00  0.956439E+01
  0.321822E+02  0.914681E+01  0.818401E+01  0.000000E+00  0.000000E+00  0.000000E+00  0.899822E+01
  0.332730E+02  0.860528E+01  0.769828E+01  0.000000E+00  0.000000E+00  0.000000E+00  0.846530E+01
  0.344008E+02  0.809553E+01  0.724106E+01  0.000000E+00  0.000000E+00  0.000000E+00  0.796366E+01
  0.355668E+02  0.761575E+01  0.681071E+01  0.000000E+00  0.000000E+00  0.000000E+00  0.749151E+01
  0.367723E+02  0.716417E+01  0.640565E+01  0.000000E+00  0.000000E+00  0.000000E+00  0.704711E+01
  0.380187E+02  0.673917E+01  0.602442E+01  0.000000E+00  0.000000E+00  0.000000E+00  0.662886E+01
  0.393074E+02  0.633917E+01  0.566561E+01  0.000000E+00  0.000000E+00  0.000000E+00  0.623522E+01
  0.406397E+02  0.596274E+01  0.532794E+01  0.000000E+00  0.000000E+00  0.000000E+00  0.586477E+01
  0.420172E+02  0.560848E+01  0.501016E+01  0.000000E+00  0.000000E+00  0.000000E+00  0.551614E+01
  0.434414E+02  0.527511E+01  0.471110E+01  0.000000E+00  0.000000E+00  0.000000E+00  0.518806E+01
  0.449138E+02  0.496141E+01  0.442968E+01  0.000000E+00  0.000000E+00  0.000000E+00  0.487935E+01
  0.464362E+02  0.466622E+01  0.416487E+01  0.000000E+00  0.000000E+00  0.000000E+00  0.458884E+01
  0.480101E+02  0.438846E+01  0.391569E+01  0.000000E+00  0.000000E+00  0.000000E+00  0.431550E+01
  0.496375E+02  0.412711E+01  0.368122E+01  0.000000E+00  0.000000E+00  0.000000E+00  0.405830E+01
  0.513199E+02  0.388122E+01  0.346061E+01  0.000000E+00  0.000000E+00  0.000000E+00  0.381631E+01
  0.530594E+02  0.364986E+01  0.325304E+01  0.000000E+00  0.000000E+00  0.000000E+00  0.358862E+01
  0.548579E+02  0.343220E+01  0.305775E+01  0.000000E+00  0.000000E+00  0.000000E+00  0.337441E+01
  0.567173E+02  0.322742E+01  0.287401E+01  0.000000E+00  0.000000E+00  0.000000E+00  0.317288E+01
  0.586397E+02  0.303478E+01  0.270115E+01  0.000000E+00  0.000000E+00  0.000000E+00  0.298329E+01
  0.606273E+02  0.285354E+01  0.253853E+01  0.000000E+00  0.000000E+00  0.000000E+00  0.280493E+01
  0.626823E+02  0.268306E+01  0.238555E+01  0.000000E+00  0.000000E+00  0.000000E+00  0.263714E+01
  0.648069E+02  0.252268E+01  0.224163E+01  0.000000E+00  0.000000E+00  0.000000E+00  0.247930E+01
  0.670036E+02  0.237182E+01  0.210625E+01  0.000000E+00  0.000000E+00  0.000000E+00  0.233083E+01
  0.692747E+02  0.222992E+01  0.197890E+01  0.000000E+00  0.000000E+00  0.000000E+00  0.219118E+01
  0.716227E+02  0.209644E+01  0.185911E+01  0.000000E+00  0.000000E+00  0.000000E+00  0.205982E+01
  0.740504E+02  0.197090E+01  0.174644E+01  0.000000E+00  0.000000E+00  0.000000E+00  0.193626E+01
  0.765604E+02  0.185282E+01  0.164046E+01  0.000000E+00  0.000000E+00  0.000000E+00  0.182005E+01
  0.791553E+02  0.174177E+01  0.154078E+01  0.000000E+00  0.000000E+00  0.000000E+00  0.171075E+01
  0.818384E+02  0.163732E+01  0.144702E+01  0.000000E+00  0.000000E+00  0.000000E+00  0.160795E+01
  0.846122E+02  0.153909E+01  0.135885E+01  0.000000E+00  0.000000E+00  0.000000E+00  0.151128E+01
  0.874802E+02  0.144671E+01  0.127592E+01  0.000000E+00  0.000000E+00  0.000000E+00  0.142035E+01
  0.904453E+02  0.135984E+01  0.119792E+01  0.000000E+00  0.000000E+00  0.000000E+00  0.133485E+01
  0.935109E+02  0.127814E+01  0.112458E+01  0.000000E+00  0.000000E+00  0.000000E+00  0.125444E+01
  0.966806E+02  0.120132E+01  0.105560E+01  0.000000E+00  0.000000E+00  0.000000E+00  0.117883E+01
  0.999576E+02  0.112907E+01  0.990730E+00  0.000000E+00  0.000000E+00  0.000000E+00  0.110772E+01
  0.103346E+03  0.106114E+01  0.929733E+00  0.000000E+00  0.000000E+00  0.000000E+00  0.104086E+01
  0.106849E+03  0.997265E+00  0.872371E+00  0.000000E+00  0.000000E+00  0.000000E+00  0.977990E+00
  0.110470E+03  0.937205E+00  0.818436E+00  0.000000E+00  0.000000E+00  0.000000E+00  0.918875E+00
  0.114215E+03  0.880734E+00  0.767721E+00  0.000000E+00  0.000000E+00  0.000000E+00  0.863293E+00
  0.118086E+03  0.827638E+00  0.720035E+00  0.000000E+00  0.000000E+00  0.000000E+00  0.811032E+00
  0.122089E+03  0.777715E+00  0.675196E+00  0.000000E+00  0.000000E+00  0.000000E+00  0.761893E+00
  0.126227E+03  0.730780E+00  0.633041E+00  0.000000E+00  0.000000E+00  0.000000E+00  0.715696E+00
  0.130505E+03  0.686654E+00  0.593407E+00  0.000000E+00  0.000000E+00  0.000000E+00  0.672263E+00
  0.134928E+03  0.645170E+00  0.556146E+00  0.000000E+00  0.000000E+00  0.000000E+00  0.631431E+00
  0.139502E+03  0.606168E+00  0.521113E+00  0.000000E+00  0.000000E+00  0.000000E+00  0.593041E+00
  0.144230E+03  0.569505E+00  0.488182E+00  0.000000E+00  0.000000E+00  0.000000E+00  0.556954E+00
  0.149119E+03  0.535039E+00  0.457224E+00  0.000000E+00  0.000000E+00  0.000000E+00  0.523030E+00
  0.154173E+03  0.502639E+00  0.428124E+00  0.000000E+00  0.000000E+00  0.000000E+00  0.491139E+00
  0.159399E+03  0.472181E+00  0.400769E+00  0.000000E+00  0.000000E+00  0.000000E+00  0.461160E+00
  0.164802E+03  0.443552E+00  0.375059E+00  0.000000E+00  0.000000E+00  0.000000E+00  0.432982E+00
  0.170388E+03  0.416642E+00  0.350895E+00  0.000000E+00  0.000000E+00  0.000000E+00  0.406495E+00
  0.176164E+03  0.391346E+00  0.328183E+00  0.000000E+00  0.000000E+00  0.000000E+00  0.381598E+00
  0.182135E+03  0.367571E+00  0.306841E+00  0.000000E+00  0.000000E+00  0.000000E+00  0.358198E+00
  0.188308E+03  0.345224E+00  0.286786E+00  0.000000E+00  0.000000E+00  0.000000E+00  0.336205E+00
  0.194691E+03  0.324221E+00  0.267942E+00  0.000000E+00  0.000000E+00  0.000000E+00  0.315535E+00
  0.201290E+03  0.304480E+00  0.250236E+00  0.000000E+00  0.000000E+00  0.000000E+00  0.296108E+00
