  0.108800E-04  0.277740E+07  0.277740E+07  0.370294E+07  0.370293E+07  0.000000E+00  0.277740E+07
  0.112487E-04  0.277740E+07  0.277740E+07  0.370292E+07  0.370292E+07  0.000000E+00  0.277740E+07
  0.116300E-04  0.277740E+07  0.277740E+07  0.370290E+07  0.370290E+07  0.000000E+00  0.277740E+07
  0.120242E-04  0.277740E+07  0.277740E+07  0.370288E+07  0.370287E+07  0.000000E+00  0.277740E+07
  0.124318E-04  0.277740E+07  0.277740E+07  0.370286E+07  0.370285E+07  0.000000E+00  0.277740E+07
  0.128531E-04  0.277740E+07  0.277740E+07  0.370283E+07  0.370283E+07  0.000000E+00  0.277740E+07
  0.132888E-04  0.277739E+07  0.277739E+07  0.370281E+07  0.370280E+07  0.000000E+00  0.277739E+07
  0.137392E-04  0.277739E+07  0.277739E+07  0.370278E+07  0.370278E+07  0.000000E+00  0.277739E+07
  0.142049E-04  0.277739E+07  0.277739E+07  0.370275E+07  0.370275E+07  0.000000E+00  0.277739E+07
  0.146864E-04  0.277739E+07  0.277739E+07  0.370272E+07  0.370272E+07  0.000000E+00  0.277739E+07
  0.151842E-04  0.277739E+07  0.277739E+07  0.370269E+07  0.370268E+07  0.000000E+00  0.277739E+07
  0.156989E-04  0.277739E+07  0.277739E+07  0.370265E+07  0.370265E+07  0.000000E+00  0.277739E+07
  0.162310E-04  0.277739E+07  0.277739E+07  0.370261E+07  0.370261E+07  0.000000E+00  0.277739E+07
  0.167811E-04  0.277739E+07  0.277739E+07  0.370257E+07  0.370257E+07  0.000000E+00  0.277739E+07
  0.173499E-04  0.277739E+07  0.277739E+07  0.370253E+07  0.370253E+07  0.000000E+00  0.277739E+07
  0.179380E-04  0.277739E+07  0.277739E+07  0.370249E+07  0.370248E+07  0.000000E+00  0.277739E+07
  0.185460E-04  0.277739E+07  0.277739E+07  0.370244E+07  0.370243E+07  0.000000E+00  0.277739E+07
  0.191746E-04  0.277739E+07  0.277739E+07  0.370238E+07  0.370238E+07  0.000000E+00  0.277739E+07
  0.198246E-04  0.277739E+07  0.277739E+07  0.370233E+07  0.370232E+07  0.000000E+00  0.277739E+07
  0.204965E-04  0.277739E+07  0.277739E+07  0.370227E+07  0.370226E+07  0.000000E+00  0.277739E+07
  0.211913E-04  0.277739E+07  0.277739E+07  0.370220E+07  0.370219E+07  0.000000E+00  0.277739E+07
  0.219095E-04  0.277739E+07  0.277739E+07  0.370214E+07  0.370213E+07  0.000000E+00  0.277739E+07
  0.226522E-04  0.277739E+07  0.277739E+07  0.370206E+07  0.370205E+07  0.000000E+00  0.277739E+07
  0.234200E-04  0.277739E+07  0.277739E+07  0.370198E+07  0.370197E+07  0.000000E+00  0.277739E+07
  0.242138E-04  0.277739E+07  0.277739E+07  0.370190E+07  0.370189E+07  0.000000E+00  0.277739E+07
  0.250345E-04  0.277739E+07  0.277739E+07  0.370181E+07  0.370180E+07  0.000000E+00  0.277739E+07
  0.258831E-04  0.277738E+07  0.277738E+07  0.370172E+07  0.370170E+07  0.000000E+00  0.277738E+07
  0.267604E-04  0.277738E+07  0.277738E+07  0.370161E+07  0.370160E+07  0.000000E+00  0.277738E+07
  0.276674E-04  0.277738E+07  0.277738E+07  0.370150E+07  0.370149E+07  0.000000E+00  0.277738E+07
  0.286052E-04  0.277738E+07  0.277738E+07  0.370139E+07  0.370137E+07  0.000000E+00  0.277738E+07
  0.295748E-04  0.277738E+07  0.277738E+07  0.370126E+07  0.370124E+07  0.000000E+00  0.277738E+07
  0.305772E-04  0.277738E+07  0.277738E+07  0.370113E+07  0.370111E+07  0.000000E+00  0.277738E+07
  0.316136E-04  0.277738E+07  0.277738E+07  0.370099E+07  0.370097E+07  0.000000E+00  0.277738E+07
  0.326852E-04  0.277738E+07  0.277738E+07  0.370083E+07  0.370081E+07  0.000000E+00  0.277738E+07
  0.337931E-04  0.277738E+07  0.277737E+07  0.370067E+07  0.370065E+07  0.000000E+00  0.277738E+07
  0.349385E-04  0.277737E+07  0.277737E+07  0.370050E+07  0.370047E+07  0.000000E+00  0.277737E+07
  0.361227E-04  0.277737E+07  0.277737E+07  0.370031E+07  0.370028E+07  0.000000E+00  0.277737E+07
  0.373471E-04  0.277737E+07  0.277737E+07  0.370011E+07  0.370008E+07  0.000000E+00  0.277737E+07
  0.386130E-04  0.277737E+07  0.277737E+07  0.369990E+07  0.369987E+07  0.000000E+00  0.277737E+07
  0.399218E-04  0.277737E+07  0.277737E+07  0.369967E+07  0.369964E+07  0.000000E+00  0.277737E+07
  0.412749E-04  0.277736E+07  0.277736E+07  0.369943E+07  0.369939E+07  0.000000E+00  0.277736E+07
  0.426740E-04  0.277736E+07  0.277736E+07  0.369917E+07  0.369913E+07  0.000000E+00  0.277736E+07
  0.441204E-04  0.277736E+07  0.277736E+07  0.369889E+07  0.369885E+07  0.000000E+00  0.277736E+07
  0.456159E-04  0.277736E+07  0.277736E+07  0.369860E+07  0.369855E+07  0.000000E+00  0.277736E+07
  0.471620E-04  0.277735E+07  0.277735E+07  0.369828E+07  0.369823E+07  0.000000E+00  0.277735E+07
  0.487606E-04  0.277735E+07  0.277735E+07  0.369794E+07  0.369789E+07  0.000000E+00  0.277735E+07
  0.504133E-04  0.277735E+07  0.277735E+07  0.369758E+07  0.369752E+07  0.000000E+00  0.277735E+07
  0.521221E-04  0.277734E+07  0.277734E+07  0.369719E+07  0.369713E+07  0.000000E+00  0.277734E+07
  0.538888E-04  0.277734E+07  0.277734E+07  0.369678E+07  0.369672E+07  0.000000E+00  0.277734E+07
  0.557153E-04  0.277734E+07  0.277733E+07  0.369633E+07  0.369627E+07  0.000000E+00  0.277734E+07
  0.576038E-04  0.277733E+07  0.277733E+07  0.369586E+07  0.369579E+07  0.000000E+00  0.277733E+07
  0.595563E-04  0.277733E+07  0.277733E+07  0.369536E+07  0.369528E+07  0.000000E+00  0.277733E+07
  0.615750E-04  0.277732E+07  0.277732E+07  0.369481E+07  0.369474E+07  0.000000E+00  0.277732E+07
  0.636621E-04  0.277732E+07  0.277731E+07  0.369424E+07  0.369415E+07  0.000000E+00  0.277732E+07
  0.658199E-04  0.277731E+07  0.277731E+07  0.369362E+07  0.369353E+07  0.000000E+00  0.277731E+07
  0.680509E-04  0.277730E+07  0.277730E+07  0.369296E+07  0.369287E+07  0.000000E+00  0.277730E+07
  0.703575E-04  0.277730E+07  0.277730E+07  0.369226E+07  0.369216E+07  0.000000E+00  0.277730E+07
  0.727422E-04  0.277729E+07  0.277729E+07  0.369150E+07  0.369140E+07  0.000000E+00  0.277729E+07
  0.752079E-04  0.277728E+07  0.277728E+07  0.369070E+07  0.369058E+07  0.000000E+00  0.277728E+07
  0.777570E-04  0.277728E+07  0.277727E+07  0.368984E+07  0.368972E+07  0.000000E+00  0.277728E+07
  0.803926E-04  0.277727E+07  0.277727E+07  0.368892E+07  0.368879E+07  0.000000E+00  0.277727E+07
  0.831175E-04  0.277726E+07  0.277726E+07  0.368794E+07  0.368780E+07  0.000000E+00  0.277726E+07
  0.859348E-04  0.277725E+07  0.277725E+07  0.368689E+07  0.368674E+07  0.000000E+00  0.277725E+07
  0.888476E-04  0.277724E+07  0.277724E+07  0.368576E+07  0.368560E+07  0.000000E+00  0.277724E+07
  0.918591E-04  0.277723E+07  0.277722E+07  0.368457E+07  0.368439E+07  0.000000E+00  0.277723E+07
  0.949726E-04  0.277721E+07  0.277721E+07  0.368328E+07  0.368310E+07  0.000000E+00  0.277721E+07
  0.981917E-04  0.277720E+07  0.277720E+07  0.368191E+07  0.368172E+07  0.000000E+00  0.277720E+07
  0.101520E-03  0.277719E+07  0.277719E+07  0.368045E+07  0.368024E+07  0.000000E+00  0.277719E+07
  0.104961E-03  0.277717E+07  0.277717E+07  0.367889E+07  0.367866E+07  0.000000E+00  0.277717E+07
  0.108519E-03  0.277716E+07  0.277716E+07  0.367722E+07  0.367698E+07  0.000000E+00  0.277716E+07
  0.112197E-03  0.277714E+07  0.277714E+07  0.367543E+07  0.367518E+07  0.000000E+00  0.277714E+07
  0.116000E-03  0.277712E+07  0.277712E+07  0.367353E+07  0.367325E+07  0.000000E+00  0.277712E+07
  0.119932E-03  0.277711E+07  0.277710E+07  0.367149E+07  0.367120E+07  0.000000E+00  0.277711E+07
  0.123997E-03  0.277709E+07  0.277708E+07  0.366931E+07  0.366900E+07  0.000000E+00  0.277709E+07
  0.128200E-03  0.277706E+07  0.277706E+07  0.366699E+07  0.366665E+07  0.000000E+00  0.277706E+07
  0.132545E-03  0.277704E+07  0.277704E+07  0.366450E+07  0.366415E+07  0.000000E+00  0.277704E+07
  0.137038E-03  0.277702E+07  0.277701E+07  0.366185E+07  0.366147E+07  0.000000E+00  0.277702E+07
  0.141683E-03  0.277699E+07  0.277698E+07  0.365901E+07  0.365861E+07  0.000000E+00  0.277699E+07
  0.146485E-03  0.277696E+07  0.277696E+07  0.365599E+07  0.365555E+07  0.000000E+00  0.277696E+07
  0.151450E-03  0.277693E+07  0.277693E+07  0.365275E+07  0.365229E+07  0.000000E+00  0.277693E+07
  0.156583E-03  0.277690E+07  0.277689E+07  0.364930E+07  0.364881E+07  0.000000E+00  0.277690E+07
  0.161891E-03  0.277686E+07  0.277686E+07  0.364561E+07  0.364508E+07  0.000000E+00  0.277686E+07
  0.167378E-03  0.277683E+07  0.277682E+07  0.364167E+07  0.364111E+07  0.000000E+00  0.277683E+07
  0.173051E-03  0.277679E+07  0.277678E+07  0.363746E+07  0.363687E+07  0.000000E+00  0.277679E+07
  0.178917E-03  0.277675E+07  0.277674E+07  0.363297E+07  0.363233E+07  0.000000E+00  0.277675E+07
  0.184981E-03  0.277670E+07  0.277669E+07  0.362818E+07  0.362750E+07  0.000000E+00  0.277670E+07
  0.191251E-03  0.277665E+07  0.277665E+07  0.362306E+07  0.362233E+07  0.000000E+00  0.277665E+07
  0.197734E-03  0.277660E+07  0.277659E+07  0.361759E+07  0.361682E+07  0.000000E+00  0.277660E+07
  0.204436E-03  0.277655E+07  0.277654E+07  0.361176E+07  0.361093E+07  0.000000E+00  0.277655E+07
  0.211366E-03  0.277649E+07  0.277648E+07  0.360554E+07  0.360465E+07  0.000000E+00  0.277649E+07
  0.218530E-03  0.277643E+07  0.277642E+07  0.359889E+07  0.359795E+07  0.000000E+00  0.277643E+07
  0.225937E-03  0.277636E+07  0.277635E+07  0.359180E+07  0.359080E+07  0.000000E+00  0.277636E+07
  0.233595E-03  0.277629E+07  0.277628E+07  0.358424E+07  0.358317E+07  0.000000E+00  0.277629E+07
  0.241513E-03  0.277621E+07  0.277620E+07  0.357617E+07  0.357503E+07  0.000000E+00  0.277621E+07
  0.249699E-03  0.277613E+07  0.277612E+07  0.356757E+07  0.356635E+07  0.000000E+00  0.277613E+07
  0.258162E-03  0.277604E+07  0.277603E+07  0.355839E+07  0.355709E+07  0.000000E+00  0.277604E+07
  0.266913E-03  0.277595E+07  0.277594E+07  0.354860E+07  0.354722E+07  0.000000E+00  0.277595E+07
  0.275960E-03  0.277585E+07  0.277584E+07  0.353817E+07  0.353670E+07  0.000000E+00  0.277585E+07
  0.285314E-03  0.277575E+07  0.277573E+07  0.352705E+07  0.352548E+07  0.000000E+00  0.277575E+07
  0.294984E-03  0.277563E+07  0.277561E+07  0.351520E+07  0.351353E+07  0.000000E+00  0.277563E+07
  0.304983E-03  0.277551E+07  0.277549E+07  0.350257E+07  0.350079E+07  0.000000E+00  0.277551E+07
  0.315320E-03  0.277538E+07  0.277536E+07  0.348912E+07  0.348723E+07  0.000000E+00  0.277538E+07
  0.326008E-03  0.277524E+07  0.277522E+07  0.347479E+07  0.347278E+07  0.000000E+00  0.277524E+07
  0.337058E-03  0.277510E+07  0.277507E+07  0.345954E+07  0.345741E+07  0.000000E+00  0.277510E+07
  0.348483E-03  0.277494E+07  0.277491E+07  0.344331E+07  0.344104E+07  0.000000E+00  0.277494E+07
  0.360295E-03  0.277477E+07  0.277474E+07  0.342603E+07  0.342362E+07  0.000000E+00  0.277477E+07
  0.372507E-03  0.277459E+07  0.277456E+07  0.340766E+07  0.340510E+07  0.000000E+00  0.277459E+07
  0.385133E-03  0.277440E+07  0.277437E+07  0.338812E+07  0.338540E+07  0.000000E+00  0.277440E+07
  0.398187E-03  0.277420E+07  0.277416E+07  0.336734E+07  0.336447E+07  0.000000E+00  0.277419E+07
  0.411684E-03  0.277398E+07  0.277394E+07  0.334527E+07  0.334222E+07  0.000000E+00  0.277397E+07
  0.425638E-03  0.277374E+07  0.277370E+07  0.332183E+07  0.331860E+07  0.000000E+00  0.277374E+07
  0.440065E-03  0.277349E+07  0.277345E+07  0.329694E+07  0.329352E+07  0.000000E+00  0.277349E+07
  0.454981E-03  0.277323E+07  0.277318E+07  0.327052E+07  0.326690E+07  0.000000E+00  0.277323E+07
  0.470403E-03  0.277294E+07  0.277289E+07  0.324251E+07  0.323868E+07  0.000000E+00  0.277294E+07
  0.486347E-03  0.277264E+07  0.277258E+07  0.321281E+07  0.320877E+07  0.000000E+00  0.277264E+07
  0.502832E-03  0.277232E+07  0.277226E+07  0.318135E+07  0.317708E+07  0.000000E+00  0.277231E+07
  0.519875E-03  0.277197E+07  0.277191E+07  0.314804E+07  0.314354E+07  0.000000E+00  0.277197E+07
  0.537497E-03  0.277160E+07  0.277153E+07  0.311279E+07  0.310805E+07  0.000000E+00  0.277160E+07
  0.555715E-03  0.277121E+07  0.277114E+07  0.307552E+07  0.307054E+07  0.000000E+00  0.277121E+07
  0.574551E-03  0.277079E+07  0.277071E+07  0.303616E+07  0.303092E+07  0.000000E+00  0.277079E+07
  0.594026E-03  0.277034E+07  0.277026E+07  0.299460E+07  0.298910E+07  0.000000E+00  0.277034E+07
  0.614160E-03  0.276987E+07  0.276978E+07  0.295077E+07  0.294500E+07  0.000000E+00  0.276986E+07
  0.634977E-03  0.276936E+07  0.276926E+07  0.290458E+07  0.289855E+07  0.000000E+00  0.276935E+07
  0.656500E-03  0.276882E+07  0.276872E+07  0.285597E+07  0.284967E+07  0.000000E+00  0.276881E+07
  0.678752E-03  0.276824E+07  0.276813E+07  0.280486E+07  0.279828E+07  0.000000E+00  0.276823E+07
  0.701758E-03  0.276762E+07  0.276751E+07  0.275119E+07  0.274434E+07  0.000000E+00  0.276762E+07
  0.725544E-03  0.276697E+07  0.276684E+07  0.269489E+07  0.268777E+07  0.000000E+00  0.276696E+07
  0.750137E-03  0.276627E+07  0.276614E+07  0.263593E+07  0.262854E+07  0.000000E+00  0.276626E+07
  0.775563E-03  0.276553E+07  0.276539E+07  0.257426E+07  0.256661E+07  0.000000E+00  0.276552E+07
  0.801851E-03  0.276473E+07  0.276458E+07  0.250986E+07  0.250197E+07  0.000000E+00  0.276473E+07
  0.829029E-03  0.276389E+07  0.276373E+07  0.244272E+07  0.243460E+07  0.000000E+00  0.276389E+07
  0.857129E-03  0.276300E+07  0.276283E+07  0.237287E+07  0.236454E+07  0.000000E+00  0.276299E+07
  0.886182E-03  0.276204E+07  0.276186E+07  0.230032E+07  0.229180E+07  0.000000E+00  0.276204E+07
  0.916219E-03  0.276103E+07  0.276083E+07  0.222514E+07  0.221646E+07  0.000000E+00  0.276102E+07
  0.947274E-03  0.275995E+07  0.275974E+07  0.214741E+07  0.213860E+07  0.000000E+00  0.275995E+07
  0.979383E-03  0.275881E+07  0.275858E+07  0.206724E+07  0.205833E+07  0.000000E+00  0.275880E+07
  0.101258E-02  0.275759E+07  0.275735E+07  0.198478E+07  0.197582E+07  0.000000E+00  0.275758E+07
  0.104690E-02  0.275630E+07  0.275605E+07  0.190020E+07  0.189124E+07  0.000000E+00  0.275629E+07
  0.108239E-02  0.275493E+07  0.275466E+07  0.181372E+07  0.180481E+07  0.000000E+00  0.275492E+07
  0.111907E-02  0.275348E+07  0.275319E+07  0.172560E+07  0.171680E+07  0.000000E+00  0.275347E+07
  0.115700E-02  0.275193E+07  0.275163E+07  0.163613E+07  0.162751E+07  0.000000E+00  0.275192E+07
  0.119622E-02  0.275030E+07  0.274997E+07  0.154566E+07  0.153728E+07  0.000000E+00  0.275029E+07
  0.123677E-02  0.274857E+07  0.274822E+07  0.145458E+07  0.144651E+07  0.000000E+00  0.274856E+07
  0.127869E-02  0.274674E+07  0.274636E+07  0.136330E+07  0.135563E+07  0.000000E+00  0.274672E+07
  0.132203E-02  0.274480E+07  0.274440E+07  0.127230E+07  0.126511E+07  0.000000E+00  0.274478E+07
  0.136684E-02  0.274275E+07  0.274232E+07  0.118210E+07  0.117546E+07  0.000000E+00  0.274273E+07
  0.141317E-02  0.274058E+07  0.274012E+07  0.109322E+07  0.108722E+07  0.000000E+00  0.274056E+07
  0.146107E-02  0.273829E+07  0.273780E+07  0.100625E+07  0.100097E+07  0.000000E+00  0.273827E+07
  0.151059E-02  0.273587E+07  0.273535E+07  0.921782E+06  0.917274E+06  0.000000E+00  0.273585E+07
  0.156179E-02  0.273332E+07  0.273276E+07  0.840407E+06  0.836740E+06  0.000000E+00  0.273330E+07
  0.161473E-02  0.273063E+07  0.273003E+07  0.762726E+06  0.759949E+06  0.000000E+00  0.273061E+07
  0.166946E-02  0.272780E+07  0.272716E+07  0.689318E+06  0.687464E+06  0.000000E+00  0.272778E+07
  0.172605E-02  0.272481E+07  0.272414E+07  0.620724E+06  0.619807E+06  0.000000E+00  0.272479E+07
  0.178455E-02  0.272168E+07  0.272095E+07  0.557431E+06  0.557442E+06  0.000000E+00  0.272165E+07
  0.184504E-02  0.271838E+07  0.271761E+07  0.499849E+06  0.500756E+06  0.000000E+00  0.271836E+07
  0.190758E-02  0.271492E+07  0.271409E+07  0.448293E+06  0.450032E+06  0.000000E+00  0.271489E+07
  0.197223E-02  0.271128E+07  0.271040E+07  0.402957E+06  0.405438E+06  0.000000E+00  0.271125E+07
  0.203908E-02  0.270747E+07  0.270653E+07  0.363900E+06  0.367001E+06  0.000000E+00  0.270744E+07
  0.210820E-02  0.270347E+07  0.270247E+07  0.331025E+06  0.334597E+06  0.000000E+00  0.270344E+07
  0.217966E-02  0.269929E+07  0.269822E+07  0.304070E+06  0.307937E+06  0.000000E+00  0.269925E+07
  0.225354E-02  0.269491E+07  0.269377E+07  0.282603E+06  0.286570E+06  0.000000E+00  0.269487E+07
  0.232992E-02  0.269033E+07  0.268912E+07  0.266023E+06  0.269883E+06  0.000000E+00  0.269029E+07
  0.240889E-02  0.268555E+07  0.268425E+07  0.253578E+06  0.257121E+06  0.000000E+00  0.268551E+07
  0.249054E-02  0.268055E+07  0.267917E+07  0.244387E+06  0.247415E+06  0.000000E+00  0.268051E+07
  0.257496E-02  0.267534E+07  0.267387E+07  0.237479E+06  0.239818E+06  0.000000E+00  0.267529E+07
  0.266224E-02  0.266991E+07  0.266834E+07  0.231846E+06  0.233361E+06  0.000000E+00  0.266986E+07
  0.275248E-02  0.266425E+07  0.266257E+07  0.226501E+06  0.227111E+06  0.000000E+00  0.266419E+07
  0.284577E-02  0.265835E+07  0.265657E+07  0.220546E+06  0.220235E+06  0.000000E+00  0.265829E+07
  0.294223E-02  0.265221E+07  0.265031E+07  0.213247E+06  0.212071E+06  0.000000E+00  0.265215E+07
  0.304196E-02  0.264583E+07  0.264381E+07  0.204095E+06  0.202186E+06  0.000000E+00  0.264577E+07
  0.314506E-02  0.263919E+07  0.263704E+07  0.192865E+06  0.190419E+06  0.000000E+00  0.263912E+07
  0.325166E-02  0.263230E+07  0.263000E+07  0.179646E+06  0.176907E+06  0.000000E+00  0.263222E+07
  0.336188E-02  0.262513E+07  0.262269E+07  0.164842E+06  0.162075E+06  0.000000E+00  0.262506E+07
  0.347583E-02  0.261770E+07  0.261509E+07  0.149137E+06  0.146593E+06  0.000000E+00  0.261761E+07
  0.359365E-02  0.260998E+07  0.260721E+07  0.133419E+06  0.131292E+06  0.000000E+00  0.260989E+07
  0.371545E-02  0.260197E+07  0.259902E+07  0.118665E+06  0.117050E+06  0.000000E+00  0.260188E+07
  0.384139E-02  0.259367E+07  0.259053E+07  0.105797E+06  0.104659E+06  0.000000E+00  0.259357E+07
  0.397159E-02  0.258507E+07  0.258173E+07  0.955297E+05  0.946857E+05  0.000000E+00  0.258497E+07
  0.410621E-02  0.257616E+07  0.257261E+07  0.882325E+05  0.873589E+05  0.000000E+00  0.257605E+07
  0.424539E-02  0.256694E+07  0.256316E+07  0.838318E+05  0.825061E+05  0.000000E+00  0.256682E+07
  0.438929E-02  0.255740E+07  0.255338E+07  0.817903E+05  0.795627E+05  0.000000E+00  0.255727E+07
  0.453806E-02  0.254752E+07  0.254325E+07  0.000000E+00  0.000000E+00  0.000000E+00  0.254739E+07
  0.469188E-02  0.253732E+07  0.253277E+07  0.000000E+00  0.000000E+00  0.000000E+00  0.253717E+07
  0.485091E-02  0.252677E+07  0.252194E+07  0.000000E+00  0.000000E+00  0.000000E+00  0.252662E+07
  0.501534E-02  0.251587E+07  0.251074E+07  0.000000E+00  0.000000E+00  0.000000E+00  0.251571E+07
  0.518533E-02  0.250462E+07  0.249917E+07  0.000000E+00  0.000000E+00  0.000000E+00  0.250445E+07
  0.536109E-02  0.249302E+07  0.248722E+07  0.000000E+00  0.000000E+00  0.000000E+00  0.249283E+07
  0.554280E-02  0.248104E+07  0.247489E+07  0.000000E+00  0.000000E+00  0.000000E+00  0.248085E+07
  0.573068E-02  0.246870E+07  0.246217E+07  0.000000E+00  0.000000E+00  0.000000E+00  0.246849E+07
  0.592492E-02  0.245597E+07  0.244904E+07  0.000000E+00  0.000000E+00  0.000000E+00  0.245575E+07
  0.612574E-02  0.244287E+07  0.243551E+07  0.000000E+00  0.000000E+00  0.000000E+00  0.244263E+07
  0.633338E-02  0.242937E+07  0.242157E+07  0.000000E+00  0.000000E+00  0.000000E+00  0.242913E+07
  0.654805E-02  0.241548E+07  0.240721E+07  0.000000E+00  0.000000E+00  0.000000E+00  0.241522E+07
  0.677000E-02  0.240119E+07  0.239243E+07  0.000000E+00  0.000000E+00  0.000000E+00  0.240092E+07
  0.699947E-02  0.238650E+07  0.237721E+07  0.000000E+00  0.000000E+00  0.000000E+00  0.238621E+07
  0.723671E-02  0.237140E+07  0.236156E+07  0.000000E+00  0.000000E+00  0.000000E+00  0.237109E+07
  0.748200E-02  0.235589E+07  0.234546E+07  0.000000E+00  0.000000E+00  0.000000E+00  0.235556E+07
  0.773561E-02  0.233996E+07  0.232892E+07  0.000000E+00  0.000000E+00  0.000000E+00  0.233961E+07
  0.799781E-02  0.232361E+07  0.231193E+07  0.000000E+00  0.000000E+00  0.000000E+00  0.232324E+07
  0.826889E-02  0.230683E+07  0.229448E+07  0.000000E+00  0.000000E+00  0.000000E+00  0.230644E+07
  0.854917E-02  0.228963E+07  0.227656E+07  0.000000E+00  0.000000E+00  0.000000E+00  0.228922E+07
  0.883894E-02  0.227200E+07  0.225818E+07  0.000000E+00  0.000000E+00  0.000000E+00  0.227156E+07
  0.913854E-02  0.225393E+07  0.223933E+07  0.000000E+00  0.000000E+00  0.000000E+00  0.225347E+07
  0.944829E-02  0.223542E+07  0.222001E+07  0.000000E+00  0.000000E+00  0.000000E+00  0.223494E+07
  0.976854E-02  0.221648E+07  0.220021E+07  0.000000E+00  0.000000E+00  0.000000E+00  0.221597E+07
  0.100996E-01  0.219710E+07  0.217993E+07  0.000000E+00  0.000000E+00  0.000000E+00  0.219656E+07
  0.104420E-01  0.217727E+07  0.215918E+07  0.000000E+00  0.000000E+00  0.000000E+00  0.217670E+07
  0.107959E-01  0.215700E+07  0.213793E+07  0.000000E+00  0.000000E+00  0.000000E+00  0.215640E+07
  0.111618E-01  0.213629E+07  0.211621E+07  0.000000E+00  0.000000E+00  0.000000E+00  0.213566E+07
  0.115402E-01  0.211514E+07  0.209400E+07  0.000000E+00  0.000000E+00  0.000000E+00  0.211447E+07
  0.119313E-01  0.209354E+07  0.207131E+07  0.000000E+00  0.000000E+00  0.000000E+00  0.209284E+07
  0.123357E-01  0.207150E+07  0.204814E+07  0.000000E+00  0.000000E+00  0.000000E+00  0.207077E+07
  0.127539E-01  0.204902E+07  0.202449E+07  0.000000E+00  0.000000E+00  0.000000E+00  0.204825E+07
  0.131862E-01  0.202610E+07  0.200036E+07  0.000000E+00  0.000000E+00  0.000000E+00  0.202529E+07
  0.136331E-01  0.200275E+07  0.197576E+07  0.000000E+00  0.000000E+00  0.000000E+00  0.200190E+07
  0.140952E-01  0.197896E+07  0.195069E+07  0.000000E+00  0.000000E+00  0.000000E+00  0.197807E+07
  0.145730E-01  0.195475E+07  0.192516E+07  0.000000E+00  0.000000E+00  0.000000E+00  0.195382E+07
  0.150669E-01  0.193011E+07  0.189917E+07  0.000000E+00  0.000000E+00  0.000000E+00  0.192914E+07
  0.155776E-01  0.190506E+07  0.187275E+07  0.000000E+00  0.000000E+00  0.000000E+00  0.190404E+07
  0.161056E-01  0.187959E+07  0.184589E+07  0.000000E+00  0.000000E+00  0.000000E+00  0.187853E+07
  0.166515E-01  0.185372E+07  0.181861E+07  0.000000E+00  0.000000E+00  0.000000E+00  0.185262E+07
  0.172159E-01  0.182746E+07  0.179092E+07  0.000000E+00  0.000000E+00  0.000000E+00  0.182631E+07
  0.177994E-01  0.180082E+07  0.176285E+07  0.000000E+00  0.000000E+00  0.000000E+00  0.179962E+07
  0.184028E-01  0.177380E+07  0.173440E+07  0.000000E+00  0.000000E+00  0.000000E+00  0.177256E+07
  0.190265E-01  0.174642E+07  0.170561E+07  0.000000E+00  0.000000E+00  0.000000E+00  0.174514E+07
  0.196714E-01  0.171870E+07  0.167649E+07  0.000000E+00  0.000000E+00  0.000000E+00  0.171737E+07
  0.203382E-01  0.169065E+07  0.164707E+07  0.000000E+00  0.000000E+00  0.000000E+00  0.168928E+07
  0.210276E-01  0.166228E+07  0.161738E+07  0.000000E+00  0.000000E+00  0.000000E+00  0.166087E+07
  0.217403E-01  0.163363E+07  0.158745E+07  0.000000E+00  0.000000E+00  0.000000E+00  0.163217E+07
  0.224772E-01  0.160470E+07  0.155731E+07  0.000000E+00  0.000000E+00  0.000000E+00  0.160321E+07
  0.232390E-01  0.157552E+07  0.152700E+07  0.000000E+00  0.000000E+00  0.000000E+00  0.157400E+07
  0.240267E-01  0.154612E+07  0.149657E+07  0.000000E+00  0.000000E+00  0.000000E+00  0.154456E+07
  0.248411E-01  0.151653E+07  0.146605E+07  0.000000E+00  0.000000E+00  0.000000E+00  0.151494E+07
  0.256831E-01  0.148677E+07  0.143549E+07  0.000000E+00  0.000000E+00  0.000000E+00  0.148515E+07
  0.265537E-01  0.145687E+07  0.140494E+07  0.000000E+00  0.000000E+00  0.000000E+00  0.145523E+07
  0.274537E-01  0.142687E+07  0.137444E+07  0.000000E+00  0.000000E+00  0.000000E+00  0.142522E+07
  0.283842E-01  0.139681E+07  0.134406E+07  0.000000E+00  0.000000E+00  0.000000E+00  0.139515E+07
  0.293463E-01  0.136673E+07  0.131384E+07  0.000000E+00  0.000000E+00  0.000000E+00  0.136506E+07
  0.303410E-01  0.133666E+07  0.128385E+07  0.000000E+00  0.000000E+00  0.000000E+00  0.133499E+07
  0.313694E-01  0.130665E+07  0.125413E+07  0.000000E+00  0.000000E+00  0.000000E+00  0.130499E+07
  0.324327E-01  0.127674E+07  0.122473E+07  0.000000E+00  0.000000E+00  0.000000E+00  0.127510E+07
  0.335320E-01  0.124697E+07  0.119572E+07  0.000000E+00  0.000000E+00  0.000000E+00  0.124536E+07
  0.346686E-01  0.121740E+07  0.116714E+07  0.000000E+00  0.000000E+00  0.000000E+00  0.121582E+07
  0.358437E-01  0.118806E+07  0.113903E+07  0.000000E+00  0.000000E+00  0.000000E+00  0.118652E+07
  0.370586E-01  0.115900E+07  0.111143E+07  0.000000E+00  0.000000E+00  0.000000E+00  0.115750E+07
  0.383147E-01  0.113015E+07  0.108426E+07  0.000000E+00  0.000000E+00  0.000000E+00  0.112870E+07
  0.396134E-01  0.110147E+07  0.105746E+07  0.000000E+00  0.000000E+00  0.000000E+00  0.110008E+07
  0.409561E-01  0.107320E+07  0.103126E+07  0.000000E+00  0.000000E+00  0.000000E+00  0.107188E+07
  0.423443E-01  0.104539E+07  0.100567E+07  0.000000E+00  0.000000E+00  0.000000E+00  0.104414E+07
  0.437796E-01  0.101806E+07  0.980668E+06  0.000000E+00  0.000000E+00  0.000000E+00  0.101688E+07
  0.452635E-01  0.991183E+06  0.956197E+06  0.000000E+00  0.000000E+00  0.000000E+00  0.990081E+06
  0.467977E-01  0.964739E+06  0.932176E+06  0.000000E+00  0.000000E+00  0.000000E+00  0.963713E+06
  0.483839E-01  0.938680E+06  0.908508E+06  0.000000E+00  0.000000E+00  0.000000E+00  0.937730E+06
  0.500239E-01  0.912955E+06  0.885083E+06  0.000000E+00  0.000000E+00  0.000000E+00  0.912077E+06
  0.517194E-01  0.887523E+06  0.861802E+06  0.000000E+00  0.000000E+00  0.000000E+00  0.886713E+06
  0.534725E-01  0.862359E+06  0.838586E+06  0.000000E+00  0.000000E+00  0.000000E+00  0.861610E+06
  0.552850E-01  0.837464E+06  0.815386E+06  0.000000E+00  0.000000E+00  0.000000E+00  0.836769E+06
  0.571588E-01  0.812888E+06  0.792211E+06  0.000000E+00  0.000000E+00  0.000000E+00  0.812236E+06
  0.590963E-01  0.788761E+06  0.769164E+06  0.000000E+00  0.000000E+00  0.000000E+00  0.788144E+06
  0.610993E-01  0.765688E+06  0.746859E+06  0.000000E+00  0.000000E+00  0.000000E+00  0.765095E+06
  0.631703E-01  0.742293E+06  0.723881E+06  0.000000E+00  0.000000E+00  0.000000E+00  0.741713E+06
  0.653114E-01  0.719186E+06  0.700884E+06  0.000000E+00  0.000000E+00  0.000000E+00  0.718610E+06
  0.675252E-01  0.696348E+06  0.677891E+06  0.000000E+00  0.000000E+00  0.000000E+00  0.695767E+06
  0.698139E-01  0.673778E+06  0.654964E+06  0.000000E+00  0.000000E+00  0.000000E+00  0.673185E+06
  0.721803E-01  0.651502E+06  0.632209E+06  0.000000E+00  0.000000E+00  0.000000E+00  0.650894E+06
  0.746268E-01  0.629584E+06  0.609780E+06  0.000000E+00  0.000000E+00  0.000000E+00  0.628960E+06
  0.771564E-01  0.608120E+06  0.587872E+06  0.000000E+00  0.000000E+00  0.000000E+00  0.607482E+06
  0.797716E-01  0.587208E+06  0.566675E+06  0.000000E+00  0.000000E+00  0.000000E+00  0.586561E+06
  0.824755E-01  0.566919E+06  0.546341E+06  0.000000E+00  0.000000E+00  0.000000E+00  0.566271E+06
  0.852709E-01  0.547281E+06  0.526953E+06  0.000000E+00  0.000000E+00  0.000000E+00  0.546640E+06
  0.881612E-01  0.528268E+06  0.508511E+06  0.000000E+00  0.000000E+00  0.000000E+00  0.527646E+06
  0.911495E-01  0.509834E+06  0.490954E+06  0.000000E+00  0.000000E+00  0.000000E+00  0.509239E+06
  0.942390E-01  0.491939E+06  0.474190E+06  0.000000E+00  0.000000E+00  0.000000E+00  0.491380E+06
  0.974333E-01  0.474561E+06  0.458114E+06  0.000000E+00  0.000000E+00  0.000000E+00  0.474043E+06
  0.100736E+00  0.457692E+06  0.442605E+06  0.000000E+00  0.000000E+00  0.000000E+00  0.457217E+06
  0.104150E+00  0.441299E+06  0.427513E+06  0.000000E+00  0.000000E+00  0.000000E+00  0.440864E+06
  0.107680E+00  0.425318E+06  0.412664E+06  0.000000E+00  0.000000E+00  0.000000E+00  0.424919E+06
  0.111330E+00  0.409677E+06  0.397902E+06  0.000000E+00  0.000000E+00  0.000000E+00  0.409306E+06
  0.115104E+00  0.394335E+06  0.383148E+06  0.000000E+00  0.000000E+00  0.000000E+00  0.393983E+06
  0.119005E+00  0.379298E+06  0.368418E+06  0.000000E+00  0.000000E+00  0.000000E+00  0.378955E+06
  0.123039E+00  0.364594E+06  0.353806E+06  0.000000E+00  0.000000E+00  0.000000E+00  0.364254E+06
  0.127209E+00  0.350245E+06  0.339433E+06  0.000000E+00  0.000000E+00  0.000000E+00  0.349905E+06
  0.131521E+00  0.336284E+06  0.325448E+06  0.000000E+00  0.000000E+00  0.000000E+00  0.335942E+06
  0.135979E+00  0.322779E+06  0.312025E+06  0.000000E+00  0.000000E+00  0.000000E+00  0.322440E+06
  0.140588E+00  0.309818E+06  0.299320E+06  0.000000E+00  0.000000E+00  0.000000E+00  0.309488E+06
  0.145353E+00  0.297430E+06  0.287372E+06  0.000000E+00  0.000000E+00  0.000000E+00  0.297114E+06
  0.150280E+00  0.285550E+06  0.276070E+06  0.000000E+00  0.000000E+00  0.000000E+00  0.285251E+06
  0.155374E+00  0.274088E+06  0.265240E+06  0.000000E+00  0.000000E+00  0.000000E+00  0.273809E+06
  0.160640E+00  0.262996E+06  0.254739E+06  0.000000E+00  0.000000E+00  0.000000E+00  0.262736E+06
  0.166085E+00  0.252244E+06  0.244467E+06  0.000000E+00  0.000000E+00  0.000000E+00  0.251999E+06
  0.171715E+00  0.241784E+06  0.234350E+06  0.000000E+00  0.000000E+00  0.000000E+00  0.241550E+06
  0.177535E+00  0.231603E+06  0.224396E+06  0.000000E+00  0.000000E+00  0.000000E+00  0.231376E+06
  0.183553E+00  0.221743E+06  0.214712E+06  0.000000E+00  0.000000E+00  0.000000E+00  0.221521E+06
  0.189774E+00  0.212246E+06  0.205407E+06  0.000000E+00  0.000000E+00  0.000000E+00  0.212030E+06
  0.196206E+00  0.203129E+06  0.196541E+06  0.000000E+00  0.000000E+00  0.000000E+00  0.202922E+06
  0.202857E+00  0.194404E+06  0.188124E+06  0.000000E+00  0.000000E+00  0.000000E+00  0.194206E+06
  0.209733E+00  0.186034E+06  0.180088E+06  0.000000E+00  0.000000E+00  0.000000E+00  0.185846E+06
  0.216842E+00  0.177958E+06  0.172327E+06  0.000000E+00  0.000000E+00  0.000000E+00  0.177780E+06
  0.224192E+00  0.170170E+06  0.164806E+06  0.000000E+00  0.000000E+00  0.000000E+00  0.170001E+06
  0.231791E+00  0.162671E+06  0.157529E+06  0.000000E+00  0.000000E+00  0.000000E+00  0.162509E+06
  0.239647E+00  0.155432E+06  0.150488E+06  0.000000E+00  0.000000E+00  0.000000E+00  0.155276E+06
  0.247770E+00  0.148475E+06  0.143733E+06  0.000000E+00  0.000000E+00  0.000000E+00  0.148326E+06
  0.256168E+00  0.141816E+06  0.137287E+06  0.000000E+00  0.000000E+00  0.000000E+00  0.141673E+06
  0.264851E+00  0.135421E+06  0.131109E+06  0.000000E+00  0.000000E+00  0.000000E+00  0.135285E+06
  0.273828E+00  0.129286E+06  0.125181E+06  0.000000E+00  0.000000E+00  0.000000E+00  0.129157E+06
  0.283110E+00  0.123396E+06  0.119479E+06  0.000000E+00  0.000000E+00  0.000000E+00  0.123272E+06
  0.292706E+00  0.117734E+06  0.113992E+06  0.000000E+00  0.000000E+00  0.000000E+00  0.117616E+06
  0.302627E+00  0.112308E+06  0.108735E+06  0.000000E+00  0.000000E+00  0.000000E+00  0.112196E+06
  0.312884E+00  0.107106E+06  0.103698E+06  0.000000E+00  0.000000E+00  0.000000E+00  0.106998E+06
  0.323490E+00  0.102124E+06  0.988775E+05  0.000000E+00  0.000000E+00  0.000000E+00  0.102022E+06
  0.334454E+00  0.973482E+05  0.942546E+05  0.000000E+00  0.000000E+00  0.000000E+00  0.972508E+05
  0.345791E+00  0.927754E+05  0.898266E+05  0.000000E+00  0.000000E+00  0.000000E+00  0.926825E+05
  0.357512E+00  0.883952E+05  0.855852E+05  0.000000E+00  0.000000E+00  0.000000E+00  0.883067E+05
  0.369629E+00  0.842048E+05  0.815283E+05  0.000000E+00  0.000000E+00  0.000000E+00  0.841205E+05
  0.382158E+00  0.801937E+05  0.776451E+05  0.000000E+00  0.000000E+00  0.000000E+00  0.801134E+05
  0.395111E+00  0.763589E+05  0.739323E+05  0.000000E+00  0.000000E+00  0.000000E+00  0.762825E+05
  0.408504E+00  0.726900E+05  0.703800E+05  0.000000E+00  0.000000E+00  0.000000E+00  0.726172E+05
  0.422350E+00  0.691855E+05  0.669871E+05  0.000000E+00  0.000000E+00  0.000000E+00  0.691163E+05
  0.436666E+00  0.658350E+05  0.637431E+05  0.000000E+00  0.000000E+00  0.000000E+00  0.657691E+05
  0.451466E+00  0.626357E+05  0.606456E+05  0.000000E+00  0.000000E+00  0.000000E+00  0.625731E+05
  0.466769E+00  0.595804E+05  0.576874E+05  0.000000E+00  0.000000E+00  0.000000E+00  0.595207E+05
  0.482590E+00  0.566626E+05  0.548624E+05  0.000000E+00  0.000000E+00  0.000000E+00  0.566059E+05
  0.498948E+00  0.538784E+05  0.521668E+05  0.000000E+00  0.000000E+00  0.000000E+00  0.538245E+05
  0.515859E+00  0.512214E+05  0.495942E+05  0.000000E+00  0.000000E+00  0.000000E+00  0.511702E+05
  0.533344E+00  0.486856E+05  0.471390E+05  0.000000E+00  0.000000E+00  0.000000E+00  0.486369E+05
  0.551422E+00  0.462670E+05  0.447973E+05  0.000000E+00  0.000000E+00  0.000000E+00  0.462207E+05
  0.570113E+00  0.439606E+05  0.425642E+05  0.000000E+00  0.000000E+00  0.000000E+00  0.439166E+05
  0.589437E+00  0.417616E+05  0.404351E+05  0.000000E+00  0.000000E+00  0.000000E+00  0.417198E+05
  0.609416E+00  0.396654E+05  0.384055E+05  0.000000E+00  0.000000E+00  0.000000E+00  0.396257E+05
  0.630072E+00  0.376680E+05  0.364716E+05  0.000000E+00  0.000000E+00  0.000000E+00  0.376303E+05
  0.651428E+00  0.357654E+05  0.346295E+05  0.000000E+00  0.000000E+00  0.000000E+00  0.357296E+05
  0.673509E+00  0.339537E+05  0.328753E+05  0.000000E+00  0.000000E+00  0.000000E+00  0.339197E+05
  0.696337E+00  0.322289E+05  0.312053E+05  0.000000E+00  0.000000E+00  0.000000E+00  0.321966E+05
  0.719940E+00  0.305870E+05  0.296156E+05  0.000000E+00  0.000000E+00  0.000000E+00  0.305564E+05
  0.744342E+00  0.290243E+05  0.281026E+05  0.000000E+00  0.000000E+00  0.000000E+00  0.289953E+05
  0.769572E+00  0.275370E+05  0.266626E+05  0.000000E+00  0.000000E+00  0.000000E+00  0.275095E+05
  0.795656E+00  0.261218E+05  0.252923E+05  0.000000E+00  0.000000E+00  0.000000E+00  0.260957E+05
  0.822625E+00  0.247754E+05  0.239887E+05  0.000000E+00  0.000000E+00  0.000000E+00  0.247507E+05
  0.850508E+00  0.234949E+05  0.227488E+05  0.000000E+00  0.000000E+00  0.000000E+00  0.234714E+05
  0.879336E+00  0.222773E+05  0.215699E+05  0.000000E+00  0.000000E+00  0.000000E+00  0.222550E+05
  0.909141E+00  0.211200E+05  0.204493E+05  0.000000E+00  0.000000E+00  0.000000E+00  0.210988E+05
  0.939957E+00  0.200202E+05  0.193845E+05  0.000000E+00  0.000000E+00  0.000000E+00  0.200002E+05
  0.971817E+00  0.189751E+05  0.183726E+05  0.000000E+00  0.000000E+00  0.000000E+00  0.189561E+05
  0.100476E+01  0.179820E+05  0.174111E+05  0.000000E+00  0.000000E+00  0.000000E+00  0.179640E+05
  0.103881E+01  0.170386E+05  0.164977E+05  0.000000E+00  0.000000E+00  0.000000E+00  0.170216E+05
  0.107402E+01  0.161425E+05  0.156299E+05  0.000000E+00  0.000000E+00  0.000000E+00  0.161263E+05
  0.111043E+01  0.152916E+05  0.148061E+05  0.000000E+00  0.000000E+00  0.000000E+00  0.152763E+05
  0.114807E+01  0.144838E+05  0.140239E+05  0.000000E+00  0.000000E+00  0.000000E+00  0.144693E+05
  0.118698E+01  0.137171E+05  0.132816E+05  0.000000E+00  0.000000E+00  0.000000E+00  0.137034E+05
  0.122721E+01  0.129894E+05  0.125770E+05  0.000000E+00  0.000000E+00  0.000000E+00  0.129764E+05
  0.126881E+01  0.122987E+05  0.119083E+05  0.000000E+00  0.000000E+00  0.000000E+00  0.122864E+05
  0.131182E+01  0.116434E+05  0.112738E+05  0.000000E+00  0.000000E+00  0.000000E+00  0.116318E+05
  0.135628E+01  0.110218E+05  0.106719E+05  0.000000E+00  0.000000E+00  0.000000E+00  0.110107E+05
  0.140225E+01  0.104322E+05  0.101010E+05  0.000000E+00  0.000000E+00  0.000000E+00  0.104217E+05
  0.144978E+01  0.987295E+04  0.955952E+04  0.000000E+00  0.000000E+00  0.000000E+00  0.986308E+04
  0.149892E+01  0.934263E+04  0.904604E+04  0.000000E+00  0.000000E+00  0.000000E+00  0.933329E+04
  0.154973E+01  0.883981E+04  0.855918E+04  0.000000E+00  0.000000E+00  0.000000E+00  0.883097E+04
  0.160226E+01  0.836315E+04  0.809766E+04  0.000000E+00  0.000000E+00  0.000000E+00  0.835479E+04
  0.165656E+01  0.791140E+04  0.766024E+04  0.000000E+00  0.000000E+00  0.000000E+00  0.790349E+04
  0.171271E+01  0.748322E+04  0.724566E+04  0.000000E+00  0.000000E+00  0.000000E+00  0.747574E+04
  0.177077E+01  0.707750E+04  0.685282E+04  0.000000E+00  0.000000E+00  0.000000E+00  0.707043E+04
  0.183079E+01  0.669312E+04  0.648064E+04  0.000000E+00  0.000000E+00  0.000000E+00  0.668642E+04
  0.189284E+01  0.632900E+04  0.612808E+04  0.000000E+00  0.000000E+00  0.000000E+00  0.632267E+04
  0.195700E+01  0.598409E+04  0.579412E+04  0.000000E+00  0.000000E+00  0.000000E+00  0.597811E+04
  0.202333E+01  0.565747E+04  0.547786E+04  0.000000E+00  0.000000E+00  0.000000E+00  0.565181E+04
  0.209191E+01  0.534816E+04  0.517837E+04  0.000000E+00  0.000000E+00  0.000000E+00  0.534281E+04
  0.216282E+01  0.505529E+04  0.489480E+04  0.000000E+00  0.000000E+00  0.000000E+00  0.505024E+04
  0.223613E+01  0.477801E+04  0.462632E+04  0.000000E+00  0.000000E+00  0.000000E+00  0.477323E+04
  0.231192E+01  0.451552E+04  0.437217E+04  0.000000E+00  0.000000E+00  0.000000E+00  0.451101E+04
  0.239028E+01  0.426706E+04  0.413160E+04  0.000000E+00  0.000000E+00  0.000000E+00  0.426280E+04
  0.247130E+01  0.403192E+04  0.390391E+04  0.000000E+00  0.000000E+00  0.000000E+00  0.402788E+04
  0.255507E+01  0.380939E+04  0.368845E+04  0.000000E+00  0.000000E+00  0.000000E+00  0.380558E+04
  0.264167E+01  0.359884E+04  0.348458E+04  0.000000E+00  0.000000E+00  0.000000E+00  0.359524E+04
  0.273121E+01  0.339965E+04  0.329171E+04  0.000000E+00  0.000000E+00  0.000000E+00  0.339625E+04
  0.282379E+01  0.321122E+04  0.310926E+04  0.000000E+00  0.000000E+00  0.000000E+00  0.320801E+04
  0.291950E+01  0.303300E+04  0.293670E+04  0.000000E+00  0.000000E+00  0.000000E+00  0.302996E+04
  0.301846E+01  0.286443E+04  0.277348E+04  0.000000E+00  0.000000E+00  0.000000E+00  0.286157E+04
  0.312077E+01  0.270503E+04  0.261914E+04  0.000000E+00  0.000000E+00  0.000000E+00  0.270232E+04
  0.322655E+01  0.255429E+04  0.247318E+04  0.000000E+00  0.000000E+00  0.000000E+00  0.255174E+04
  0.333591E+01  0.241176E+04  0.233518E+04  0.000000E+00  0.000000E+00  0.000000E+00  0.240935E+04
  0.344898E+01  0.227701E+04  0.220470E+04  0.000000E+00  0.000000E+00  0.000000E+00  0.227473E+04
  0.356588E+01  0.214962E+04  0.208135E+04  0.000000E+00  0.000000E+00  0.000000E+00  0.214747E+04
  0.368675E+01  0.202921E+04  0.196476E+04  0.000000E+00  0.000000E+00  0.000000E+00  0.202718E+04
  0.381172E+01  0.191540E+04  0.185456E+04  0.000000E+00  0.000000E+00  0.000000E+00  0.191348E+04
  0.394091E+01  0.180785E+04  0.175043E+04  0.000000E+00  0.000000E+00  0.000000E+00  0.180604E+04
  0.407449E+01  0.170622E+04  0.165202E+04  0.000000E+00  0.000000E+00  0.000000E+00  0.170451E+04
  0.421259E+01  0.161020E+04  0.155905E+04  0.000000E+00  0.000000E+00  0.000000E+00  0.160859E+04
  0.435538E+01  0.151947E+04  0.147120E+04  0.000000E+00  0.000000E+00  0.000000E+00  0.151795E+04
  0.450301E+01  0.143376E+04  0.138821E+04  0.000000E+00  0.000000E+00  0.000000E+00  0.143233E+04
  0.465564E+01  0.135279E+04  0.130980E+04  0.000000E+00  0.000000E+00  0.000000E+00  0.135143E+04
  0.481344E+01  0.127630E+04  0.123575E+04  0.000000E+00  0.000000E+00  0.000000E+00  0.127503E+04
  0.497659E+01  0.120406E+04  0.116580E+04  0.000000E+00  0.000000E+00  0.000000E+00  0.120286E+04
  0.514527E+01  0.113584E+04  0.109974E+04  0.000000E+00  0.000000E+00  0.000000E+00  0.113470E+04
  0.531968E+01  0.107142E+04  0.103736E+04  0.000000E+00  0.000000E+00  0.000000E+00  0.107034E+04
  0.549998E+01  0.101059E+04  0.978460E+03  0.000000E+00  0.000000E+00  0.000000E+00  0.100958E+04
  0.568641E+01  0.953153E+03  0.922847E+03  0.000000E+00  0.000000E+00  0.000000E+00  0.952199E+03
  0.587915E+01  0.898927E+03  0.870341E+03  0.000000E+00  0.000000E+00  0.000000E+00  0.898027E+03
  0.607843E+01  0.847731E+03  0.820769E+03  0.000000E+00  0.000000E+00  0.000000E+00  0.846882E+03
  0.628446E+01  0.799402E+03  0.773973E+03  0.000000E+00  0.000000E+00  0.000000E+00  0.798601E+03
  0.649747E+01  0.753786E+03  0.729804E+03  0.000000E+00  0.000000E+00  0.000000E+00  0.753031E+03
  0.671770E+01  0.710732E+03  0.688116E+03  0.000000E+00  0.000000E+00  0.000000E+00  0.710020E+03
  0.694539E+01  0.670102E+03  0.648775E+03  0.000000E+00  0.000000E+00  0.000000E+00  0.669431E+03
  0.718081E+01  0.631759E+03  0.611648E+03  0.000000E+00  0.000000E+00  0.000000E+00  0.631126E+03
  0.742420E+01  0.595577E+03  0.576613E+03  0.000000E+00  0.000000E+00  0.000000E+00  0.594979E+03
  0.767585E+01  0.561433E+03  0.543552E+03  0.000000E+00  0.000000E+00  0.000000E+00  0.560870E+03
  0.793602E+01  0.529218E+03  0.512358E+03  0.000000E+00  0.000000E+00  0.000000E+00  0.528687E+03
  0.820502E+01  0.498825E+03  0.482929E+03  0.000000E+00  0.000000E+00  0.000000E+00  0.498324E+03
  0.848312E+01  0.470154E+03  0.455167E+03  0.000000E+00  0.000000E+00  0.000000E+00  0.469682E+03
  0.877066E+01  0.443109E+03  0.428980E+03  0.000000E+00  0.000000E+00  0.000000E+00  0.442664E+03
  0.906794E+01  0.417598E+03  0.404278E+03  0.000000E+00  0.000000E+00  0.000000E+00  0.417178E+03
  0.937530E+01  0.393534E+03  0.380977E+03  0.000000E+00  0.000000E+00  0.000000E+00  0.393138E+03
  0.969308E+01  0.370838E+03  0.359000E+03  0.000000E+00  0.000000E+00  0.000000E+00  0.370465E+03
  0.100216E+02  0.349433E+03  0.338274E+03  0.000000E+00  0.000000E+00  0.000000E+00  0.349082E+03
  0.103613E+02  0.329249E+03  0.318730E+03  0.000000E+00  0.000000E+00  0.000000E+00  0.328917E+03
  0.107125E+02  0.310216E+03  0.300301E+03  0.000000E+00  0.000000E+00  0.000000E+00  0.309904E+03
  0.110756E+02  0.292269E+03  0.282922E+03  0.000000E+00  0.000000E+00  0.000000E+00  0.291975E+03
  0.114510E+02  0.275347E+03  0.266537E+03  0.000000E+00  0.000000E+00  0.000000E+00  0.275070E+03
  0.118392E+02  0.259392E+03  0.251087E+03  0.000000E+00  0.000000E+00  0.000000E+00  0.259130E+03
  0.122404E+02  0.244351E+03  0.236523E+03  0.000000E+00  0.000000E+00  0.000000E+00  0.244104E+03
  0.126553E+02  0.230172E+03  0.222793E+03  0.000000E+00  0.000000E+00  0.000000E+00  0.229940E+03
  0.130843E+02  0.216806E+03  0.209851E+03  0.000000E+00  0.000000E+00  0.000000E+00  0.216587E+03
  0.135278E+02  0.204207E+03  0.197651E+03  0.000000E+00  0.000000E+00  0.000000E+00  0.204000E+03
  0.139863E+02  0.192331E+03  0.186151E+03  0.000000E+00  0.000000E+00  0.000000E+00  0.192136E+03
  0.144604E+02  0.181138E+03  0.175313E+03  0.000000E+00  0.000000E+00  0.000000E+00  0.180955E+03
  0.149505E+02  0.170590E+03  0.165099E+03  0.000000E+00  0.000000E+00  0.000000E+00  0.170417E+03
  0.154573E+02  0.160649E+03  0.155472E+03  0.000000E+00  0.000000E+00  0.000000E+00  0.160486E+03
  0.159812E+02  0.151280E+03  0.146400E+03  0.000000E+00  0.000000E+00  0.000000E+00  0.151127E+03
  0.165229E+02  0.142452E+03  0.137852E+03  0.000000E+00  0.000000E+00  0.000000E+00  0.142307E+03
  0.170829E+02  0.134134E+03  0.129797E+03  0.000000E+00  0.000000E+00  0.000000E+00  0.133998E+03
  0.176619E+02  0.126297E+03  0.122208E+03  0.000000E+00  0.000000E+00  0.000000E+00  0.126168E+03
  0.182606E+02  0.118913E+03  0.115058E+03  0.000000E+00  0.000000E+00  0.000000E+00  0.118791E+03
  0.188795E+02  0.111955E+03  0.108320E+03  0.000000E+00  0.000000E+00  0.000000E+00  0.111841E+03
  0.195195E+02  0.105401E+03  0.101974E+03  0.000000E+00  0.000000E+00  0.000000E+00  0.105293E+03
  0.201811E+02  0.992272E+02  0.959951E+02  0.000000E+00  0.000000E+00  0.000000E+00  0.991254E+02
  0.208651E+02  0.934109E+02  0.903628E+02  0.000000E+00  0.000000E+00  0.000000E+00  0.933148E+02
  0.215723E+02  0.879321E+02  0.850573E+02  0.000000E+00  0.000000E+00  0.000000E+00  0.878416E+02
  0.223035E+02  0.827717E+02  0.800601E+02  0.000000E+00  0.000000E+00  0.000000E+00  0.826863E+02
  0.230595E+02  0.779115E+02  0.753536E+02  0.000000E+00  0.000000E+00  0.000000E+00  0.778310E+02
  0.238411E+02  0.733337E+02  0.709204E+02  0.000000E+00  0.000000E+00  0.000000E+00  0.732577E+02
  0.246492E+02  0.690224E+02  0.667453E+02  0.000000E+00  0.000000E+00  0.000000E+00  0.689507E+02
  0.254847E+02  0.649623E+02  0.628135E+02  0.000000E+00  0.000000E+00  0.000000E+00  0.648946E+02
  0.263485E+02  0.611389E+02  0.591109E+02  0.000000E+00  0.000000E+00  0.000000E+00  0.610750E+02
  0.272416E+02  0.575384E+02  0.556240E+02  0.000000E+00  0.000000E+00  0.000000E+00  0.574781E+02
  0.281650E+02  0.541480E+02  0.523407E+02  0.000000E+00  0.000000E+00  0.000000E+00  0.540911E+02
  0.291196E+02  0.509558E+02  0.492493E+02  0.000000E+00  0.000000E+00  0.000000E+00  0.509021E+02
  0.301066E+02  0.479500E+02  0.463383E+02  0.000000E+00  0.000000E+00  0.000000E+00  0.478993E+02
  0.311271E+02  0.451200E+02  0.435976E+02  0.000000E+00  0.000000E+00  0.000000E+00  0.450721E+02
  0.321822E+02  0.424557E+02  0.410173E+02  0.000000E+00  0.000000E+00  0.000000E+00  0.424104E+02
  0.332730E+02  0.399474E+02  0.385880E+02  0.000000E+00  0.000000E+00  0.000000E+00  0.399046E+02
  0.344008E+02  0.375859E+02  0.363009E+02  0.000000E+00  0.000000E+00  0.000000E+00  0.375455E+02
  0.355668E+02  0.353631E+02  0.341481E+02  0.000000E+00  0.000000E+00  0.000000E+00  0.353248E+02
  0.367723E+02  0.332705E+02  0.321214E+02  0.000000E+00  0.000000E+00  0.000000E+00  0.332343E+02
  0.380187E+02  0.313008E+02  0.302136E+02  0.000000E+00  0.000000E+00  0.000000E+00  0.312665E+02
  0.393074E+02  0.294468E+02  0.284179E+02  0.000000E+00  0.000000E+00  0.000000E+00  0.294144E+02
  0.406397E+02  0.277017E+02  0.267277E+02  0.000000E+00  0.000000E+00  0.000000E+00  0.276710E+02
  0.420172E+02  0.260592E+02  0.251367E+02  0.000000E+00  0.000000E+00  0.000000E+00  0.260301E+02
  0.434414E+02  0.245133E+02  0.236394E+02  0.000000E+00  0.000000E+00  0.000000E+00  0.244858E+02
  0.449138E+02  0.230585E+02  0.222302E+02  0.000000E+00  0.000000E+00  0.000000E+00  0.230324E+02
  0.464362E+02  0.216893E+02  0.209040E+02  0.000000E+00  0.000000E+00  0.000000E+00  0.216646E+02
  0.480101E+02  0.204009E+02  0.196559E+02  0.000000E+00  0.000000E+00  0.000000E+00  0.203774E+02
  0.496375E+02  0.191883E+02  0.184813E+02  0.000000E+00  0.000000E+00  0.000000E+00  0.191661E+02
  0.513199E+02  0.180474E+02  0.173761E+02  0.000000E+00  0.000000E+00  0.000000E+00  0.180262E+02
  0.530594E+02  0.169737E+02  0.163360E+02  0.000000E+00  0.000000E+00  0.000000E+00  0.169537E+02
  0.548579E+02  0.159635E+02  0.153573E+02  0.000000E+00  0.000000E+00  0.000000E+00  0.159444E+02
  0.567173E+02  0.150130E+02  0.144365E+02  0.000000E+00  0.000000E+00  0.000000E+00  0.149948E+02
  0.586397E+02  0.141186E+02  0.135700E+02  0.000000E+00  0.000000E+00  0.000000E+00  0.141014E+02
  0.606273E+02  0.132772E+02  0.127548E+02  0.000000E+00  0.000000E+00  0.000000E+00  0.132607E+02
  0.626823E+02  0.124856E+02  0.119878E+02  0.000000E+00  0.000000E+00  0.000000E+00  0.124699E+02
  0.648069E+02  0.117408E+02  0.112662E+02  0.000000E+00  0.000000E+00  0.000000E+00  0.117258E+02
  0.670036E+02  0.110401E+02  0.105872E+02  0.000000E+00  0.000000E+00  0.000000E+00  0.110258E+02
  0.692747E+02  0.103810E+02  0.994856E+01  0.000000E+00  0.000000E+00  0.000000E+00  0.103673E+02
  0.716227E+02  0.976091E+01  0.934771E+01  0.000000E+00  0.000000E+00  0.000000E+00  0.974789E+01
  0.740504E+02  0.917763E+01  0.878249E+01  0.000000E+00  0.000000E+00  0.000000E+00  0.916519E+01
  0.765604E+02  0.862897E+01  0.825079E+01  0.000000E+00  0.000000E+00  0.000000E+00  0.861706E+01
  0.791553E+02  0.811289E+01  0.775065E+01  0.000000E+00  0.000000E+00  0.000000E+00  0.810148E+01
  0.818384E+02  0.762746E+01  0.728019E+01  0.000000E+00  0.000000E+00  0.000000E+00  0.761653E+01
  0.846122E+02  0.717089E+01  0.683768E+01  0.000000E+00  0.000000E+00  0.000000E+00  0.716040E+01
  0.874802E+02  0.674146E+01  0.642146E+01  0.000000E+00  0.000000E+00  0.000000E+00  0.673138E+01
  0.904453E+02  0.633757E+01  0.602998E+01  0.000000E+00  0.000000E+00  0.000000E+00  0.632788E+01
  0.935109E+02  0.595773E+01  0.566179E+01  0.000000E+00  0.000000E+00  0.000000E+00  0.594841E+01
  0.966806E+02  0.560047E+01  0.531549E+01  0.000000E+00  0.000000E+00  0.000000E+00  0.559150E+01
  0.999576E+02  0.526452E+01  0.498982E+01  0.000000E+00  0.000000E+00  0.000000E+00  0.525587E+01
  0.103346E+03  0.494858E+01  0.468354E+01  0.000000E+00  0.000000E+00  0.000000E+00  0.494023E+01
  0.106849E+03  0.465146E+01  0.439550E+01  0.000000E+00  0.000000E+00  0.000000E+00  0.464340E+01
  0.110470E+03  0.437208E+01  0.412464E+01  0.000000E+00  0.000000E+00  0.000000E+00  0.436428E+01
  0.114215E+03  0.410936E+01  0.386994E+01  0.000000E+00  0.000000E+00  0.000000E+00  0.410182E+01
  0.118086E+03  0.386232E+01  0.363043E+01  0.000000E+00  0.000000E+00  0.000000E+00  0.385502E+01
  0.122089E+03  0.363002E+01  0.340521E+01  0.000000E+00  0.000000E+00  0.000000E+00  0.362294E+01
  0.126227E+03  0.341161E+01  0.319346E+01  0.000000E+00  0.000000E+00  0.000000E+00  0.340474E+01
  0.130505E+03  0.320625E+01  0.299436E+01  0.000000E+00  0.000000E+00  0.000000E+00  0.319958E+01
  0.134928E+03  0.301317E+01  0.280717E+01  0.000000E+00  0.000000E+00  0.000000E+00  0.300668E+01
  0.139502E+03  0.283162E+01  0.263117E+01  0.000000E+00  0.000000E+00  0.000000E+00  0.282531E+01
  0.144230E+03  0.266095E+01  0.246573E+01  0.000000E+00  0.000000E+00  0.000000E+00  0.265480E+01
  0.149119E+03  0.250049E+01  0.231019E+01  0.000000E+00  0.000000E+00  0.000000E+00  0.249450E+01
  0.154173E+03  0.234964E+01  0.216398E+01  0.000000E+00  0.000000E+00  0.000000E+00  0.234379E+01
  0.159399E+03  0.220782E+01  0.202655E+01  0.000000E+00  0.000000E+00  0.000000E+00  0.220211E+01
  0.164802E+03  0.207450E+01  0.189737E+01  0.000000E+00  0.000000E+00  0.000000E+00  0.206892E+01
  0.170388E+03  0.194917E+01  0.177597E+01  0.000000E+00  0.000000E+00  0.000000E+00  0.194372E+01
  0.176164E+03  0.183136E+01  0.166187E+01  0.000000E+00  0.000000E+00  0.000000E+00  0.182602E+01
  0.182135E+03  0.172061E+01  0.155465E+01  0.000000E+00  0.000000E+00  0.000000E+00  0.171539E+01
  0.188308E+03  0.161652E+01  0.145391E+01  0.000000E+00  0.000000E+00  0.000000E+00  0.161139E+01
  0.194691E+03  0.151867E+01  0.135925E+01  0.000000E+00  0.000000E+00  0.000000E+00  0.151365E+01
  0.201290E+03  0.142669E+01  0.127032E+01  0.000000E+00  0.000000E+00  0.000000E+00  0.142177E+01
