  0.108800E-04  0.499802E+07  0.499802E+07  0.666317E+07  0.666316E+07  0.000000E+00  0.499802E+07
  0.112487E-04  0.499802E+07  0.499802E+07  0.666311E+07  0.666310E+07  0.000000E+00  0.499802E+07
  0.116300E-04  0.499802E+07  0.499802E+07  0.666304E+07  0.666304E+07  0.000000E+00  0.499802E+07
  0.120242E-04  0.499802E+07  0.499802E+07  0.666298E+07  0.666297E+07  0.000000E+00  0.499802E+07
  0.124318E-04  0.499802E+07  0.499802E+07  0.666290E+07  0.666290E+07  0.000000E+00  0.499802E+07
  0.128531E-04  0.499802E+07  0.499802E+07  0.666282E+07  0.666282E+07  0.000000E+00  0.499802E+07
  0.132888E-04  0.499801E+07  0.499801E+07  0.666274E+07  0.666273E+07  0.000000E+00  0.499801E+07
  0.137392E-04  0.499801E+07  0.499801E+07  0.666265E+07  0.666264E+07  0.000000E+00  0.499801E+07
  0.142049E-04  0.499801E+07  0.499801E+07  0.666256E+07  0.666255E+07  0.000000E+00  0.499801E+07
  0.146864E-04  0.499801E+07  0.499801E+07  0.666246E+07  0.666245E+07  0.000000E+00  0.499801E+07
  0.151842E-04  0.499801E+07  0.499801E+07  0.666235E+07  0.666234E+07  0.000000E+00  0.499801E+07
  0.156989E-04  0.499801E+07  0.499801E+07  0.666223E+07  0.666222E+07  0.000000E+00  0.499801E+07
  0.162310E-04  0.499801E+07  0.499801E+07  0.666211E+07  0.666210E+07  0.000000E+00  0.499801E+07
  0.167811E-04  0.499801E+07  0.499801E+07  0.666198E+07  0.666196E+07  0.000000E+00  0.499801E+07
  0.173499E-04  0.499801E+07  0.499801E+07  0.666184E+07  0.666182E+07  0.000000E+00  0.499801E+07
  0.179380E-04  0.499801E+07  0.499801E+07  0.666168E+07  0.666167E+07  0.000000E+00  0.499801E+07
  0.185460E-04  0.499801E+07  0.499801E+07  0.666152E+07  0.666151E+07  0.000000E+00  0.499801E+07
  0.191746E-04  0.499801E+07  0.499801E+07  0.666135E+07  0.666133E+07  0.000000E+00  0.499801E+07
  0.198246E-04  0.499800E+07  0.499800E+07  0.666116E+07  0.666115E+07  0.000000E+00  0.499800E+07
  0.204965E-04  0.499800E+07  0.499800E+07  0.666097E+07  0.666095E+07  0.000000E+00  0.499800E+07
  0.211913E-04  0.499800E+07  0.499800E+07  0.666076E+07  0.666074E+07  0.000000E+00  0.499800E+07
  0.219095E-04  0.499800E+07  0.499800E+07  0.666053E+07  0.666051E+07  0.000000E+00  0.499800E+07
  0.226522E-04  0.499800E+07  0.499800E+07  0.666029E+07  0.666027E+07  0.000000E+00  0.499800E+07
  0.234200E-04  0.499800E+07  0.499800E+07  0.666003E+07  0.666001E+07  0.000000E+00  0.499800E+07
  0.242138E-04  0.499800E+07  0.499800E+07  0.665976E+07  0.665973E+07  0.000000E+00  0.499800E+07
  0.250345E-04  0.499800E+07  0.499799E+07  0.665946E+07  0.665943E+07  0.000000E+00  0.499800E+07
  0.258831E-04  0.499799E+07  0.499799E+07  0.665915E+07  0.665912E+07  0.000000E+00  0.499799E+07
  0.267604E-04  0.499799E+07  0.499799E+07  0.665881E+07  0.665878E+07  0.000000E+00  0.499799E+07
  0.276674E-04  0.499799E+07  0.499799E+07  0.665845E+07  0.665842E+07  0.000000E+00  0.499799E+07
  0.286052E-04  0.499799E+07  0.499799E+07  0.665807E+07  0.665803E+07  0.000000E+00  0.499799E+07
  0.295748E-04  0.499798E+07  0.499798E+07  0.665765E+07  0.665762E+07  0.000000E+00  0.499798E+07
  0.305772E-04  0.499798E+07  0.499798E+07  0.665722E+07  0.665717E+07  0.000000E+00  0.499798E+07
  0.316136E-04  0.499798E+07  0.499798E+07  0.665675E+07  0.665670E+07  0.000000E+00  0.499798E+07
  0.326852E-04  0.499798E+07  0.499798E+07  0.665624E+07  0.665620E+07  0.000000E+00  0.499798E+07
  0.337931E-04  0.499797E+07  0.499797E+07  0.665571E+07  0.665566E+07  0.000000E+00  0.499797E+07
  0.349385E-04  0.499797E+07  0.499797E+07  0.665513E+07  0.665508E+07  0.000000E+00  0.499797E+07
  0.361227E-04  0.499796E+07  0.499796E+07  0.665452E+07  0.665446E+07  0.000000E+00  0.499796E+07
  0.373471E-04  0.499796E+07  0.499796E+07  0.665387E+07  0.665381E+07  0.000000E+00  0.499796E+07
  0.386130E-04  0.499796E+07  0.499796E+07  0.665317E+07  0.665310E+07  0.000000E+00  0.499796E+07
  0.399218E-04  0.499795E+07  0.499795E+07  0.665242E+07  0.665235E+07  0.000000E+00  0.499795E+07
  0.412749E-04  0.499795E+07  0.499795E+07  0.665162E+07  0.665154E+07  0.000000E+00  0.499795E+07
  0.426740E-04  0.499794E+07  0.499794E+07  0.665076E+07  0.665068E+07  0.000000E+00  0.499794E+07
  0.441204E-04  0.499794E+07  0.499794E+07  0.664985E+07  0.664976E+07  0.000000E+00  0.499794E+07
  0.456159E-04  0.499793E+07  0.499793E+07  0.664887E+07  0.664878E+07  0.000000E+00  0.499793E+07
  0.471620E-04  0.499792E+07  0.499792E+07  0.664783E+07  0.664773E+07  0.000000E+00  0.499792E+07
  0.487606E-04  0.499792E+07  0.499792E+07  0.664671E+07  0.664661E+07  0.000000E+00  0.499792E+07
  0.504133E-04  0.499791E+07  0.499791E+07  0.664552E+07  0.664541E+07  0.000000E+00  0.499791E+07
  0.521221E-04  0.499790E+07  0.499790E+07  0.664425E+07  0.664413E+07  0.000000E+00  0.499790E+07
  0.538888E-04  0.499790E+07  0.499790E+07  0.664289E+07  0.664276E+07  0.000000E+00  0.499790E+07
  0.557153E-04  0.499789E+07  0.499789E+07  0.664143E+07  0.664130E+07  0.000000E+00  0.499789E+07
  0.576038E-04  0.499788E+07  0.499788E+07  0.663988E+07  0.663973E+07  0.000000E+00  0.499788E+07
  0.595563E-04  0.499787E+07  0.499787E+07  0.663821E+07  0.663806E+07  0.000000E+00  0.499787E+07
  0.615750E-04  0.499786E+07  0.499786E+07  0.663644E+07  0.663627E+07  0.000000E+00  0.499786E+07
  0.636621E-04  0.499784E+07  0.499784E+07  0.663454E+07  0.663436E+07  0.000000E+00  0.499784E+07
  0.658199E-04  0.499783E+07  0.499783E+07  0.663251E+07  0.663232E+07  0.000000E+00  0.499783E+07
  0.680509E-04  0.499782E+07  0.499782E+07  0.663034E+07  0.663014E+07  0.000000E+00  0.499782E+07
  0.703575E-04  0.499781E+07  0.499781E+07  0.662803E+07  0.662781E+07  0.000000E+00  0.499781E+07
  0.727422E-04  0.499779E+07  0.499779E+07  0.662555E+07  0.662532E+07  0.000000E+00  0.499779E+07
  0.752079E-04  0.499778E+07  0.499777E+07  0.662291E+07  0.662266E+07  0.000000E+00  0.499778E+07
  0.777570E-04  0.499776E+07  0.499776E+07  0.662008E+07  0.661982E+07  0.000000E+00  0.499776E+07
  0.803926E-04  0.499774E+07  0.499774E+07  0.661706E+07  0.661678E+07  0.000000E+00  0.499774E+07
  0.831175E-04  0.499772E+07  0.499772E+07  0.661383E+07  0.661354E+07  0.000000E+00  0.499772E+07
  0.859348E-04  0.499770E+07  0.499770E+07  0.661039E+07  0.661007E+07  0.000000E+00  0.499770E+07
  0.888476E-04  0.499768E+07  0.499768E+07  0.660670E+07  0.660636E+07  0.000000E+00  0.499768E+07
  0.918591E-04  0.499765E+07  0.499765E+07  0.660277E+07  0.660240E+07  0.000000E+00  0.499765E+07
  0.949726E-04  0.499763E+07  0.499763E+07  0.659856E+07  0.659818E+07  0.000000E+00  0.499763E+07
  0.981917E-04  0.499760E+07  0.499760E+07  0.659407E+07  0.659366E+07  0.000000E+00  0.499760E+07
  0.101520E-03  0.499757E+07  0.499757E+07  0.658928E+07  0.658883E+07  0.000000E+00  0.499757E+07
  0.104961E-03  0.499754E+07  0.499754E+07  0.658415E+07  0.658368E+07  0.000000E+00  0.499754E+07
  0.108519E-03  0.499751E+07  0.499751E+07  0.657868E+07  0.657817E+07  0.000000E+00  0.499751E+07
  0.112197E-03  0.499747E+07  0.499747E+07  0.657283E+07  0.657229E+07  0.000000E+00  0.499747E+07
  0.116000E-03  0.499744E+07  0.499743E+07  0.656659E+07  0.656601E+07  0.000000E+00  0.499744E+07
  0.119932E-03  0.499740E+07  0.499739E+07  0.655992E+07  0.655931E+07  0.000000E+00  0.499739E+07
  0.123997E-03  0.499735E+07  0.499735E+07  0.655280E+07  0.655214E+07  0.000000E+00  0.499735E+07
  0.128200E-03  0.499731E+07  0.499730E+07  0.654519E+07  0.654450E+07  0.000000E+00  0.499730E+07
  0.132545E-03  0.499726E+07  0.499725E+07  0.653708E+07  0.653633E+07  0.000000E+00  0.499726E+07
  0.137038E-03  0.499720E+07  0.499720E+07  0.652841E+07  0.652761E+07  0.000000E+00  0.499720E+07
  0.141683E-03  0.499715E+07  0.499714E+07  0.651915E+07  0.651830E+07  0.000000E+00  0.499715E+07
  0.146485E-03  0.499709E+07  0.499708E+07  0.650928E+07  0.650837E+07  0.000000E+00  0.499709E+07
  0.151450E-03  0.499702E+07  0.499702E+07  0.649873E+07  0.649777E+07  0.000000E+00  0.499702E+07
  0.156583E-03  0.499695E+07  0.499695E+07  0.648748E+07  0.648645E+07  0.000000E+00  0.499695E+07
  0.161891E-03  0.499688E+07  0.499688E+07  0.647547E+07  0.647437E+07  0.000000E+00  0.499688E+07
  0.167378E-03  0.499680E+07  0.499680E+07  0.646266E+07  0.646149E+07  0.000000E+00  0.499680E+07
  0.173051E-03  0.499672E+07  0.499671E+07  0.644899E+07  0.644774E+07  0.000000E+00  0.499672E+07
  0.178917E-03  0.499663E+07  0.499662E+07  0.643440E+07  0.643307E+07  0.000000E+00  0.499663E+07
  0.184981E-03  0.499653E+07  0.499653E+07  0.641885E+07  0.641743E+07  0.000000E+00  0.499653E+07
  0.191251E-03  0.499643E+07  0.499643E+07  0.640226E+07  0.640075E+07  0.000000E+00  0.499643E+07
  0.197734E-03  0.499632E+07  0.499632E+07  0.638458E+07  0.638297E+07  0.000000E+00  0.499632E+07
  0.204436E-03  0.499620E+07  0.499620E+07  0.636572E+07  0.636401E+07  0.000000E+00  0.499620E+07
  0.211366E-03  0.499608E+07  0.499607E+07  0.634563E+07  0.634380E+07  0.000000E+00  0.499608E+07
  0.218530E-03  0.499595E+07  0.499594E+07  0.632421E+07  0.632227E+07  0.000000E+00  0.499594E+07
  0.225937E-03  0.499580E+07  0.499580E+07  0.630139E+07  0.629933E+07  0.000000E+00  0.499580E+07
  0.233595E-03  0.499565E+07  0.499564E+07  0.627709E+07  0.627489E+07  0.000000E+00  0.499565E+07
  0.241513E-03  0.499549E+07  0.499548E+07  0.625121E+07  0.624887E+07  0.000000E+00  0.499549E+07
  0.249699E-03  0.499531E+07  0.499531E+07  0.622365E+07  0.622117E+07  0.000000E+00  0.499531E+07
  0.258162E-03  0.499513E+07  0.499512E+07  0.619432E+07  0.619168E+07  0.000000E+00  0.499513E+07
  0.266913E-03  0.499493E+07  0.499492E+07  0.616311E+07  0.616031E+07  0.000000E+00  0.499493E+07
  0.275960E-03  0.499472E+07  0.499471E+07  0.612992E+07  0.612694E+07  0.000000E+00  0.499472E+07
  0.285314E-03  0.499449E+07  0.499448E+07  0.609462E+07  0.609146E+07  0.000000E+00  0.499449E+07
  0.294984E-03  0.499425E+07  0.499424E+07  0.605710E+07  0.605375E+07  0.000000E+00  0.499425E+07
  0.304983E-03  0.499399E+07  0.499398E+07  0.601723E+07  0.601369E+07  0.000000E+00  0.499399E+07
  0.315320E-03  0.499372E+07  0.499371E+07  0.597489E+07  0.597114E+07  0.000000E+00  0.499372E+07
  0.326008E-03  0.499342E+07  0.499341E+07  0.592994E+07  0.592597E+07  0.000000E+00  0.499342E+07
  0.337058E-03  0.499311E+07  0.499310E+07  0.588224E+07  0.587805E+07  0.000000E+00  0.499311E+07
  0.348483E-03  0.499278E+07  0.499276E+07  0.583166E+07  0.582722E+07  0.000000E+00  0.499277E+07
  0.360295E-03  0.499242E+07  0.499240E+07  0.577804E+07  0.577336E+07  0.000000E+00  0.499242E+07
  0.372507E-03  0.499204E+07  0.499202E+07  0.572125E+07  0.571631E+07  0.000000E+00  0.499204E+07
  0.385133E-03  0.499163E+07  0.499161E+07  0.566112E+07  0.565591E+07  0.000000E+00  0.499163E+07
  0.398187E-03  0.499120E+07  0.499118E+07  0.559750E+07  0.559202E+07  0.000000E+00  0.499119E+07
  0.411684E-03  0.499073E+07  0.499071E+07  0.553026E+07  0.552449E+07  0.000000E+00  0.499073E+07
  0.425638E-03  0.499024E+07  0.499022E+07  0.545922E+07  0.545316E+07  0.000000E+00  0.499024E+07
  0.440065E-03  0.498971E+07  0.498969E+07  0.538424E+07  0.537789E+07  0.000000E+00  0.498971E+07
  0.454981E-03  0.498915E+07  0.498912E+07  0.530518E+07  0.529852E+07  0.000000E+00  0.498914E+07
  0.470403E-03  0.498855E+07  0.498852E+07  0.522188E+07  0.521492E+07  0.000000E+00  0.498854E+07
  0.486347E-03  0.498791E+07  0.498788E+07  0.513422E+07  0.512696E+07  0.000000E+00  0.498790E+07
  0.502832E-03  0.498723E+07  0.498720E+07  0.504208E+07  0.503450E+07  0.000000E+00  0.498722E+07
  0.519875E-03  0.498650E+07  0.498647E+07  0.494532E+07  0.493744E+07  0.000000E+00  0.498650E+07
  0.537497E-03  0.498573E+07  0.498569E+07  0.484386E+07  0.483568E+07  0.000000E+00  0.498572E+07
  0.555715E-03  0.498490E+07  0.498487E+07  0.473762E+07  0.472914E+07  0.000000E+00  0.498490E+07
  0.574551E-03  0.498402E+07  0.498398E+07  0.462652E+07  0.461777E+07  0.000000E+00  0.498402E+07
  0.594026E-03  0.498309E+07  0.498305E+07  0.451054E+07  0.450152E+07  0.000000E+00  0.498308E+07
  0.614160E-03  0.498209E+07  0.498205E+07  0.438968E+07  0.438040E+07  0.000000E+00  0.498208E+07
  0.634977E-03  0.498103E+07  0.498098E+07  0.426394E+07  0.425444E+07  0.000000E+00  0.498102E+07
  0.656500E-03  0.497990E+07  0.497985E+07  0.413340E+07  0.412370E+07  0.000000E+00  0.497989E+07
  0.678752E-03  0.497870E+07  0.497865E+07  0.399817E+07  0.398831E+07  0.000000E+00  0.497869E+07
  0.701758E-03  0.497742E+07  0.497737E+07  0.385840E+07  0.384841E+07  0.000000E+00  0.497741E+07
  0.725544E-03  0.497606E+07  0.497601E+07  0.371430E+07  0.370423E+07  0.000000E+00  0.497606E+07
  0.750137E-03  0.497462E+07  0.497456E+07  0.356614E+07  0.355603E+07  0.000000E+00  0.497461E+07
  0.775563E-03  0.497309E+07  0.497302E+07  0.341423E+07  0.340416E+07  0.000000E+00  0.497308E+07
  0.801851E-03  0.497146E+07  0.497139E+07  0.325899E+07  0.324901E+07  0.000000E+00  0.497145E+07
  0.829029E-03  0.496973E+07  0.496966E+07  0.310088E+07  0.309106E+07  0.000000E+00  0.496972E+07
  0.857129E-03  0.496790E+07  0.496782E+07  0.294044E+07  0.293085E+07  0.000000E+00  0.496789E+07
  0.886182E-03  0.496595E+07  0.496587E+07  0.277828E+07  0.276902E+07  0.000000E+00  0.496594E+07
  0.916219E-03  0.496389E+07  0.496380E+07  0.261512E+07  0.260626E+07  0.000000E+00  0.496388E+07
  0.947274E-03  0.496170E+07  0.496161E+07  0.245172E+07  0.244335E+07  0.000000E+00  0.496169E+07
  0.979383E-03  0.495939E+07  0.495928E+07  0.228892E+07  0.228114E+07  0.000000E+00  0.495937E+07
  0.101258E-02  0.495694E+07  0.495683E+07  0.212765E+07  0.212055E+07  0.000000E+00  0.495692E+07
  0.104690E-02  0.495434E+07  0.495422E+07  0.196888E+07  0.196255E+07  0.000000E+00  0.495433E+07
  0.108239E-02  0.495160E+07  0.495147E+07  0.181363E+07  0.180814E+07  0.000000E+00  0.495158E+07
  0.111907E-02  0.494870E+07  0.494857E+07  0.166296E+07  0.165839E+07  0.000000E+00  0.494868E+07
  0.115700E-02  0.494564E+07  0.494550E+07  0.151793E+07  0.151435E+07  0.000000E+00  0.494562E+07
  0.119622E-02  0.494241E+07  0.494225E+07  0.137960E+07  0.137704E+07  0.000000E+00  0.494238E+07
  0.123677E-02  0.493900E+07  0.493883E+07  0.124898E+07  0.124748E+07  0.000000E+00  0.493897E+07
  0.127869E-02  0.493540E+07  0.493522E+07  0.112703E+07  0.112658E+07  0.000000E+00  0.493538E+07
  0.132203E-02  0.493161E+07  0.493142E+07  0.101458E+07  0.101517E+07  0.000000E+00  0.493158E+07
  0.136684E-02  0.492762E+07  0.492742E+07  0.912330E+06  0.913902E+06  0.000000E+00  0.492759E+07
  0.141317E-02  0.492343E+07  0.492321E+07  0.820814E+06  0.823279E+06  0.000000E+00  0.492339E+07
  0.146107E-02  0.491901E+07  0.491878E+07  0.740336E+06  0.743572E+06  0.000000E+00  0.491898E+07
  0.151059E-02  0.491437E+07  0.491412E+07  0.670955E+06  0.674807E+06  0.000000E+00  0.491433E+07
  0.156179E-02  0.490950E+07  0.490924E+07  0.612455E+06  0.616738E+06  0.000000E+00  0.490946E+07
  0.161473E-02  0.490439E+07  0.490410E+07  0.564328E+06  0.568828E+06  0.000000E+00  0.490434E+07
  0.166946E-02  0.489903E+07  0.489872E+07  0.525763E+06  0.530249E+06  0.000000E+00  0.489898E+07
  0.172605E-02  0.489341E+07  0.489308E+07  0.495660E+06  0.499892E+06  0.000000E+00  0.489336E+07
  0.178455E-02  0.488752E+07  0.488717E+07  0.472657E+06  0.476400E+06  0.000000E+00  0.488747E+07
  0.184504E-02  0.488136E+07  0.488099E+07  0.455181E+06  0.458219E+06  0.000000E+00  0.488130E+07
  0.190758E-02  0.487491E+07  0.487452E+07  0.441518E+06  0.443670E+06  0.000000E+00  0.487485E+07
  0.197223E-02  0.486817E+07  0.486775E+07  0.429904E+06  0.431043E+06  0.000000E+00  0.486810E+07
  0.203908E-02  0.486113E+07  0.486068E+07  0.418639E+06  0.418707E+06  0.000000E+00  0.486106E+07
  0.210820E-02  0.485377E+07  0.485329E+07  0.406205E+06  0.405221E+06  0.000000E+00  0.485369E+07
  0.217966E-02  0.484609E+07  0.484557E+07  0.391389E+06  0.389456E+06  0.000000E+00  0.484601E+07
  0.225354E-02  0.483807E+07  0.483752E+07  0.373393E+06  0.370697E+06  0.000000E+00  0.483799E+07
  0.232992E-02  0.482971E+07  0.482913E+07  0.351927E+06  0.348718E+06  0.000000E+00  0.482962E+07
  0.240889E-02  0.482099E+07  0.482037E+07  0.327244E+06  0.323814E+06  0.000000E+00  0.482090E+07
  0.249054E-02  0.481191E+07  0.481124E+07  0.300136E+06  0.296782E+06  0.000000E+00  0.481181E+07
  0.257496E-02  0.480245E+07  0.480174E+07  0.271854E+06  0.268831E+06  0.000000E+00  0.480234E+07
  0.266224E-02  0.479259E+07  0.479184E+07  0.243955E+06  0.241431E+06  0.000000E+00  0.479248E+07
  0.275248E-02  0.478234E+07  0.478153E+07  0.218097E+06  0.216104E+06  0.000000E+00  0.478221E+07
  0.284577E-02  0.477167E+07  0.477080E+07  0.195781E+06  0.194192E+06  0.000000E+00  0.477153E+07
  0.294223E-02  0.476057E+07  0.475965E+07  0.178095E+06  0.176610E+06  0.000000E+00  0.476042E+07
  0.304196E-02  0.474903E+07  0.474804E+07  0.165486E+06  0.163669E+06  0.000000E+00  0.474888E+07
  0.314506E-02  0.473704E+07  0.473599E+07  0.157632E+06  0.154970E+06  0.000000E+00  0.473687E+07
  0.325166E-02  0.472458E+07  0.472346E+07  0.153443E+06  0.149447E+06  0.000000E+00  0.472441E+07
  0.336188E-02  0.471164E+07  0.471045E+07  0.000000E+00  0.000000E+00  0.000000E+00  0.471146E+07
  0.347583E-02  0.469822E+07  0.469694E+07  0.000000E+00  0.000000E+00  0.000000E+00  0.469802E+07
  0.359365E-02  0.468429E+07  0.468293E+07  0.000000E+00  0.000000E+00  0.000000E+00  0.468408E+07
  0.371545E-02  0.466984E+07  0.466839E+07  0.000000E+00  0.000000E+00  0.000000E+00  0.466962E+07
  0.384139E-02  0.465486E+07  0.465332E+07  0.000000E+00  0.000000E+00  0.000000E+00  0.465462E+07
  0.397159E-02  0.463934E+07  0.463769E+07  0.000000E+00  0.000000E+00  0.000000E+00  0.463909E+07
  0.410621E-02  0.462326E+07  0.462150E+07  0.000000E+00  0.000000E+00  0.000000E+00  0.462299E+07
  0.424539E-02  0.460661E+07  0.460474E+07  0.000000E+00  0.000000E+00  0.000000E+00  0.460632E+07
  0.438929E-02  0.458938E+07  0.458738E+07  0.000000E+00  0.000000E+00  0.000000E+00  0.458907E+07
  0.453806E-02  0.457155E+07  0.456942E+07  0.000000E+00  0.000000E+00  0.000000E+00  0.457122E+07
  0.469188E-02  0.455310E+07  0.455083E+07  0.000000E+00  0.000000E+00  0.000000E+00  0.455275E+07
  0.485091E-02  0.453403E+07  0.453162E+07  0.000000E+00  0.000000E+00  0.000000E+00  0.453366E+07
  0.501534E-02  0.451433E+07  0.451175E+07  0.000000E+00  0.000000E+00  0.000000E+00  0.451393E+07
  0.518533E-02  0.449396E+07  0.449122E+07  0.000000E+00  0.000000E+00  0.000000E+00  0.449354E+07
  0.536109E-02  0.447294E+07  0.447001E+07  0.000000E+00  0.000000E+00  0.000000E+00  0.447249E+07
  0.554280E-02  0.445123E+07  0.444811E+07  0.000000E+00  0.000000E+00  0.000000E+00  0.445075E+07
  0.573068E-02  0.442883E+07  0.442551E+07  0.000000E+00  0.000000E+00  0.000000E+00  0.442832E+07
  0.592492E-02  0.440572E+07  0.440219E+07  0.000000E+00  0.000000E+00  0.000000E+00  0.440517E+07
  0.612574E-02  0.438189E+07  0.437813E+07  0.000000E+00  0.000000E+00  0.000000E+00  0.438131E+07
  0.633338E-02  0.435733E+07  0.435332E+07  0.000000E+00  0.000000E+00  0.000000E+00  0.435671E+07
  0.654805E-02  0.433201E+07  0.432775E+07  0.000000E+00  0.000000E+00  0.000000E+00  0.433135E+07
  0.677000E-02  0.430594E+07  0.430140E+07  0.000000E+00  0.000000E+00  0.000000E+00  0.430524E+07
  0.699947E-02  0.427909E+07  0.427426E+07  0.000000E+00  0.000000E+00  0.000000E+00  0.427834E+07
  0.723671E-02  0.425145E+07  0.424631E+07  0.000000E+00  0.000000E+00  0.000000E+00  0.425066E+07
  0.748200E-02  0.422301E+07  0.421754E+07  0.000000E+00  0.000000E+00  0.000000E+00  0.422216E+07
  0.773561E-02  0.419375E+07  0.418794E+07  0.000000E+00  0.000000E+00  0.000000E+00  0.419285E+07
  0.799781E-02  0.416366E+07  0.415749E+07  0.000000E+00  0.000000E+00  0.000000E+00  0.416271E+07
  0.826889E-02  0.413273E+07  0.412617E+07  0.000000E+00  0.000000E+00  0.000000E+00  0.413172E+07
  0.854917E-02  0.410095E+07  0.409398E+07  0.000000E+00  0.000000E+00  0.000000E+00  0.409987E+07
  0.883894E-02  0.406830E+07  0.406089E+07  0.000000E+00  0.000000E+00  0.000000E+00  0.406715E+07
  0.913854E-02  0.403476E+07  0.402689E+07  0.000000E+00  0.000000E+00  0.000000E+00  0.403354E+07
  0.944829E-02  0.400033E+07  0.399197E+07  0.000000E+00  0.000000E+00  0.000000E+00  0.399904E+07
  0.976854E-02  0.396499E+07  0.395612E+07  0.000000E+00  0.000000E+00  0.000000E+00  0.396362E+07
  0.100996E-01  0.392872E+07  0.391932E+07  0.000000E+00  0.000000E+00  0.000000E+00  0.392727E+07
  0.104420E-01  0.389153E+07  0.388155E+07  0.000000E+00  0.000000E+00  0.000000E+00  0.388999E+07
  0.107959E-01  0.385339E+07  0.384281E+07  0.000000E+00  0.000000E+00  0.000000E+00  0.385176E+07
  0.111618E-01  0.381429E+07  0.380308E+07  0.000000E+00  0.000000E+00  0.000000E+00  0.381256E+07
  0.115402E-01  0.377422E+07  0.376235E+07  0.000000E+00  0.000000E+00  0.000000E+00  0.377239E+07
  0.119313E-01  0.373317E+07  0.372060E+07  0.000000E+00  0.000000E+00  0.000000E+00  0.373123E+07
  0.123357E-01  0.369112E+07  0.367782E+07  0.000000E+00  0.000000E+00  0.000000E+00  0.368907E+07
  0.127539E-01  0.364808E+07  0.363401E+07  0.000000E+00  0.000000E+00  0.000000E+00  0.364591E+07
  0.131862E-01  0.360402E+07  0.358915E+07  0.000000E+00  0.000000E+00  0.000000E+00  0.360173E+07
  0.136331E-01  0.355894E+07  0.354323E+07  0.000000E+00  0.000000E+00  0.000000E+00  0.355652E+07
  0.140952E-01  0.351284E+07  0.349625E+07  0.000000E+00  0.000000E+00  0.000000E+00  0.351028E+07
  0.145730E-01  0.346571E+07  0.344820E+07  0.000000E+00  0.000000E+00  0.000000E+00  0.346300E+07
  0.150669E-01  0.341754E+07  0.339907E+07  0.000000E+00  0.000000E+00  0.000000E+00  0.341469E+07
  0.155776E-01  0.336833E+07  0.334887E+07  0.000000E+00  0.000000E+00  0.000000E+00  0.336532E+07
  0.161056E-01  0.331808E+07  0.329760E+07  0.000000E+00  0.000000E+00  0.000000E+00  0.331492E+07
  0.166515E-01  0.326680E+07  0.324525E+07  0.000000E+00  0.000000E+00  0.000000E+00  0.326347E+07
  0.172159E-01  0.321448E+07  0.319184E+07  0.000000E+00  0.000000E+00  0.000000E+00  0.321099E+07
  0.177994E-01  0.316115E+07  0.313738E+07  0.000000E+00  0.000000E+00  0.000000E+00  0.315748E+07
  0.184028E-01  0.310681E+07  0.308188E+07  0.000000E+00  0.000000E+00  0.000000E+00  0.310297E+07
  0.190265E-01  0.305149E+07  0.302537E+07  0.000000E+00  0.000000E+00  0.000000E+00  0.304746E+07
  0.196714E-01  0.299520E+07  0.296787E+07  0.000000E+00  0.000000E+00  0.000000E+00  0.299098E+07
  0.203382E-01  0.293797E+07  0.290941E+07  0.000000E+00  0.000000E+00  0.000000E+00  0.293356E+07
  0.210276E-01  0.287984E+07  0.285004E+07  0.000000E+00  0.000000E+00  0.000000E+00  0.287524E+07
  0.217403E-01  0.282086E+07  0.278980E+07  0.000000E+00  0.000000E+00  0.000000E+00  0.281606E+07
  0.224772E-01  0.276106E+07  0.272875E+07  0.000000E+00  0.000000E+00  0.000000E+00  0.275608E+07
  0.232390E-01  0.270052E+07  0.266696E+07  0.000000E+00  0.000000E+00  0.000000E+00  0.269534E+07
  0.240267E-01  0.263929E+07  0.260450E+07  0.000000E+00  0.000000E+00  0.000000E+00  0.263392E+07
  0.248411E-01  0.257745E+07  0.254145E+07  0.000000E+00  0.000000E+00  0.000000E+00  0.257189E+07
  0.256831E-01  0.251510E+07  0.247792E+07  0.000000E+00  0.000000E+00  0.000000E+00  0.250936E+07
  0.265537E-01  0.245232E+07  0.241402E+07  0.000000E+00  0.000000E+00  0.000000E+00  0.244641E+07
  0.274537E-01  0.238924E+07  0.234988E+07  0.000000E+00  0.000000E+00  0.000000E+00  0.238317E+07
  0.283842E-01  0.232597E+07  0.228562E+07  0.000000E+00  0.000000E+00  0.000000E+00  0.231975E+07
  0.293463E-01  0.226266E+07  0.222140E+07  0.000000E+00  0.000000E+00  0.000000E+00  0.225629E+07
  0.303410E-01  0.219944E+07  0.215738E+07  0.000000E+00  0.000000E+00  0.000000E+00  0.219295E+07
  0.313694E-01  0.213648E+07  0.209374E+07  0.000000E+00  0.000000E+00  0.000000E+00  0.212988E+07
  0.324327E-01  0.207394E+07  0.203066E+07  0.000000E+00  0.000000E+00  0.000000E+00  0.206726E+07
  0.335320E-01  0.201202E+07  0.196835E+07  0.000000E+00  0.000000E+00  0.000000E+00  0.200528E+07
  0.346686E-01  0.195089E+07  0.190700E+07  0.000000E+00  0.000000E+00  0.000000E+00  0.194412E+07
  0.358437E-01  0.189076E+07  0.184684E+07  0.000000E+00  0.000000E+00  0.000000E+00  0.188398E+07
  0.370586E-01  0.183181E+07  0.178806E+07  0.000000E+00  0.000000E+00  0.000000E+00  0.182506E+07
  0.383147E-01  0.177396E+07  0.173059E+07  0.000000E+00  0.000000E+00  0.000000E+00  0.176727E+07
  0.396134E-01  0.171751E+07  0.167473E+07  0.000000E+00  0.000000E+00  0.000000E+00  0.171091E+07
  0.409561E-01  0.166279E+07  0.162084E+07  0.000000E+00  0.000000E+00  0.000000E+00  0.165632E+07
  0.423443E-01  0.161003E+07  0.156913E+07  0.000000E+00  0.000000E+00  0.000000E+00  0.160372E+07
  0.437796E-01  0.155937E+07  0.151977E+07  0.000000E+00  0.000000E+00  0.000000E+00  0.155326E+07
  0.452635E-01  0.151094E+07  0.147285E+07  0.000000E+00  0.000000E+00  0.000000E+00  0.150506E+07
  0.467977E-01  0.146478E+07  0.142841E+07  0.000000E+00  0.000000E+00  0.000000E+00  0.145917E+07
  0.483839E-01  0.142087E+07  0.138640E+07  0.000000E+00  0.000000E+00  0.000000E+00  0.141555E+07
  0.500239E-01  0.137911E+07  0.134672E+07  0.000000E+00  0.000000E+00  0.000000E+00  0.137411E+07
  0.517194E-01  0.133938E+07  0.130918E+07  0.000000E+00  0.000000E+00  0.000000E+00  0.133472E+07
  0.534725E-01  0.130148E+07  0.127356E+07  0.000000E+00  0.000000E+00  0.000000E+00  0.129718E+07
  0.552850E-01  0.126522E+07  0.123962E+07  0.000000E+00  0.000000E+00  0.000000E+00  0.126127E+07
  0.571588E-01  0.123041E+07  0.120710E+07  0.000000E+00  0.000000E+00  0.000000E+00  0.122682E+07
  0.590963E-01  0.119699E+07  0.117590E+07  0.000000E+00  0.000000E+00  0.000000E+00  0.119374E+07
  0.610993E-01  0.116553E+07  0.114652E+07  0.000000E+00  0.000000E+00  0.000000E+00  0.116259E+07
  0.631703E-01  0.113378E+07  0.111666E+07  0.000000E+00  0.000000E+00  0.000000E+00  0.113114E+07
  0.653114E-01  0.110221E+07  0.108672E+07  0.000000E+00  0.000000E+00  0.000000E+00  0.109982E+07
  0.675252E-01  0.107045E+07  0.105631E+07  0.000000E+00  0.000000E+00  0.000000E+00  0.106827E+07
  0.698139E-01  0.103818E+07  0.102503E+07  0.000000E+00  0.000000E+00  0.000000E+00  0.103615E+07
  0.721803E-01  0.100510E+07  0.992601E+06  0.000000E+00  0.000000E+00  0.000000E+00  0.100317E+07
  0.746268E-01  0.971045E+06  0.958835E+06  0.000000E+00  0.000000E+00  0.000000E+00  0.969161E+06
  0.771564E-01  0.935978E+06  0.923718E+06  0.000000E+00  0.000000E+00  0.000000E+00  0.934086E+06
  0.797716E-01  0.900009E+06  0.887406E+06  0.000000E+00  0.000000E+00  0.000000E+00  0.898064E+06
  0.824755E-01  0.863396E+06  0.850221E+06  0.000000E+00  0.000000E+00  0.000000E+00  0.861362E+06
  0.852709E-01  0.826516E+06  0.812631E+06  0.000000E+00  0.000000E+00  0.000000E+00  0.824373E+06
  0.881612E-01  0.789834E+06  0.775202E+06  0.000000E+00  0.000000E+00  0.000000E+00  0.787576E+06
  0.911495E-01  0.753879E+06  0.738574E+06  0.000000E+00  0.000000E+00  0.000000E+00  0.751517E+06
  0.942390E-01  0.719226E+06  0.703433E+06  0.000000E+00  0.000000E+00  0.000000E+00  0.716788E+06
  0.974333E-01  0.686462E+06  0.670462E+06  0.000000E+00  0.000000E+00  0.000000E+00  0.683992E+06
  0.100736E+00  0.656133E+06  0.640276E+06  0.000000E+00  0.000000E+00  0.000000E+00  0.653686E+06
  0.104150E+00  0.628634E+06  0.613305E+06  0.000000E+00  0.000000E+00  0.000000E+00  0.626268E+06
  0.107680E+00  0.604111E+06  0.589683E+06  0.000000E+00  0.000000E+00  0.000000E+00  0.601884E+06
  0.111330E+00  0.582400E+06  0.569186E+06  0.000000E+00  0.000000E+00  0.000000E+00  0.580361E+06
  0.115104E+00  0.563060E+06  0.551267E+06  0.000000E+00  0.000000E+00  0.000000E+00  0.561240E+06
  0.119005E+00  0.545442E+06  0.535132E+06  0.000000E+00  0.000000E+00  0.000000E+00  0.543851E+06
  0.123039E+00  0.528754E+06  0.519834E+06  0.000000E+00  0.000000E+00  0.000000E+00  0.527378E+06
  0.127209E+00  0.512102E+06  0.504326E+06  0.000000E+00  0.000000E+00  0.000000E+00  0.510902E+06
  0.131521E+00  0.494599E+06  0.487607E+06  0.000000E+00  0.000000E+00  0.000000E+00  0.493520E+06
  0.135979E+00  0.475610E+06  0.468986E+06  0.000000E+00  0.000000E+00  0.000000E+00  0.474588E+06
  0.140588E+00  0.455021E+06  0.448369E+06  0.000000E+00  0.000000E+00  0.000000E+00  0.453994E+06
  0.145353E+00  0.433301E+06  0.426322E+06  0.000000E+00  0.000000E+00  0.000000E+00  0.432224E+06
  0.150280E+00  0.411272E+06  0.403828E+06  0.000000E+00  0.000000E+00  0.000000E+00  0.410123E+06
  0.155374E+00  0.389829E+06  0.381970E+06  0.000000E+00  0.000000E+00  0.000000E+00  0.388616E+06
  0.160640E+00  0.369846E+06  0.361794E+06  0.000000E+00  0.000000E+00  0.000000E+00  0.368604E+06
  0.166085E+00  0.352126E+06  0.344217E+06  0.000000E+00  0.000000E+00  0.000000E+00  0.350906E+06
  0.171715E+00  0.337089E+06  0.329675E+06  0.000000E+00  0.000000E+00  0.000000E+00  0.335945E+06
  0.177535E+00  0.324423E+06  0.317767E+06  0.000000E+00  0.000000E+00  0.000000E+00  0.323396E+06
  0.183553E+00  0.313179E+06  0.307378E+06  0.000000E+00  0.000000E+00  0.000000E+00  0.312284E+06
  0.189774E+00  0.302256E+06  0.297206E+06  0.000000E+00  0.000000E+00  0.000000E+00  0.301477E+06
  0.196206E+00  0.290736E+06  0.286176E+06  0.000000E+00  0.000000E+00  0.000000E+00  0.290032E+06
  0.202857E+00  0.278072E+06  0.273681E+06  0.000000E+00  0.000000E+00  0.000000E+00  0.277395E+06
  0.209733E+00  0.264357E+06  0.259874E+06  0.000000E+00  0.000000E+00  0.000000E+00  0.263665E+06
  0.216842E+00  0.250353E+06  0.245679E+06  0.000000E+00  0.000000E+00  0.000000E+00  0.249631E+06
  0.224192E+00  0.237093E+06  0.232316E+06  0.000000E+00  0.000000E+00  0.000000E+00  0.236356E+06
  0.231791E+00  0.225413E+06  0.220751E+06  0.000000E+00  0.000000E+00  0.000000E+00  0.224694E+06
  0.239647E+00  0.215572E+06  0.211253E+06  0.000000E+00  0.000000E+00  0.000000E+00  0.214905E+06
  0.247770E+00  0.207048E+06  0.203188E+06  0.000000E+00  0.000000E+00  0.000000E+00  0.206452E+06
  0.256168E+00  0.198871E+06  0.195420E+06  0.000000E+00  0.000000E+00  0.000000E+00  0.198339E+06
  0.264851E+00  0.190258E+06  0.187040E+06  0.000000E+00  0.000000E+00  0.000000E+00  0.189761E+06
  0.273828E+00  0.181006E+06  0.177838E+06  0.000000E+00  0.000000E+00  0.000000E+00  0.180517E+06
  0.283110E+00  0.171558E+06  0.168363E+06  0.000000E+00  0.000000E+00  0.000000E+00  0.171065E+06
  0.292706E+00  0.162715E+06  0.159551E+06  0.000000E+00  0.000000E+00  0.000000E+00  0.162227E+06
  0.302627E+00  0.154967E+06  0.151964E+06  0.000000E+00  0.000000E+00  0.000000E+00  0.154503E+06
  0.312884E+00  0.148146E+06  0.145392E+06  0.000000E+00  0.000000E+00  0.000000E+00  0.147721E+06
  0.323490E+00  0.141688E+06  0.139161E+06  0.000000E+00  0.000000E+00  0.000000E+00  0.141298E+06
  0.334454E+00  0.135044E+06  0.132646E+06  0.000000E+00  0.000000E+00  0.000000E+00  0.134674E+06
  0.345791E+00  0.128225E+06  0.125877E+06  0.000000E+00  0.000000E+00  0.000000E+00  0.127863E+06
  0.357512E+00  0.121668E+06  0.119374E+06  0.000000E+00  0.000000E+00  0.000000E+00  0.121314E+06
  0.369629E+00  0.115739E+06  0.113559E+06  0.000000E+00  0.000000E+00  0.000000E+00  0.115402E+06
  0.382158E+00  0.110352E+06  0.108324E+06  0.000000E+00  0.000000E+00  0.000000E+00  0.110039E+06
  0.395111E+00  0.105152E+06  0.103250E+06  0.000000E+00  0.000000E+00  0.000000E+00  0.104858E+06
  0.408504E+00  0.999380E+05  0.981126E+05  0.000000E+00  0.000000E+00  0.000000E+00  0.996563E+05
  0.422350E+00  0.948693E+05  0.931073E+05  0.000000E+00  0.000000E+00  0.000000E+00  0.945974E+05
  0.436666E+00  0.901624E+05  0.884870E+05  0.000000E+00  0.000000E+00  0.000000E+00  0.899039E+05
  0.451466E+00  0.857966E+05  0.842218E+05  0.000000E+00  0.000000E+00  0.000000E+00  0.855536E+05
  0.466769E+00  0.815809E+05  0.800899E+05  0.000000E+00  0.000000E+00  0.000000E+00  0.813508E+05
  0.482590E+00  0.774652E+05  0.760387E+05  0.000000E+00  0.000000E+00  0.000000E+00  0.772451E+05
  0.498948E+00  0.735587E+05  0.721989E+05  0.000000E+00  0.000000E+00  0.000000E+00  0.733489E+05
  0.515859E+00  0.698979E+05  0.686120E+05  0.000000E+00  0.000000E+00  0.000000E+00  0.696994E+05
  0.533344E+00  0.664015E+05  0.651832E+05  0.000000E+00  0.000000E+00  0.000000E+00  0.662135E+05
  0.551422E+00  0.630323E+05  0.618721E+05  0.000000E+00  0.000000E+00  0.000000E+00  0.628532E+05
  0.570113E+00  0.598333E+05  0.587310E+05  0.000000E+00  0.000000E+00  0.000000E+00  0.596632E+05
  0.589437E+00  0.568072E+05  0.557631E+05  0.000000E+00  0.000000E+00  0.000000E+00  0.566461E+05
  0.609416E+00  0.539151E+05  0.529241E+05  0.000000E+00  0.000000E+00  0.000000E+00  0.537622E+05
  0.630072E+00  0.511549E+05  0.502135E+05  0.000000E+00  0.000000E+00  0.000000E+00  0.510096E+05
  0.651428E+00  0.485375E+05  0.476449E+05  0.000000E+00  0.000000E+00  0.000000E+00  0.483997E+05
  0.673509E+00  0.460465E+05  0.452001E+05  0.000000E+00  0.000000E+00  0.000000E+00  0.459159E+05
  0.696337E+00  0.436735E+05  0.428703E+05  0.000000E+00  0.000000E+00  0.000000E+00  0.435495E+05
  0.719940E+00  0.414194E+05  0.406579E+05  0.000000E+00  0.000000E+00  0.000000E+00  0.413019E+05
  0.744342E+00  0.392760E+05  0.385540E+05  0.000000E+00  0.000000E+00  0.000000E+00  0.391646E+05
  0.769572E+00  0.372375E+05  0.365529E+05  0.000000E+00  0.000000E+00  0.000000E+00  0.371319E+05
  0.795656E+00  0.353005E+05  0.346516E+05  0.000000E+00  0.000000E+00  0.000000E+00  0.352004E+05
  0.822625E+00  0.334593E+05  0.328442E+05  0.000000E+00  0.000000E+00  0.000000E+00  0.333643E+05
  0.850508E+00  0.317099E+05  0.311270E+05  0.000000E+00  0.000000E+00  0.000000E+00  0.316199E+05
  0.879336E+00  0.300478E+05  0.294956E+05  0.000000E+00  0.000000E+00  0.000000E+00  0.299626E+05
  0.909141E+00  0.284692E+05  0.279460E+05  0.000000E+00  0.000000E+00  0.000000E+00  0.283885E+05
  0.939957E+00  0.269704E+05  0.264748E+05  0.000000E+00  0.000000E+00  0.000000E+00  0.268940E+05
  0.971817E+00  0.255474E+05  0.250779E+05  0.000000E+00  0.000000E+00  0.000000E+00  0.254750E+05
  0.100476E+01  0.241963E+05  0.237517E+05  0.000000E+00  0.000000E+00  0.000000E+00  0.241277E+05
  0.103881E+01  0.229141E+05  0.224931E+05  0.000000E+00  0.000000E+00  0.000000E+00  0.228491E+05
  0.107402E+01  0.216969E+05  0.212983E+05  0.000000E+00  0.000000E+00  0.000000E+00  0.216354E+05
  0.111043E+01  0.205421E+05  0.201646E+05  0.000000E+00  0.000000E+00  0.000000E+00  0.204838E+05
  0.114807E+01  0.194463E+05  0.190890E+05  0.000000E+00  0.000000E+00  0.000000E+00  0.193911E+05
  0.118698E+01  0.184071E+05  0.180689E+05  0.000000E+00  0.000000E+00  0.000000E+00  0.183549E+05
  0.122721E+01  0.174215E+05  0.171014E+05  0.000000E+00  0.000000E+00  0.000000E+00  0.173721E+05
  0.126881E+01  0.164868E+05  0.161839E+05  0.000000E+00  0.000000E+00  0.000000E+00  0.164400E+05
  0.131182E+01  0.156006E+05  0.153140E+05  0.000000E+00  0.000000E+00  0.000000E+00  0.155563E+05
  0.135628E+01  0.147603E+05  0.144892E+05  0.000000E+00  0.000000E+00  0.000000E+00  0.147185E+05
  0.140225E+01  0.139639E+05  0.137074E+05  0.000000E+00  0.000000E+00  0.000000E+00  0.139243E+05
  0.144978E+01  0.132090E+05  0.129664E+05  0.000000E+00  0.000000E+00  0.000000E+00  0.131716E+05
  0.149892E+01  0.124937E+05  0.122642E+05  0.000000E+00  0.000000E+00  0.000000E+00  0.124583E+05
  0.154973E+01  0.118160E+05  0.115989E+05  0.000000E+00  0.000000E+00  0.000000E+00  0.117825E+05
  0.160226E+01  0.111738E+05  0.109686E+05  0.000000E+00  0.000000E+00  0.000000E+00  0.111422E+05
  0.165656E+01  0.105657E+05  0.103716E+05  0.000000E+00  0.000000E+00  0.000000E+00  0.105357E+05
  0.171271E+01  0.998957E+04  0.980608E+04  0.000000E+00  0.000000E+00  0.000000E+00  0.996125E+04
  0.177077E+01  0.944398E+04  0.927051E+04  0.000000E+00  0.000000E+00  0.000000E+00  0.941721E+04
  0.183079E+01  0.892732E+04  0.876335E+04  0.000000E+00  0.000000E+00  0.000000E+00  0.890202E+04
  0.189284E+01  0.843818E+04  0.828319E+04  0.000000E+00  0.000000E+00  0.000000E+00  0.841426E+04
  0.195700E+01  0.797513E+04  0.782865E+04  0.000000E+00  0.000000E+00  0.000000E+00  0.795252E+04
  0.202333E+01  0.753684E+04  0.739842E+04  0.000000E+00  0.000000E+00  0.000000E+00  0.751548E+04
  0.209191E+01  0.712198E+04  0.699117E+04  0.000000E+00  0.000000E+00  0.000000E+00  0.710179E+04
  0.216282E+01  0.672936E+04  0.660576E+04  0.000000E+00  0.000000E+00  0.000000E+00  0.671028E+04
  0.223613E+01  0.635783E+04  0.624106E+04  0.000000E+00  0.000000E+00  0.000000E+00  0.633981E+04
  0.231192E+01  0.600633E+04  0.589602E+04  0.000000E+00  0.000000E+00  0.000000E+00  0.598931E+04
  0.239028E+01  0.567380E+04  0.556959E+04  0.000000E+00  0.000000E+00  0.000000E+00  0.565772E+04
  0.247130E+01  0.535923E+04  0.526080E+04  0.000000E+00  0.000000E+00  0.000000E+00  0.534404E+04
  0.255507E+01  0.506167E+04  0.496871E+04  0.000000E+00  0.000000E+00  0.000000E+00  0.504732E+04
  0.264167E+01  0.478026E+04  0.469247E+04  0.000000E+00  0.000000E+00  0.000000E+00  0.476671E+04
  0.273121E+01  0.451417E+04  0.443126E+04  0.000000E+00  0.000000E+00  0.000000E+00  0.450137E+04
  0.282379E+01  0.426254E+04  0.418425E+04  0.000000E+00  0.000000E+00  0.000000E+00  0.425046E+04
  0.291950E+01  0.402464E+04  0.395071E+04  0.000000E+00  0.000000E+00  0.000000E+00  0.401323E+04
  0.301846E+01  0.379971E+04  0.372992E+04  0.000000E+00  0.000000E+00  0.000000E+00  0.378894E+04
  0.312077E+01  0.358709E+04  0.352120E+04  0.000000E+00  0.000000E+00  0.000000E+00  0.357692E+04
  0.322655E+01  0.338613E+04  0.332394E+04  0.000000E+00  0.000000E+00  0.000000E+00  0.337654E+04
  0.333591E+01  0.319620E+04  0.313749E+04  0.000000E+00  0.000000E+00  0.000000E+00  0.318714E+04
  0.344898E+01  0.301670E+04  0.296128E+04  0.000000E+00  0.000000E+00  0.000000E+00  0.300815E+04
  0.356588E+01  0.284708E+04  0.279478E+04  0.000000E+00  0.000000E+00  0.000000E+00  0.283901E+04
  0.368675E+01  0.268682E+04  0.263746E+04  0.000000E+00  0.000000E+00  0.000000E+00  0.267920E+04
  0.381172E+01  0.253540E+04  0.248882E+04  0.000000E+00  0.000000E+00  0.000000E+00  0.252821E+04
  0.394091E+01  0.239236E+04  0.234840E+04  0.000000E+00  0.000000E+00  0.000000E+00  0.238557E+04
  0.407449E+01  0.225723E+04  0.221575E+04  0.000000E+00  0.000000E+00  0.000000E+00  0.225082E+04
  0.421259E+01  0.212960E+04  0.209047E+04  0.000000E+00  0.000000E+00  0.000000E+00  0.212356E+04
  0.435538E+01  0.200905E+04  0.197214E+04  0.000000E+00  0.000000E+00  0.000000E+00  0.200336E+04
  0.450301E+01  0.189521E+04  0.186038E+04  0.000000E+00  0.000000E+00  0.000000E+00  0.188984E+04
  0.465564E+01  0.178770E+04  0.175485E+04  0.000000E+00  0.000000E+00  0.000000E+00  0.178263E+04
  0.481344E+01  0.168619E+04  0.165520E+04  0.000000E+00  0.000000E+00  0.000000E+00  0.168141E+04
  0.497659E+01  0.159035E+04  0.156112E+04  0.000000E+00  0.000000E+00  0.000000E+00  0.158584E+04
  0.514527E+01  0.149986E+04  0.147229E+04  0.000000E+00  0.000000E+00  0.000000E+00  0.149561E+04
  0.531968E+01  0.141443E+04  0.138843E+04  0.000000E+00  0.000000E+00  0.000000E+00  0.141042E+04
  0.549998E+01  0.133380E+04  0.130928E+04  0.000000E+00  0.000000E+00  0.000000E+00  0.133002E+04
  0.568641E+01  0.125769E+04  0.123456E+04  0.000000E+00  0.000000E+00  0.000000E+00  0.125412E+04
  0.587915E+01  0.118585E+04  0.116404E+04  0.000000E+00  0.000000E+00  0.000000E+00  0.118248E+04
  0.607843E+01  0.111805E+04  0.109748E+04  0.000000E+00  0.000000E+00  0.000000E+00  0.111487E+04
  0.628446E+01  0.105407E+04  0.103468E+04  0.000000E+00  0.000000E+00  0.000000E+00  0.105108E+04
  0.649747E+01  0.993693E+03  0.975410E+03  0.000000E+00  0.000000E+00  0.000000E+00  0.990872E+03
  0.671770E+01  0.936724E+03  0.919486E+03  0.000000E+00  0.000000E+00  0.000000E+00  0.934064E+03
  0.694539E+01  0.882977E+03  0.866725E+03  0.000000E+00  0.000000E+00  0.000000E+00  0.880469E+03
  0.718081E+01  0.832266E+03  0.816944E+03  0.000000E+00  0.000000E+00  0.000000E+00  0.829901E+03
  0.742420E+01  0.784428E+03  0.769984E+03  0.000000E+00  0.000000E+00  0.000000E+00  0.782198E+03
  0.767585E+01  0.739300E+03  0.725684E+03  0.000000E+00  0.000000E+00  0.000000E+00  0.737199E+03
  0.793602E+01  0.696734E+03  0.683898E+03  0.000000E+00  0.000000E+00  0.000000E+00  0.694753E+03
  0.820502E+01  0.656584E+03  0.644485E+03  0.000000E+00  0.000000E+00  0.000000E+00  0.654716E+03
  0.848312E+01  0.618718E+03  0.607314E+03  0.000000E+00  0.000000E+00  0.000000E+00  0.616958E+03
  0.877066E+01  0.583005E+03  0.572256E+03  0.000000E+00  0.000000E+00  0.000000E+00  0.581346E+03
  0.906794E+01  0.549328E+03  0.539197E+03  0.000000E+00  0.000000E+00  0.000000E+00  0.547765E+03
  0.937530E+01  0.517571E+03  0.508022E+03  0.000000E+00  0.000000E+00  0.000000E+00  0.516098E+03
  0.969308E+01  0.487627E+03  0.478627E+03  0.000000E+00  0.000000E+00  0.000000E+00  0.486238E+03
  0.100216E+02  0.459393E+03  0.450911E+03  0.000000E+00  0.000000E+00  0.000000E+00  0.458084E+03
  0.103613E+02  0.432774E+03  0.424780E+03  0.000000E+00  0.000000E+00  0.000000E+00  0.431540E+03
  0.107125E+02  0.407679E+03  0.400145E+03  0.000000E+00  0.000000E+00  0.000000E+00  0.406516E+03
  0.110756E+02  0.384021E+03  0.376921E+03  0.000000E+00  0.000000E+00  0.000000E+00  0.382925E+03
  0.114510E+02  0.361720E+03  0.355028E+03  0.000000E+00  0.000000E+00  0.000000E+00  0.360687E+03
  0.118392E+02  0.340698E+03  0.334392E+03  0.000000E+00  0.000000E+00  0.000000E+00  0.339725E+03
  0.122404E+02  0.320885E+03  0.314942E+03  0.000000E+00  0.000000E+00  0.000000E+00  0.319968E+03
  0.126553E+02  0.302210E+03  0.296610E+03  0.000000E+00  0.000000E+00  0.000000E+00  0.301346E+03
  0.130843E+02  0.284610E+03  0.279333E+03  0.000000E+00  0.000000E+00  0.000000E+00  0.283796E+03
  0.135278E+02  0.268024E+03  0.263050E+03  0.000000E+00  0.000000E+00  0.000000E+00  0.267256E+03
  0.139863E+02  0.252394E+03  0.247706E+03  0.000000E+00  0.000000E+00  0.000000E+00  0.251670E+03
  0.144604E+02  0.237664E+03  0.233247E+03  0.000000E+00  0.000000E+00  0.000000E+00  0.236983E+03
  0.149505E+02  0.223786E+03  0.219623E+03  0.000000E+00  0.000000E+00  0.000000E+00  0.223144E+03
  0.154573E+02  0.210709E+03  0.206786E+03  0.000000E+00  0.000000E+00  0.000000E+00  0.210104E+03
  0.159812E+02  0.198388E+03  0.194691E+03  0.000000E+00  0.000000E+00  0.000000E+00  0.197818E+03
  0.165229E+02  0.186781E+03  0.183296E+03  0.000000E+00  0.000000E+00  0.000000E+00  0.186243E+03
  0.170829E+02  0.175846E+03  0.172560E+03  0.000000E+00  0.000000E+00  0.000000E+00  0.175339E+03
  0.176619E+02  0.165544E+03  0.162448E+03  0.000000E+00  0.000000E+00  0.000000E+00  0.165066E+03
  0.182606E+02  0.155840E+03  0.152921E+03  0.000000E+00  0.000000E+00  0.000000E+00  0.155389E+03
  0.188795E+02  0.146699E+03  0.143947E+03  0.000000E+00  0.000000E+00  0.000000E+00  0.146274E+03
  0.195195E+02  0.138089E+03  0.135495E+03  0.000000E+00  0.000000E+00  0.000000E+00  0.137688E+03
  0.201811E+02  0.129979E+03  0.127534E+03  0.000000E+00  0.000000E+00  0.000000E+00  0.129602E+03
  0.208651E+02  0.122341E+03  0.120036E+03  0.000000E+00  0.000000E+00  0.000000E+00  0.121985E+03
  0.215723E+02  0.115148E+03  0.112974E+03  0.000000E+00  0.000000E+00  0.000000E+00  0.114812E+03
  0.223035E+02  0.108374E+03  0.106323E+03  0.000000E+00  0.000000E+00  0.000000E+00  0.108057E+03
  0.230595E+02  0.101994E+03  0.100061E+03  0.000000E+00  0.000000E+00  0.000000E+00  0.101696E+03
  0.238411E+02  0.959866E+02  0.941630E+02  0.000000E+00  0.000000E+00  0.000000E+00  0.957051E+02
  0.246492E+02  0.903298E+02  0.886097E+02  0.000000E+00  0.000000E+00  0.000000E+00  0.900644E+02
  0.254847E+02  0.850033E+02  0.833805E+02  0.000000E+00  0.000000E+00  0.000000E+00  0.847529E+02
  0.263485E+02  0.799881E+02  0.784569E+02  0.000000E+00  0.000000E+00  0.000000E+00  0.797518E+02
  0.272416E+02  0.752662E+02  0.738213E+02  0.000000E+00  0.000000E+00  0.000000E+00  0.750432E+02
  0.281650E+02  0.708205E+02  0.694568E+02  0.000000E+00  0.000000E+00  0.000000E+00  0.706101E+02
  0.291196E+02  0.666353E+02  0.653479E+02  0.000000E+00  0.000000E+00  0.000000E+00  0.664366E+02
  0.301066E+02  0.626951E+02  0.614797E+02  0.000000E+00  0.000000E+00  0.000000E+00  0.625075E+02
  0.311271E+02  0.589860E+02  0.578383E+02  0.000000E+00  0.000000E+00  0.000000E+00  0.588088E+02
  0.321822E+02  0.554943E+02  0.544103E+02  0.000000E+00  0.000000E+00  0.000000E+00  0.553270E+02
  0.332730E+02  0.522077E+02  0.511836E+02  0.000000E+00  0.000000E+00  0.000000E+00  0.520497E+02
  0.344008E+02  0.491140E+02  0.481463E+02  0.000000E+00  0.000000E+00  0.000000E+00  0.489647E+02
  0.355668E+02  0.462022E+02  0.452875E+02  0.000000E+00  0.000000E+00  0.000000E+00  0.460610E+02
  0.367723E+02  0.434615E+02  0.425968E+02  0.000000E+00  0.000000E+00  0.000000E+00  0.433280E+02
  0.380187E+02  0.408821E+02  0.400643E+02  0.000000E+00  0.000000E+00  0.000000E+00  0.407559E+02
  0.393074E+02  0.384544E+02  0.376808E+02  0.000000E+00  0.000000E+00  0.000000E+00  0.383350E+02
  0.406397E+02  0.361698E+02  0.354377E+02  0.000000E+00  0.000000E+00  0.000000E+00  0.360568E+02
  0.420172E+02  0.340197E+02  0.333268E+02  0.000000E+00  0.000000E+00  0.000000E+00  0.339128E+02
  0.434414E+02  0.319964E+02  0.313402E+02  0.000000E+00  0.000000E+00  0.000000E+00  0.318952E+02
  0.449138E+02  0.300925E+02  0.294709E+02  0.000000E+00  0.000000E+00  0.000000E+00  0.299966E+02
  0.464362E+02  0.283010E+02  0.277118E+02  0.000000E+00  0.000000E+00  0.000000E+00  0.282100E+02
  0.480101E+02  0.266152E+02  0.260566E+02  0.000000E+00  0.000000E+00  0.000000E+00  0.265290E+02
  0.496375E+02  0.250290E+02  0.244992E+02  0.000000E+00  0.000000E+00  0.000000E+00  0.249472E+02
  0.513199E+02  0.235366E+02  0.230338E+02  0.000000E+00  0.000000E+00  0.000000E+00  0.234590E+02
  0.530594E+02  0.221324E+02  0.216550E+02  0.000000E+00  0.000000E+00  0.000000E+00  0.220588E+02
  0.548579E+02  0.208114E+02  0.203579E+02  0.000000E+00  0.000000E+00  0.000000E+00  0.207414E+02
  0.567173E+02  0.195685E+02  0.191374E+02  0.000000E+00  0.000000E+00  0.000000E+00  0.195020E+02
  0.586397E+02  0.183993E+02  0.179893E+02  0.000000E+00  0.000000E+00  0.000000E+00  0.183360E+02
  0.606273E+02  0.172993E+02  0.169091E+02  0.000000E+00  0.000000E+00  0.000000E+00  0.172391E+02
  0.626823E+02  0.162645E+02  0.158930E+02  0.000000E+00  0.000000E+00  0.000000E+00  0.162072E+02
  0.648069E+02  0.152911E+02  0.149372E+02  0.000000E+00  0.000000E+00  0.000000E+00  0.152365E+02
  0.670036E+02  0.143755E+02  0.140380E+02  0.000000E+00  0.000000E+00  0.000000E+00  0.143234E+02
  0.692747E+02  0.135142E+02  0.131922E+02  0.000000E+00  0.000000E+00  0.000000E+00  0.134645E+02
  0.716227E+02  0.127041E+02  0.123966E+02  0.000000E+00  0.000000E+00  0.000000E+00  0.126566E+02
  0.740504E+02  0.119421E+02  0.116483E+02  0.000000E+00  0.000000E+00  0.000000E+00  0.118967E+02
  0.765604E+02  0.112254E+02  0.109444E+02  0.000000E+00  0.000000E+00  0.000000E+00  0.111820E+02
  0.791553E+02  0.105513E+02  0.102824E+02  0.000000E+00  0.000000E+00  0.000000E+00  0.105098E+02
  0.818384E+02  0.991737E+01  0.965974E+01  0.000000E+00  0.000000E+00  0.000000E+00  0.987761E+01
  0.846122E+02  0.932115E+01  0.907416E+01  0.000000E+00  0.000000E+00  0.000000E+00  0.928303E+01
  0.874802E+02  0.876042E+01  0.852342E+01  0.000000E+00  0.000000E+00  0.000000E+00  0.872384E+01
  0.904453E+02  0.823311E+01  0.800549E+01  0.000000E+00  0.000000E+00  0.000000E+00  0.819798E+01
  0.935109E+02  0.773722E+01  0.751842E+01  0.000000E+00  0.000000E+00  0.000000E+00  0.770346E+01
  0.966806E+02  0.727088E+01  0.706035E+01  0.000000E+00  0.000000E+00  0.000000E+00  0.723839E+01
  0.999576E+02  0.683238E+01  0.662962E+01  0.000000E+00  0.000000E+00  0.000000E+00  0.680109E+01
  0.103346E+03  0.642005E+01  0.622459E+01  0.000000E+00  0.000000E+00  0.000000E+00  0.638988E+01
  0.106849E+03  0.603230E+01  0.584370E+01  0.000000E+00  0.000000E+00  0.000000E+00  0.600320E+01
  0.110470E+03  0.566774E+01  0.548558E+01  0.000000E+00  0.000000E+00  0.000000E+00  0.563963E+01
  0.114215E+03  0.532495E+01  0.514885E+01  0.000000E+00  0.000000E+00  0.000000E+00  0.529778E+01
  0.118086E+03  0.500266E+01  0.483223E+01  0.000000E+00  0.000000E+00  0.000000E+00  0.497636E+01
  0.122089E+03  0.469962E+01  0.453453E+01  0.000000E+00  0.000000E+00  0.000000E+00  0.467414E+01
  0.126227E+03  0.441472E+01  0.425466E+01  0.000000E+00  0.000000E+00  0.000000E+00  0.439001E+01
  0.130505E+03  0.414686E+01  0.399152E+01  0.000000E+00  0.000000E+00  0.000000E+00  0.412289E+01
  0.134928E+03  0.389505E+01  0.374415E+01  0.000000E+00  0.000000E+00  0.000000E+00  0.387176E+01
  0.139502E+03  0.365830E+01  0.351157E+01  0.000000E+00  0.000000E+00  0.000000E+00  0.363566E+01
  0.144230E+03  0.343575E+01  0.329295E+01  0.000000E+00  0.000000E+00  0.000000E+00  0.341371E+01
  0.149119E+03  0.322653E+01  0.308744E+01  0.000000E+00  0.000000E+00  0.000000E+00  0.320507E+01
  0.154173E+03  0.302987E+01  0.289426E+01  0.000000E+00  0.000000E+00  0.000000E+00  0.300894E+01
  0.159399E+03  0.284499E+01  0.271267E+01  0.000000E+00  0.000000E+00  0.000000E+00  0.282456E+01
  0.164802E+03  0.267121E+01  0.254200E+01  0.000000E+00  0.000000E+00  0.000000E+00  0.265127E+01
  0.170388E+03  0.250787E+01  0.238159E+01  0.000000E+00  0.000000E+00  0.000000E+00  0.248838E+01
  0.176164E+03  0.235433E+01  0.223083E+01  0.000000E+00  0.000000E+00  0.000000E+00  0.233527E+01
  0.182135E+03  0.221002E+01  0.208915E+01  0.000000E+00  0.000000E+00  0.000000E+00  0.219137E+01
  0.188308E+03  0.207440E+01  0.195601E+01  0.000000E+00  0.000000E+00  0.000000E+00  0.205613E+01
  0.194691E+03  0.194692E+01  0.183091E+01  0.000000E+00  0.000000E+00  0.000000E+00  0.192902E+01
  0.201290E+03  0.182712E+01  0.171336E+01  0.000000E+00  0.000000E+00  0.000000E+00  0.180956E+01
