  0.108800E-04  0.227035E+07  0.227035E+07  0.302696E+07  0.302696E+07  0.000000E+00  0.227035E+07
  0.112487E-04  0.227035E+07  0.227035E+07  0.302695E+07  0.302695E+07  0.000000E+00  0.227035E+07
  0.116300E-04  0.227035E+07  0.227035E+07  0.302694E+07  0.302693E+07  0.000000E+00  0.227035E+07
  0.120242E-04  0.227035E+07  0.227035E+07  0.302692E+07  0.302692E+07  0.000000E+00  0.227035E+07
  0.124318E-04  0.227035E+07  0.227035E+07  0.302691E+07  0.302690E+07  0.000000E+00  0.227035E+07
  0.128531E-04  0.227035E+07  0.227035E+07  0.302689E+07  0.302689E+07  0.000000E+00  0.227035E+07
  0.132888E-04  0.227035E+07  0.227035E+07  0.302688E+07  0.302687E+07  0.000000E+00  0.227035E+07
  0.137392E-04  0.227035E+07  0.227035E+07  0.302686E+07  0.302685E+07  0.000000E+00  0.227035E+07
  0.142049E-04  0.227035E+07  0.227035E+07  0.302684E+07  0.302683E+07  0.000000E+00  0.227035E+07
  0.146864E-04  0.227035E+07  0.227035E+07  0.302682E+07  0.302681E+07  0.000000E+00  0.227035E+07
  0.151842E-04  0.227035E+07  0.227035E+07  0.302680E+07  0.302679E+07  0.000000E+00  0.227035E+07
  0.156989E-04  0.227035E+07  0.227035E+07  0.302677E+07  0.302677E+07  0.000000E+00  0.227035E+07
  0.162310E-04  0.227035E+07  0.227035E+07  0.302675E+07  0.302674E+07  0.000000E+00  0.227035E+07
  0.167811E-04  0.227035E+07  0.227035E+07  0.302672E+07  0.302672E+07  0.000000E+00  0.227035E+07
  0.173499E-04  0.227035E+07  0.227035E+07  0.302669E+07  0.302669E+07  0.000000E+00  0.227035E+07
  0.179380E-04  0.227035E+07  0.227035E+07  0.302666E+07  0.302666E+07  0.000000E+00  0.227035E+07
  0.185460E-04  0.227034E+07  0.227034E+07  0.302663E+07  0.302662E+07  0.000000E+00  0.227034E+07
  0.191746E-04  0.227034E+07  0.227034E+07  0.302660E+07  0.302659E+07  0.000000E+00  0.227034E+07
  0.198246E-04  0.227034E+07  0.227034E+07  0.302656E+07  0.302655E+07  0.000000E+00  0.227034E+07
  0.204965E-04  0.227034E+07  0.227034E+07  0.302652E+07  0.302651E+07  0.000000E+00  0.227034E+07
  0.211913E-04  0.227034E+07  0.227034E+07  0.302648E+07  0.302647E+07  0.000000E+00  0.227034E+07
  0.219095E-04  0.227034E+07  0.227034E+07  0.302643E+07  0.302642E+07  0.000000E+00  0.227034E+07
  0.226522E-04  0.227034E+07  0.227034E+07  0.302638E+07  0.302637E+07  0.000000E+00  0.227034E+07
  0.234200E-04  0.227034E+07  0.227034E+07  0.302633E+07  0.302632E+07  0.000000E+00  0.227034E+07
  0.242138E-04  0.227034E+07  0.227034E+07  0.302627E+07  0.302626E+07  0.000000E+00  0.227034E+07
  0.250345E-04  0.227034E+07  0.227034E+07  0.302622E+07  0.302620E+07  0.000000E+00  0.227034E+07
  0.258831E-04  0.227034E+07  0.227034E+07  0.302615E+07  0.302614E+07  0.000000E+00  0.227034E+07
  0.267604E-04  0.227034E+07  0.227034E+07  0.302608E+07  0.302607E+07  0.000000E+00  0.227034E+07
  0.276674E-04  0.227034E+07  0.227034E+07  0.302601E+07  0.302600E+07  0.000000E+00  0.227034E+07
  0.286052E-04  0.227034E+07  0.227034E+07  0.302593E+07  0.302592E+07  0.000000E+00  0.227034E+07
  0.295748E-04  0.227034E+07  0.227034E+07  0.302585E+07  0.302584E+07  0.000000E+00  0.227034E+07
  0.305772E-04  0.227034E+07  0.227034E+07  0.302576E+07  0.302575E+07  0.000000E+00  0.227034E+07
  0.316136E-04  0.227033E+07  0.227033E+07  0.302567E+07  0.302565E+07  0.000000E+00  0.227033E+07
  0.326852E-04  0.227033E+07  0.227033E+07  0.302557E+07  0.302555E+07  0.000000E+00  0.227033E+07
  0.337931E-04  0.227033E+07  0.227033E+07  0.302546E+07  0.302544E+07  0.000000E+00  0.227033E+07
  0.349385E-04  0.227033E+07  0.227033E+07  0.302535E+07  0.302532E+07  0.000000E+00  0.227033E+07
  0.361227E-04  0.227033E+07  0.227033E+07  0.302522E+07  0.302520E+07  0.000000E+00  0.227033E+07
  0.373471E-04  0.227033E+07  0.227033E+07  0.302509E+07  0.302506E+07  0.000000E+00  0.227033E+07
  0.386130E-04  0.227033E+07  0.227033E+07  0.302495E+07  0.302492E+07  0.000000E+00  0.227033E+07
  0.399218E-04  0.227033E+07  0.227033E+07  0.302480E+07  0.302477E+07  0.000000E+00  0.227033E+07
  0.412749E-04  0.227032E+07  0.227032E+07  0.302464E+07  0.302461E+07  0.000000E+00  0.227032E+07
  0.426740E-04  0.227032E+07  0.227032E+07  0.302447E+07  0.302443E+07  0.000000E+00  0.227032E+07
  0.441204E-04  0.227032E+07  0.227032E+07  0.302428E+07  0.302425E+07  0.000000E+00  0.227032E+07
  0.456159E-04  0.227032E+07  0.227032E+07  0.302409E+07  0.302405E+07  0.000000E+00  0.227032E+07
  0.471620E-04  0.227032E+07  0.227032E+07  0.302388E+07  0.302383E+07  0.000000E+00  0.227032E+07
  0.487606E-04  0.227031E+07  0.227031E+07  0.302365E+07  0.302361E+07  0.000000E+00  0.227031E+07
  0.504133E-04  0.227031E+07  0.227031E+07  0.302341E+07  0.302336E+07  0.000000E+00  0.227031E+07
  0.521221E-04  0.227031E+07  0.227031E+07  0.302316E+07  0.302310E+07  0.000000E+00  0.227031E+07
  0.538888E-04  0.227031E+07  0.227030E+07  0.302288E+07  0.302283E+07  0.000000E+00  0.227031E+07
  0.557153E-04  0.227030E+07  0.227030E+07  0.302259E+07  0.302253E+07  0.000000E+00  0.227030E+07
  0.576038E-04  0.227030E+07  0.227030E+07  0.302227E+07  0.302221E+07  0.000000E+00  0.227030E+07
  0.595563E-04  0.227030E+07  0.227030E+07  0.302194E+07  0.302187E+07  0.000000E+00  0.227030E+07
  0.615750E-04  0.227029E+07  0.227029E+07  0.302158E+07  0.302151E+07  0.000000E+00  0.227029E+07
  0.636621E-04  0.227029E+07  0.227029E+07  0.302120E+07  0.302112E+07  0.000000E+00  0.227029E+07
  0.658199E-04  0.227028E+07  0.227028E+07  0.302079E+07  0.302071E+07  0.000000E+00  0.227028E+07
  0.680509E-04  0.227028E+07  0.227028E+07  0.302035E+07  0.302027E+07  0.000000E+00  0.227028E+07
  0.703575E-04  0.227027E+07  0.227027E+07  0.301989E+07  0.301980E+07  0.000000E+00  0.227027E+07
  0.727422E-04  0.227027E+07  0.227027E+07  0.301939E+07  0.301929E+07  0.000000E+00  0.227027E+07
  0.752079E-04  0.227026E+07  0.227026E+07  0.301886E+07  0.301875E+07  0.000000E+00  0.227026E+07
  0.777570E-04  0.227026E+07  0.227026E+07  0.301829E+07  0.301817E+07  0.000000E+00  0.227026E+07
  0.803926E-04  0.227025E+07  0.227025E+07  0.301768E+07  0.301756E+07  0.000000E+00  0.227025E+07
  0.831175E-04  0.227024E+07  0.227024E+07  0.301703E+07  0.301690E+07  0.000000E+00  0.227024E+07
  0.859348E-04  0.227024E+07  0.227024E+07  0.301633E+07  0.301619E+07  0.000000E+00  0.227024E+07
  0.888476E-04  0.227023E+07  0.227023E+07  0.301559E+07  0.301544E+07  0.000000E+00  0.227023E+07
  0.918591E-04  0.227022E+07  0.227022E+07  0.301479E+07  0.301463E+07  0.000000E+00  0.227022E+07
  0.949726E-04  0.227021E+07  0.227021E+07  0.301394E+07  0.301377E+07  0.000000E+00  0.227021E+07
  0.981917E-04  0.227020E+07  0.227020E+07  0.301304E+07  0.301286E+07  0.000000E+00  0.227020E+07
  0.101520E-03  0.227019E+07  0.227019E+07  0.301207E+07  0.301187E+07  0.000000E+00  0.227019E+07
  0.104961E-03  0.227018E+07  0.227018E+07  0.301103E+07  0.301082E+07  0.000000E+00  0.227018E+07
  0.108519E-03  0.227017E+07  0.227017E+07  0.300992E+07  0.300970E+07  0.000000E+00  0.227017E+07
  0.112197E-03  0.227016E+07  0.227015E+07  0.300874E+07  0.300850E+07  0.000000E+00  0.227016E+07
  0.116000E-03  0.227014E+07  0.227014E+07  0.300747E+07  0.300722E+07  0.000000E+00  0.227014E+07
  0.119932E-03  0.227013E+07  0.227013E+07  0.300612E+07  0.300586E+07  0.000000E+00  0.227013E+07
  0.123997E-03  0.227011E+07  0.227011E+07  0.300468E+07  0.300439E+07  0.000000E+00  0.227011E+07
  0.128200E-03  0.227010E+07  0.227009E+07  0.300314E+07  0.300283E+07  0.000000E+00  0.227010E+07
  0.132545E-03  0.227008E+07  0.227008E+07  0.300149E+07  0.300116E+07  0.000000E+00  0.227008E+07
  0.137038E-03  0.227006E+07  0.227006E+07  0.299973E+07  0.299938E+07  0.000000E+00  0.227006E+07
  0.141683E-03  0.227004E+07  0.227004E+07  0.299785E+07  0.299748E+07  0.000000E+00  0.227004E+07
  0.146485E-03  0.227002E+07  0.227002E+07  0.299584E+07  0.299544E+07  0.000000E+00  0.227002E+07
  0.151450E-03  0.227000E+07  0.226999E+07  0.299369E+07  0.299327E+07  0.000000E+00  0.227000E+07
  0.156583E-03  0.226997E+07  0.226997E+07  0.299140E+07  0.299095E+07  0.000000E+00  0.226997E+07
  0.161891E-03  0.226994E+07  0.226994E+07  0.298895E+07  0.298847E+07  0.000000E+00  0.226994E+07
  0.167378E-03  0.226992E+07  0.226991E+07  0.298634E+07  0.298582E+07  0.000000E+00  0.226992E+07
  0.173051E-03  0.226989E+07  0.226988E+07  0.298354E+07  0.298299E+07  0.000000E+00  0.226989E+07
  0.178917E-03  0.226986E+07  0.226985E+07  0.298056E+07  0.297997E+07  0.000000E+00  0.226986E+07
  0.184981E-03  0.226982E+07  0.226982E+07  0.297737E+07  0.297674E+07  0.000000E+00  0.226982E+07
  0.191251E-03  0.226978E+07  0.226978E+07  0.297397E+07  0.297330E+07  0.000000E+00  0.226978E+07
  0.197734E-03  0.226975E+07  0.226974E+07  0.297034E+07  0.296962E+07  0.000000E+00  0.226975E+07
  0.204436E-03  0.226970E+07  0.226970E+07  0.296646E+07  0.296569E+07  0.000000E+00  0.226970E+07
  0.211366E-03  0.226966E+07  0.226966E+07  0.296232E+07  0.296150E+07  0.000000E+00  0.226966E+07
  0.218530E-03  0.226961E+07  0.226961E+07  0.295790E+07  0.295703E+07  0.000000E+00  0.226961E+07
  0.225937E-03  0.226956E+07  0.226956E+07  0.295318E+07  0.295225E+07  0.000000E+00  0.226956E+07
  0.233595E-03  0.226951E+07  0.226950E+07  0.294814E+07  0.294715E+07  0.000000E+00  0.226951E+07
  0.241513E-03  0.226945E+07  0.226944E+07  0.294277E+07  0.294171E+07  0.000000E+00  0.226945E+07
  0.249699E-03  0.226939E+07  0.226938E+07  0.293703E+07  0.293591E+07  0.000000E+00  0.226939E+07
  0.258162E-03  0.226932E+07  0.226931E+07  0.293091E+07  0.292971E+07  0.000000E+00  0.226932E+07
  0.266913E-03  0.226925E+07  0.226924E+07  0.292438E+07  0.292311E+07  0.000000E+00  0.226925E+07
  0.275960E-03  0.226918E+07  0.226917E+07  0.291742E+07  0.291606E+07  0.000000E+00  0.226917E+07
  0.285314E-03  0.226909E+07  0.226909E+07  0.290999E+07  0.290854E+07  0.000000E+00  0.226909E+07
  0.294984E-03  0.226901E+07  0.226900E+07  0.290208E+07  0.290053E+07  0.000000E+00  0.226901E+07
  0.304983E-03  0.226892E+07  0.226891E+07  0.289363E+07  0.289199E+07  0.000000E+00  0.226891E+07
  0.315320E-03  0.226882E+07  0.226881E+07  0.288463E+07  0.288288E+07  0.000000E+00  0.226882E+07
  0.326008E-03  0.226871E+07  0.226870E+07  0.287504E+07  0.287318E+07  0.000000E+00  0.226871E+07
  0.337058E-03  0.226860E+07  0.226859E+07  0.286482E+07  0.286284E+07  0.000000E+00  0.226860E+07
  0.348483E-03  0.226848E+07  0.226847E+07  0.285394E+07  0.285183E+07  0.000000E+00  0.226848E+07
  0.360295E-03  0.226835E+07  0.226834E+07  0.284234E+07  0.284010E+07  0.000000E+00  0.226835E+07
  0.372507E-03  0.226822E+07  0.226820E+07  0.283000E+07  0.282761E+07  0.000000E+00  0.226821E+07
  0.385133E-03  0.226807E+07  0.226805E+07  0.281686E+07  0.281432E+07  0.000000E+00  0.226807E+07
  0.398187E-03  0.226791E+07  0.226790E+07  0.280287E+07  0.280018E+07  0.000000E+00  0.226791E+07
  0.411684E-03  0.226775E+07  0.226773E+07  0.278799E+07  0.278513E+07  0.000000E+00  0.226774E+07
  0.425638E-03  0.226757E+07  0.226755E+07  0.277217E+07  0.276914E+07  0.000000E+00  0.226757E+07
  0.440065E-03  0.226738E+07  0.226736E+07  0.275535E+07  0.275213E+07  0.000000E+00  0.226738E+07
  0.454981E-03  0.226718E+07  0.226715E+07  0.273748E+07  0.273406E+07  0.000000E+00  0.226717E+07
  0.470403E-03  0.226696E+07  0.226694E+07  0.271849E+07  0.271487E+07  0.000000E+00  0.226696E+07
  0.486347E-03  0.226673E+07  0.226670E+07  0.269833E+07  0.269450E+07  0.000000E+00  0.226672E+07
  0.502832E-03  0.226648E+07  0.226645E+07  0.267693E+07  0.267288E+07  0.000000E+00  0.226648E+07
  0.519875E-03  0.226622E+07  0.226619E+07  0.265424E+07  0.264995E+07  0.000000E+00  0.226621E+07
  0.537497E-03  0.226594E+07  0.226590E+07  0.263018E+07  0.262565E+07  0.000000E+00  0.226593E+07
  0.555715E-03  0.226564E+07  0.226560E+07  0.260468E+07  0.259990E+07  0.000000E+00  0.226563E+07
  0.574551E-03  0.226531E+07  0.226528E+07  0.257768E+07  0.257264E+07  0.000000E+00  0.226531E+07
  0.594026E-03  0.226497E+07  0.226494E+07  0.254911E+07  0.254380E+07  0.000000E+00  0.226497E+07
  0.614160E-03  0.226461E+07  0.226457E+07  0.251890E+07  0.251331E+07  0.000000E+00  0.226460E+07
  0.634977E-03  0.226422E+07  0.226418E+07  0.248698E+07  0.248110E+07  0.000000E+00  0.226421E+07
  0.656500E-03  0.226380E+07  0.226376E+07  0.245327E+07  0.244711E+07  0.000000E+00  0.226380E+07
  0.678752E-03  0.226336E+07  0.226331E+07  0.241772E+07  0.241125E+07  0.000000E+00  0.226336E+07
  0.701758E-03  0.226289E+07  0.226284E+07  0.238025E+07  0.237348E+07  0.000000E+00  0.226288E+07
  0.725544E-03  0.226239E+07  0.226233E+07  0.234080E+07  0.233372E+07  0.000000E+00  0.226238E+07
  0.750137E-03  0.226185E+07  0.226180E+07  0.229931E+07  0.229192E+07  0.000000E+00  0.226184E+07
  0.775563E-03  0.226128E+07  0.226122E+07  0.225573E+07  0.224803E+07  0.000000E+00  0.226127E+07
  0.801851E-03  0.226068E+07  0.226061E+07  0.221000E+07  0.220200E+07  0.000000E+00  0.226067E+07
  0.829029E-03  0.226003E+07  0.225996E+07  0.216210E+07  0.215379E+07  0.000000E+00  0.226002E+07
  0.857129E-03  0.225934E+07  0.225926E+07  0.211198E+07  0.210338E+07  0.000000E+00  0.225933E+07
  0.886182E-03  0.225861E+07  0.225852E+07  0.205962E+07  0.205074E+07  0.000000E+00  0.225859E+07
  0.916219E-03  0.225783E+07  0.225774E+07  0.200502E+07  0.199588E+07  0.000000E+00  0.225781E+07
  0.947274E-03  0.225700E+07  0.225690E+07  0.194819E+07  0.193880E+07  0.000000E+00  0.225698E+07
  0.979383E-03  0.225611E+07  0.225601E+07  0.188914E+07  0.187953E+07  0.000000E+00  0.225610E+07
  0.101258E-02  0.225517E+07  0.225507E+07  0.182792E+07  0.181811E+07  0.000000E+00  0.225516E+07
  0.104690E-02  0.225417E+07  0.225406E+07  0.176459E+07  0.175463E+07  0.000000E+00  0.225416E+07
  0.108239E-02  0.225311E+07  0.225299E+07  0.169923E+07  0.168916E+07  0.000000E+00  0.225310E+07
  0.111907E-02  0.225199E+07  0.225186E+07  0.163197E+07  0.162183E+07  0.000000E+00  0.225197E+07
  0.115700E-02  0.225079E+07  0.225065E+07  0.156294E+07  0.155279E+07  0.000000E+00  0.225077E+07
  0.119622E-02  0.224952E+07  0.224937E+07  0.149232E+07  0.148220E+07  0.000000E+00  0.224950E+07
  0.123677E-02  0.224818E+07  0.224802E+07  0.142030E+07  0.141030E+07  0.000000E+00  0.224815E+07
  0.127869E-02  0.224675E+07  0.224658E+07  0.134713E+07  0.133731E+07  0.000000E+00  0.224672E+07
  0.132203E-02  0.224524E+07  0.224506E+07  0.127307E+07  0.126352E+07  0.000000E+00  0.224521E+07
  0.136684E-02  0.224364E+07  0.224344E+07  0.119845E+07  0.118923E+07  0.000000E+00  0.224361E+07
  0.141317E-02  0.224194E+07  0.224173E+07  0.112360E+07  0.111481E+07  0.000000E+00  0.224191E+07
  0.146107E-02  0.224015E+07  0.223993E+07  0.104890E+07  0.104064E+07  0.000000E+00  0.224011E+07
  0.151059E-02  0.223825E+07  0.223801E+07  0.974773E+06  0.967119E+06  0.000000E+00  0.223822E+07
  0.156179E-02  0.223625E+07  0.223599E+07  0.901652E+06  0.894700E+06  0.000000E+00  0.223621E+07
  0.161473E-02  0.223413E+07  0.223386E+07  0.830009E+06  0.823845E+06  0.000000E+00  0.223409E+07
  0.166946E-02  0.223190E+07  0.223161E+07  0.760327E+06  0.755033E+06  0.000000E+00  0.223185E+07
  0.172605E-02  0.222954E+07  0.222923E+07  0.693103E+06  0.688749E+06  0.000000E+00  0.222949E+07
  0.178455E-02  0.222706E+07  0.222673E+07  0.628829E+06  0.625474E+06  0.000000E+00  0.222701E+07
  0.184504E-02  0.222444E+07  0.222409E+07  0.567988E+06  0.565673E+06  0.000000E+00  0.222439E+07
  0.190758E-02  0.222169E+07  0.222132E+07  0.511035E+06  0.509782E+06  0.000000E+00  0.222163E+07
  0.197223E-02  0.221880E+07  0.221840E+07  0.458384E+06  0.458189E+06  0.000000E+00  0.221874E+07
  0.203908E-02  0.221576E+07  0.221533E+07  0.410390E+06  0.411220E+06  0.000000E+00  0.221569E+07
  0.210820E-02  0.221257E+07  0.221211E+07  0.367329E+06  0.369122E+06  0.000000E+00  0.221250E+07
  0.217966E-02  0.220922E+07  0.220873E+07  0.329387E+06  0.332046E+06  0.000000E+00  0.220914E+07
  0.225354E-02  0.220571E+07  0.220519E+07  0.296636E+06  0.300031E+06  0.000000E+00  0.220563E+07
  0.232992E-02  0.220203E+07  0.220147E+07  0.269025E+06  0.272993E+06  0.000000E+00  0.220195E+07
  0.240889E-02  0.219818E+07  0.219759E+07  0.246367E+06  0.250714E+06  0.000000E+00  0.219809E+07
  0.249054E-02  0.219416E+07  0.219352E+07  0.228330E+06  0.232840E+06  0.000000E+00  0.219406E+07
  0.257496E-02  0.218996E+07  0.218928E+07  0.214447E+06  0.218887E+06  0.000000E+00  0.218985E+07
  0.266224E-02  0.218557E+07  0.218484E+07  0.204116E+06  0.208247E+06  0.000000E+00  0.218545E+07
  0.275248E-02  0.218098E+07  0.218021E+07  0.196622E+06  0.200217E+06  0.000000E+00  0.218087E+07
  0.284577E-02  0.217621E+07  0.217538E+07  0.191170E+06  0.194023E+06  0.000000E+00  0.217608E+07
  0.294223E-02  0.217123E+07  0.217035E+07  0.186918E+06  0.188868E+06  0.000000E+00  0.217110E+07
  0.304196E-02  0.216605E+07  0.216511E+07  0.183031E+06  0.183974E+06  0.000000E+00  0.216590E+07
  0.314506E-02  0.216066E+07  0.215965E+07  0.178737E+06  0.178641E+06  0.000000E+00  0.216050E+07
  0.325166E-02  0.215505E+07  0.215398E+07  0.173384E+06  0.172299E+06  0.000000E+00  0.215488E+07
  0.336188E-02  0.214922E+07  0.214807E+07  0.166499E+06  0.164560E+06  0.000000E+00  0.214904E+07
  0.347583E-02  0.214316E+07  0.214194E+07  0.157836E+06  0.155259E+06  0.000000E+00  0.214297E+07
  0.359365E-02  0.213687E+07  0.213557E+07  0.147412E+06  0.144472E+06  0.000000E+00  0.213667E+07
  0.371545E-02  0.213034E+07  0.212895E+07  0.135511E+06  0.132518E+06  0.000000E+00  0.213013E+07
  0.384139E-02  0.212357E+07  0.212209E+07  0.122668E+06  0.119923E+06  0.000000E+00  0.212334E+07
  0.397159E-02  0.211655E+07  0.211497E+07  0.109608E+06  0.107362E+06  0.000000E+00  0.211630E+07
  0.410621E-02  0.210927E+07  0.210758E+07  0.971600E+05  0.955628E+05  0.000000E+00  0.210901E+07
  0.424539E-02  0.210172E+07  0.209993E+07  0.861417E+05  0.851986E+05  0.000000E+00  0.210145E+07
  0.438929E-02  0.209391E+07  0.209200E+07  0.772255E+05  0.767744E+05  0.000000E+00  0.209362E+07
  0.453806E-02  0.208583E+07  0.208378E+07  0.708159E+05  0.705279E+05  0.000000E+00  0.208551E+07
  0.469188E-02  0.207746E+07  0.207528E+07  0.669540E+05  0.663686E+05  0.000000E+00  0.207712E+07
  0.485091E-02  0.206880E+07  0.206648E+07  0.652780E+05  0.638757E+05  0.000000E+00  0.206844E+07
  0.501534E-02  0.205985E+07  0.205738E+07  0.000000E+00  0.000000E+00  0.000000E+00  0.205947E+07
  0.518533E-02  0.205061E+07  0.204797E+07  0.000000E+00  0.000000E+00  0.000000E+00  0.205020E+07
  0.536109E-02  0.204105E+07  0.203824E+07  0.000000E+00  0.000000E+00  0.000000E+00  0.204062E+07
  0.554280E-02  0.203119E+07  0.202820E+07  0.000000E+00  0.000000E+00  0.000000E+00  0.203073E+07
  0.573068E-02  0.202101E+07  0.201782E+07  0.000000E+00  0.000000E+00  0.000000E+00  0.202052E+07
  0.592492E-02  0.201050E+07  0.200711E+07  0.000000E+00  0.000000E+00  0.000000E+00  0.200998E+07
  0.612574E-02  0.199967E+07  0.199605E+07  0.000000E+00  0.000000E+00  0.000000E+00  0.199911E+07
  0.633338E-02  0.198850E+07  0.198465E+07  0.000000E+00  0.000000E+00  0.000000E+00  0.198790E+07
  0.654805E-02  0.197699E+07  0.197289E+07  0.000000E+00  0.000000E+00  0.000000E+00  0.197635E+07
  0.677000E-02  0.196513E+07  0.196076E+07  0.000000E+00  0.000000E+00  0.000000E+00  0.196445E+07
  0.699947E-02  0.195292E+07  0.194827E+07  0.000000E+00  0.000000E+00  0.000000E+00  0.195220E+07
  0.723671E-02  0.194034E+07  0.193540E+07  0.000000E+00  0.000000E+00  0.000000E+00  0.193958E+07
  0.748200E-02  0.192740E+07  0.192215E+07  0.000000E+00  0.000000E+00  0.000000E+00  0.192659E+07
  0.773561E-02  0.191409E+07  0.190850E+07  0.000000E+00  0.000000E+00  0.000000E+00  0.191323E+07
  0.799781E-02  0.190041E+07  0.189446E+07  0.000000E+00  0.000000E+00  0.000000E+00  0.189949E+07
  0.826889E-02  0.188633E+07  0.188001E+07  0.000000E+00  0.000000E+00  0.000000E+00  0.188536E+07
  0.854917E-02  0.187187E+07  0.186516E+07  0.000000E+00  0.000000E+00  0.000000E+00  0.187084E+07
  0.883894E-02  0.185702E+07  0.184988E+07  0.000000E+00  0.000000E+00  0.000000E+00  0.185591E+07
  0.913854E-02  0.184176E+07  0.183418E+07  0.000000E+00  0.000000E+00  0.000000E+00  0.184059E+07
  0.944829E-02  0.182609E+07  0.181804E+07  0.000000E+00  0.000000E+00  0.000000E+00  0.182485E+07
  0.976854E-02  0.181001E+07  0.180147E+07  0.000000E+00  0.000000E+00  0.000000E+00  0.180870E+07
  0.100996E-01  0.179352E+07  0.178445E+07  0.000000E+00  0.000000E+00  0.000000E+00  0.179212E+07
  0.104420E-01  0.177659E+07  0.176698E+07  0.000000E+00  0.000000E+00  0.000000E+00  0.177511E+07
  0.107959E-01  0.175924E+07  0.174905E+07  0.000000E+00  0.000000E+00  0.000000E+00  0.175767E+07
  0.111618E-01  0.174146E+07  0.173065E+07  0.000000E+00  0.000000E+00  0.000000E+00  0.173979E+07
  0.115402E-01  0.172323E+07  0.171178E+07  0.000000E+00  0.000000E+00  0.000000E+00  0.172146E+07
  0.119313E-01  0.170456E+07  0.169243E+07  0.000000E+00  0.000000E+00  0.000000E+00  0.170268E+07
  0.123357E-01  0.168543E+07  0.167260E+07  0.000000E+00  0.000000E+00  0.000000E+00  0.168345E+07
  0.127539E-01  0.166585E+07  0.165228E+07  0.000000E+00  0.000000E+00  0.000000E+00  0.166376E+07
  0.131862E-01  0.164582E+07  0.163146E+07  0.000000E+00  0.000000E+00  0.000000E+00  0.164360E+07
  0.136331E-01  0.162532E+07  0.161015E+07  0.000000E+00  0.000000E+00  0.000000E+00  0.162298E+07
  0.140952E-01  0.160435E+07  0.158833E+07  0.000000E+00  0.000000E+00  0.000000E+00  0.160188E+07
  0.145730E-01  0.158292E+07  0.156601E+07  0.000000E+00  0.000000E+00  0.000000E+00  0.158031E+07
  0.150669E-01  0.156101E+07  0.154319E+07  0.000000E+00  0.000000E+00  0.000000E+00  0.155826E+07
  0.155776E-01  0.153864E+07  0.151985E+07  0.000000E+00  0.000000E+00  0.000000E+00  0.153574E+07
  0.161056E-01  0.151579E+07  0.149601E+07  0.000000E+00  0.000000E+00  0.000000E+00  0.151274E+07
  0.166515E-01  0.149247E+07  0.147167E+07  0.000000E+00  0.000000E+00  0.000000E+00  0.148926E+07
  0.172159E-01  0.146869E+07  0.144682E+07  0.000000E+00  0.000000E+00  0.000000E+00  0.146532E+07
  0.177994E-01  0.144445E+07  0.142148E+07  0.000000E+00  0.000000E+00  0.000000E+00  0.144090E+07
  0.184028E-01  0.141974E+07  0.139565E+07  0.000000E+00  0.000000E+00  0.000000E+00  0.141602E+07
  0.190265E-01  0.139459E+07  0.136935E+07  0.000000E+00  0.000000E+00  0.000000E+00  0.139070E+07
  0.196714E-01  0.136900E+07  0.134259E+07  0.000000E+00  0.000000E+00  0.000000E+00  0.136492E+07
  0.203382E-01  0.134298E+07  0.131538E+07  0.000000E+00  0.000000E+00  0.000000E+00  0.133872E+07
  0.210276E-01  0.131656E+07  0.128775E+07  0.000000E+00  0.000000E+00  0.000000E+00  0.131211E+07
  0.217403E-01  0.128974E+07  0.125971E+07  0.000000E+00  0.000000E+00  0.000000E+00  0.128511E+07
  0.224772E-01  0.126255E+07  0.123131E+07  0.000000E+00  0.000000E+00  0.000000E+00  0.125773E+07
  0.232390E-01  0.123502E+07  0.120257E+07  0.000000E+00  0.000000E+00  0.000000E+00  0.123001E+07
  0.240267E-01  0.120718E+07  0.117353E+07  0.000000E+00  0.000000E+00  0.000000E+00  0.120199E+07
  0.248411E-01  0.117906E+07  0.114423E+07  0.000000E+00  0.000000E+00  0.000000E+00  0.117368E+07
  0.256831E-01  0.115070E+07  0.111473E+07  0.000000E+00  0.000000E+00  0.000000E+00  0.114515E+07
  0.265537E-01  0.112214E+07  0.108508E+07  0.000000E+00  0.000000E+00  0.000000E+00  0.111642E+07
  0.274537E-01  0.109344E+07  0.105534E+07  0.000000E+00  0.000000E+00  0.000000E+00  0.108756E+07
  0.283842E-01  0.106465E+07  0.102558E+07  0.000000E+00  0.000000E+00  0.000000E+00  0.105862E+07
  0.293463E-01  0.103583E+07  0.995873E+06  0.000000E+00  0.000000E+00  0.000000E+00  0.102966E+07
  0.303410E-01  0.100704E+07  0.966307E+06  0.000000E+00  0.000000E+00  0.000000E+00  0.100075E+07
  0.313694E-01  0.978364E+06  0.936964E+06  0.000000E+00  0.000000E+00  0.000000E+00  0.971975E+06
  0.324327E-01  0.949871E+06  0.907937E+06  0.000000E+00  0.000000E+00  0.000000E+00  0.943400E+06
  0.335320E-01  0.921644E+06  0.879324E+06  0.000000E+00  0.000000E+00  0.000000E+00  0.915113E+06
  0.346686E-01  0.893769E+06  0.851227E+06  0.000000E+00  0.000000E+00  0.000000E+00  0.887203E+06
  0.358437E-01  0.866330E+06  0.823745E+06  0.000000E+00  0.000000E+00  0.000000E+00  0.859758E+06
  0.370586E-01  0.839419E+06  0.796983E+06  0.000000E+00  0.000000E+00  0.000000E+00  0.832869E+06
  0.383147E-01  0.812993E+06  0.770910E+06  0.000000E+00  0.000000E+00  0.000000E+00  0.806498E+06
  0.396134E-01  0.787184E+06  0.745668E+06  0.000000E+00  0.000000E+00  0.000000E+00  0.780777E+06
  0.409561E-01  0.762151E+06  0.721424E+06  0.000000E+00  0.000000E+00  0.000000E+00  0.755866E+06
  0.423443E-01  0.737990E+06  0.698275E+06  0.000000E+00  0.000000E+00  0.000000E+00  0.731860E+06
  0.437796E-01  0.714774E+06  0.676294E+06  0.000000E+00  0.000000E+00  0.000000E+00  0.708835E+06
  0.452635E-01  0.692556E+06  0.655526E+06  0.000000E+00  0.000000E+00  0.000000E+00  0.686841E+06
  0.467977E-01  0.671355E+06  0.635979E+06  0.000000E+00  0.000000E+00  0.000000E+00  0.665896E+06
  0.483839E-01  0.651166E+06  0.617626E+06  0.000000E+00  0.000000E+00  0.000000E+00  0.645990E+06
  0.500239E-01  0.631950E+06  0.600402E+06  0.000000E+00  0.000000E+00  0.000000E+00  0.627082E+06
  0.517194E-01  0.613646E+06  0.584214E+06  0.000000E+00  0.000000E+00  0.000000E+00  0.609104E+06
  0.534725E-01  0.596173E+06  0.568940E+06  0.000000E+00  0.000000E+00  0.000000E+00  0.591970E+06
  0.552850E-01  0.579444E+06  0.554445E+06  0.000000E+00  0.000000E+00  0.000000E+00  0.575586E+06
  0.571588E-01  0.563378E+06  0.540598E+06  0.000000E+00  0.000000E+00  0.000000E+00  0.559862E+06
  0.590963E-01  0.547950E+06  0.527317E+06  0.000000E+00  0.000000E+00  0.000000E+00  0.544766E+06
  0.610993E-01  0.533426E+06  0.514814E+06  0.000000E+00  0.000000E+00  0.000000E+00  0.530554E+06
  0.631703E-01  0.518788E+06  0.502006E+06  0.000000E+00  0.000000E+00  0.000000E+00  0.516198E+06
  0.653114E-01  0.504251E+06  0.489059E+06  0.000000E+00  0.000000E+00  0.000000E+00  0.501906E+06
  0.675252E-01  0.489653E+06  0.475764E+06  0.000000E+00  0.000000E+00  0.000000E+00  0.487509E+06
  0.698139E-01  0.474842E+06  0.461934E+06  0.000000E+00  0.000000E+00  0.000000E+00  0.472850E+06
  0.721803E-01  0.459694E+06  0.447424E+06  0.000000E+00  0.000000E+00  0.000000E+00  0.457801E+06
  0.746268E-01  0.444129E+06  0.432152E+06  0.000000E+00  0.000000E+00  0.000000E+00  0.442280E+06
  0.771564E-01  0.428127E+06  0.416118E+06  0.000000E+00  0.000000E+00  0.000000E+00  0.426274E+06
  0.797716E-01  0.411738E+06  0.399411E+06  0.000000E+00  0.000000E+00  0.000000E+00  0.409835E+06
  0.824755E-01  0.395072E+06  0.382207E+06  0.000000E+00  0.000000E+00  0.000000E+00  0.393086E+06
  0.852709E-01  0.378296E+06  0.364756E+06  0.000000E+00  0.000000E+00  0.000000E+00  0.376206E+06
  0.881612E-01  0.361613E+06  0.347362E+06  0.000000E+00  0.000000E+00  0.000000E+00  0.359414E+06
  0.911495E-01  0.345257E+06  0.330363E+06  0.000000E+00  0.000000E+00  0.000000E+00  0.342958E+06
  0.942390E-01  0.329480E+06  0.314120E+06  0.000000E+00  0.000000E+00  0.000000E+00  0.327110E+06
  0.974333E-01  0.314544E+06  0.298986E+06  0.000000E+00  0.000000E+00  0.000000E+00  0.312143E+06
  0.100736E+00  0.300692E+06  0.285272E+06  0.000000E+00  0.000000E+00  0.000000E+00  0.298312E+06
  0.104150E+00  0.288102E+06  0.273190E+06  0.000000E+00  0.000000E+00  0.000000E+00  0.285800E+06
  0.107680E+00  0.276840E+06  0.262797E+06  0.000000E+00  0.000000E+00  0.000000E+00  0.274672E+06
  0.111330E+00  0.266837E+06  0.253963E+06  0.000000E+00  0.000000E+00  0.000000E+00  0.264850E+06
  0.115104E+00  0.257900E+06  0.246395E+06  0.000000E+00  0.000000E+00  0.000000E+00  0.256125E+06
  0.119005E+00  0.249743E+06  0.239671E+06  0.000000E+00  0.000000E+00  0.000000E+00  0.248189E+06
  0.123039E+00  0.242018E+06  0.233289E+06  0.000000E+00  0.000000E+00  0.000000E+00  0.240671E+06
  0.127209E+00  0.234328E+06  0.226709E+06  0.000000E+00  0.000000E+00  0.000000E+00  0.233152E+06
  0.131521E+00  0.226278E+06  0.219422E+06  0.000000E+00  0.000000E+00  0.000000E+00  0.225220E+06
  0.135979E+00  0.217582E+06  0.211090E+06  0.000000E+00  0.000000E+00  0.000000E+00  0.216580E+06
  0.140588E+00  0.208187E+06  0.201676E+06  0.000000E+00  0.000000E+00  0.000000E+00  0.207182E+06
  0.145353E+00  0.198300E+06  0.191481E+06  0.000000E+00  0.000000E+00  0.000000E+00  0.197247E+06
  0.150280E+00  0.188282E+06  0.181022E+06  0.000000E+00  0.000000E+00  0.000000E+00  0.187162E+06
  0.155374E+00  0.178528E+06  0.170872E+06  0.000000E+00  0.000000E+00  0.000000E+00  0.177347E+06
  0.160640E+00  0.169424E+06  0.161584E+06  0.000000E+00  0.000000E+00  0.000000E+00  0.168214E+06
  0.166085E+00  0.161326E+06  0.153624E+06  0.000000E+00  0.000000E+00  0.000000E+00  0.160137E+06
  0.171715E+00  0.154425E+06  0.147201E+06  0.000000E+00  0.000000E+00  0.000000E+00  0.153310E+06
  0.177535E+00  0.148585E+06  0.142093E+06  0.000000E+00  0.000000E+00  0.000000E+00  0.147583E+06
  0.183553E+00  0.143387E+06  0.137720E+06  0.000000E+00  0.000000E+00  0.000000E+00  0.142512E+06
  0.189774E+00  0.138343E+06  0.133403E+06  0.000000E+00  0.000000E+00  0.000000E+00  0.137580E+06
  0.196206E+00  0.133046E+06  0.128584E+06  0.000000E+00  0.000000E+00  0.000000E+00  0.132357E+06
  0.202857E+00  0.127253E+06  0.122958E+06  0.000000E+00  0.000000E+00  0.000000E+00  0.126590E+06
  0.209733E+00  0.121000E+06  0.116622E+06  0.000000E+00  0.000000E+00  0.000000E+00  0.120325E+06
  0.216842E+00  0.114624E+06  0.110065E+06  0.000000E+00  0.000000E+00  0.000000E+00  0.113920E+06
  0.224192E+00  0.108581E+06  0.103924E+06  0.000000E+00  0.000000E+00  0.000000E+00  0.107862E+06
  0.231791E+00  0.103241E+06  0.986971E+05  0.000000E+00  0.000000E+00  0.000000E+00  0.102540E+06
  0.239647E+00  0.987233E+05  0.945101E+05  0.000000E+00  0.000000E+00  0.000000E+00  0.980731E+05
  0.247770E+00  0.947972E+05  0.910278E+05  0.000000E+00  0.000000E+00  0.000000E+00  0.942155E+05
  0.256168E+00  0.910334E+05  0.876599E+05  0.000000E+00  0.000000E+00  0.000000E+00  0.905128E+05
  0.264851E+00  0.870838E+05  0.839386E+05  0.000000E+00  0.000000E+00  0.000000E+00  0.865984E+05
  0.273828E+00  0.828570E+05  0.797636E+05  0.000000E+00  0.000000E+00  0.000000E+00  0.823796E+05
  0.283110E+00  0.785475E+05  0.754292E+05  0.000000E+00  0.000000E+00  0.000000E+00  0.780663E+05
  0.292706E+00  0.745094E+05  0.714226E+05  0.000000E+00  0.000000E+00  0.000000E+00  0.740330E+05
  0.302627E+00  0.709606E+05  0.680304E+05  0.000000E+00  0.000000E+00  0.000000E+00  0.705084E+05
  0.312884E+00  0.678282E+05  0.651392E+05  0.000000E+00  0.000000E+00  0.000000E+00  0.674132E+05
  0.323490E+00  0.648628E+05  0.623943E+05  0.000000E+00  0.000000E+00  0.000000E+00  0.644818E+05
  0.334454E+00  0.618204E+05  0.594781E+05  0.000000E+00  0.000000E+00  0.000000E+00  0.614589E+05
  0.345791E+00  0.587045E+05  0.564122E+05  0.000000E+00  0.000000E+00  0.000000E+00  0.583507E+05
  0.357512E+00  0.557078E+05  0.534691E+05  0.000000E+00  0.000000E+00  0.000000E+00  0.553623E+05
  0.369629E+00  0.529927E+05  0.508654E+05  0.000000E+00  0.000000E+00  0.000000E+00  0.526644E+05
  0.382158E+00  0.505226E+05  0.485424E+05  0.000000E+00  0.000000E+00  0.000000E+00  0.502170E+05
  0.395111E+00  0.481393E+05  0.462815E+05  0.000000E+00  0.000000E+00  0.000000E+00  0.478526E+05
  0.408504E+00  0.457537E+05  0.439714E+05  0.000000E+00  0.000000E+00  0.000000E+00  0.454786E+05
  0.422350E+00  0.434354E+05  0.417154E+05  0.000000E+00  0.000000E+00  0.000000E+00  0.431700E+05
  0.436666E+00  0.412805E+05  0.396449E+05  0.000000E+00  0.000000E+00  0.000000E+00  0.410281E+05
  0.451466E+00  0.392801E+05  0.377424E+05  0.000000E+00  0.000000E+00  0.000000E+00  0.390428E+05
  0.466769E+00  0.373495E+05  0.358936E+05  0.000000E+00  0.000000E+00  0.000000E+00  0.371248E+05
  0.482590E+00  0.354661E+05  0.340734E+05  0.000000E+00  0.000000E+00  0.000000E+00  0.352511E+05
  0.498948E+00  0.336780E+05  0.323504E+05  0.000000E+00  0.000000E+00  0.000000E+00  0.334731E+05
  0.515859E+00  0.320014E+05  0.307460E+05  0.000000E+00  0.000000E+00  0.000000E+00  0.318077E+05
  0.533344E+00  0.304004E+05  0.292109E+05  0.000000E+00  0.000000E+00  0.000000E+00  0.302168E+05
  0.551422E+00  0.288582E+05  0.277255E+05  0.000000E+00  0.000000E+00  0.000000E+00  0.286834E+05
  0.570113E+00  0.273937E+05  0.263174E+05  0.000000E+00  0.000000E+00  0.000000E+00  0.272276E+05
  0.589437E+00  0.260080E+05  0.249886E+05  0.000000E+00  0.000000E+00  0.000000E+00  0.258507E+05
  0.609416E+00  0.246840E+05  0.237163E+05  0.000000E+00  0.000000E+00  0.000000E+00  0.245346E+05
  0.630072E+00  0.234203E+05  0.225012E+05  0.000000E+00  0.000000E+00  0.000000E+00  0.232785E+05
  0.651428E+00  0.222219E+05  0.213505E+05  0.000000E+00  0.000000E+00  0.000000E+00  0.220874E+05
  0.673509E+00  0.210815E+05  0.202550E+05  0.000000E+00  0.000000E+00  0.000000E+00  0.209539E+05
  0.696337E+00  0.199951E+05  0.192109E+05  0.000000E+00  0.000000E+00  0.000000E+00  0.198740E+05
  0.719940E+00  0.189631E+05  0.182195E+05  0.000000E+00  0.000000E+00  0.000000E+00  0.188483E+05
  0.744342E+00  0.179817E+05  0.172768E+05  0.000000E+00  0.000000E+00  0.000000E+00  0.178729E+05
  0.769572E+00  0.170485E+05  0.163801E+05  0.000000E+00  0.000000E+00  0.000000E+00  0.169453E+05
  0.795656E+00  0.161616E+05  0.155281E+05  0.000000E+00  0.000000E+00  0.000000E+00  0.160639E+05
  0.822625E+00  0.153186E+05  0.147182E+05  0.000000E+00  0.000000E+00  0.000000E+00  0.152260E+05
  0.850508E+00  0.145177E+05  0.139487E+05  0.000000E+00  0.000000E+00  0.000000E+00  0.144299E+05
  0.879336E+00  0.137568E+05  0.132176E+05  0.000000E+00  0.000000E+00  0.000000E+00  0.136736E+05
  0.909141E+00  0.130340E+05  0.125232E+05  0.000000E+00  0.000000E+00  0.000000E+00  0.129552E+05
  0.939957E+00  0.123479E+05  0.118639E+05  0.000000E+00  0.000000E+00  0.000000E+00  0.122732E+05
  0.971817E+00  0.116964E+05  0.112380E+05  0.000000E+00  0.000000E+00  0.000000E+00  0.116256E+05
  0.100476E+01  0.110778E+05  0.106437E+05  0.000000E+00  0.000000E+00  0.000000E+00  0.110108E+05
  0.103881E+01  0.104908E+05  0.100797E+05  0.000000E+00  0.000000E+00  0.000000E+00  0.104273E+05
  0.107402E+01  0.993349E+04  0.954424E+04  0.000000E+00  0.000000E+00  0.000000E+00  0.987342E+04
  0.111043E+01  0.940476E+04  0.903624E+04  0.000000E+00  0.000000E+00  0.000000E+00  0.934788E+04
  0.114807E+01  0.890308E+04  0.855423E+04  0.000000E+00  0.000000E+00  0.000000E+00  0.884924E+04
  0.118698E+01  0.842729E+04  0.809710E+04  0.000000E+00  0.000000E+00  0.000000E+00  0.837633E+04
  0.122721E+01  0.797606E+04  0.766356E+04  0.000000E+00  0.000000E+00  0.000000E+00  0.792783E+04
  0.126881E+01  0.754813E+04  0.725240E+04  0.000000E+00  0.000000E+00  0.000000E+00  0.750249E+04
  0.131182E+01  0.714240E+04  0.686257E+04  0.000000E+00  0.000000E+00  0.000000E+00  0.709921E+04
  0.135628E+01  0.675771E+04  0.649297E+04  0.000000E+00  0.000000E+00  0.000000E+00  0.671685E+04
  0.140225E+01  0.639307E+04  0.614262E+04  0.000000E+00  0.000000E+00  0.000000E+00  0.635442E+04
  0.144978E+01  0.604747E+04  0.581057E+04  0.000000E+00  0.000000E+00  0.000000E+00  0.601091E+04
  0.149892E+01  0.571998E+04  0.549591E+04  0.000000E+00  0.000000E+00  0.000000E+00  0.568540E+04
  0.154973E+01  0.540969E+04  0.519777E+04  0.000000E+00  0.000000E+00  0.000000E+00  0.537698E+04
  0.160226E+01  0.511571E+04  0.491532E+04  0.000000E+00  0.000000E+00  0.000000E+00  0.508478E+04
  0.165656E+01  0.483726E+04  0.464778E+04  0.000000E+00  0.000000E+00  0.000000E+00  0.480802E+04
  0.171271E+01  0.457351E+04  0.439437E+04  0.000000E+00  0.000000E+00  0.000000E+00  0.454586E+04
  0.177077E+01  0.432372E+04  0.415437E+04  0.000000E+00  0.000000E+00  0.000000E+00  0.429759E+04
  0.183079E+01  0.408719E+04  0.392709E+04  0.000000E+00  0.000000E+00  0.000000E+00  0.406248E+04
  0.189284E+01  0.386324E+04  0.371192E+04  0.000000E+00  0.000000E+00  0.000000E+00  0.383989E+04
  0.195700E+01  0.365124E+04  0.350823E+04  0.000000E+00  0.000000E+00  0.000000E+00  0.362917E+04
  0.202333E+01  0.345058E+04  0.331543E+04  0.000000E+00  0.000000E+00  0.000000E+00  0.342973E+04
  0.209191E+01  0.326065E+04  0.313294E+04  0.000000E+00  0.000000E+00  0.000000E+00  0.324094E+04
  0.216282E+01  0.308089E+04  0.296023E+04  0.000000E+00  0.000000E+00  0.000000E+00  0.306227E+04
  0.223613E+01  0.291080E+04  0.279679E+04  0.000000E+00  0.000000E+00  0.000000E+00  0.289320E+04
  0.231192E+01  0.274987E+04  0.264217E+04  0.000000E+00  0.000000E+00  0.000000E+00  0.273325E+04
  0.239028E+01  0.259763E+04  0.249589E+04  0.000000E+00  0.000000E+00  0.000000E+00  0.258193E+04
  0.247130E+01  0.245361E+04  0.235751E+04  0.000000E+00  0.000000E+00  0.000000E+00  0.243878E+04
  0.255507E+01  0.231738E+04  0.222662E+04  0.000000E+00  0.000000E+00  0.000000E+00  0.230337E+04
  0.264167E+01  0.218854E+04  0.210283E+04  0.000000E+00  0.000000E+00  0.000000E+00  0.217531E+04
  0.273121E+01  0.206672E+04  0.198577E+04  0.000000E+00  0.000000E+00  0.000000E+00  0.205422E+04
  0.282379E+01  0.195151E+04  0.187508E+04  0.000000E+00  0.000000E+00  0.000000E+00  0.193972E+04
  0.291950E+01  0.184259E+04  0.177043E+04  0.000000E+00  0.000000E+00  0.000000E+00  0.183146E+04
  0.301846E+01  0.173961E+04  0.167148E+04  0.000000E+00  0.000000E+00  0.000000E+00  0.172910E+04
  0.312077E+01  0.164227E+04  0.157795E+04  0.000000E+00  0.000000E+00  0.000000E+00  0.163235E+04
  0.322655E+01  0.155027E+04  0.148955E+04  0.000000E+00  0.000000E+00  0.000000E+00  0.154090E+04
  0.333591E+01  0.146331E+04  0.140600E+04  0.000000E+00  0.000000E+00  0.000000E+00  0.145447E+04
  0.344898E+01  0.138113E+04  0.132704E+04  0.000000E+00  0.000000E+00  0.000000E+00  0.137278E+04
  0.356588E+01  0.130348E+04  0.125242E+04  0.000000E+00  0.000000E+00  0.000000E+00  0.129560E+04
  0.368675E+01  0.123010E+04  0.118192E+04  0.000000E+00  0.000000E+00  0.000000E+00  0.122267E+04
  0.381172E+01  0.116078E+04  0.111531E+04  0.000000E+00  0.000000E+00  0.000000E+00  0.115376E+04
  0.394091E+01  0.109529E+04  0.105239E+04  0.000000E+00  0.000000E+00  0.000000E+00  0.108867E+04
  0.407449E+01  0.103342E+04  0.992942E+03  0.000000E+00  0.000000E+00  0.000000E+00  0.102718E+04
  0.421259E+01  0.974991E+03  0.936798E+03  0.000000E+00  0.000000E+00  0.000000E+00  0.969097E+03
  0.435538E+01  0.919803E+03  0.883770E+03  0.000000E+00  0.000000E+00  0.000000E+00  0.914242E+03
  0.450301E+01  0.867682E+03  0.833690E+03  0.000000E+00  0.000000E+00  0.000000E+00  0.862436E+03
  0.465564E+01  0.818462E+03  0.786396E+03  0.000000E+00  0.000000E+00  0.000000E+00  0.813513E+03
  0.481344E+01  0.771988E+03  0.741742E+03  0.000000E+00  0.000000E+00  0.000000E+00  0.767320E+03
  0.497659E+01  0.728108E+03  0.699579E+03  0.000000E+00  0.000000E+00  0.000000E+00  0.723705E+03
  0.514527E+01  0.686680E+03  0.659773E+03  0.000000E+00  0.000000E+00  0.000000E+00  0.682527E+03
  0.531968E+01  0.647569E+03  0.622194E+03  0.000000E+00  0.000000E+00  0.000000E+00  0.643653E+03
  0.549998E+01  0.610653E+03  0.586722E+03  0.000000E+00  0.000000E+00  0.000000E+00  0.606960E+03
  0.568641E+01  0.575806E+03  0.553239E+03  0.000000E+00  0.000000E+00  0.000000E+00  0.572323E+03
  0.587915E+01  0.542916E+03  0.521636E+03  0.000000E+00  0.000000E+00  0.000000E+00  0.539632E+03
  0.607843E+01  0.511876E+03  0.491811E+03  0.000000E+00  0.000000E+00  0.000000E+00  0.508779E+03
  0.628446E+01  0.482584E+03  0.463665E+03  0.000000E+00  0.000000E+00  0.000000E+00  0.479664E+03
  0.649747E+01  0.454943E+03  0.437106E+03  0.000000E+00  0.000000E+00  0.000000E+00  0.452190E+03
  0.671770E+01  0.428860E+03  0.412045E+03  0.000000E+00  0.000000E+00  0.000000E+00  0.426265E+03
  0.694539E+01  0.404254E+03  0.388401E+03  0.000000E+00  0.000000E+00  0.000000E+00  0.401807E+03
  0.718081E+01  0.381037E+03  0.366092E+03  0.000000E+00  0.000000E+00  0.000000E+00  0.378730E+03
  0.742420E+01  0.359135E+03  0.345048E+03  0.000000E+00  0.000000E+00  0.000000E+00  0.356961E+03
  0.767585E+01  0.338474E+03  0.325196E+03  0.000000E+00  0.000000E+00  0.000000E+00  0.336425E+03
  0.793602E+01  0.318986E+03  0.306470E+03  0.000000E+00  0.000000E+00  0.000000E+00  0.317055E+03
  0.820502E+01  0.300604E+03  0.288808E+03  0.000000E+00  0.000000E+00  0.000000E+00  0.298784E+03
  0.848312E+01  0.283268E+03  0.272150E+03  0.000000E+00  0.000000E+00  0.000000E+00  0.281553E+03
  0.877066E+01  0.266918E+03  0.256439E+03  0.000000E+00  0.000000E+00  0.000000E+00  0.265301E+03
  0.906794E+01  0.251500E+03  0.241625E+03  0.000000E+00  0.000000E+00  0.000000E+00  0.249976E+03
  0.937530E+01  0.236961E+03  0.227654E+03  0.000000E+00  0.000000E+00  0.000000E+00  0.235525E+03
  0.969308E+01  0.223251E+03  0.214481E+03  0.000000E+00  0.000000E+00  0.000000E+00  0.221898E+03
  0.100216E+02  0.210325E+03  0.202061E+03  0.000000E+00  0.000000E+00  0.000000E+00  0.209050E+03
  0.103613E+02  0.198138E+03  0.190350E+03  0.000000E+00  0.000000E+00  0.000000E+00  0.196936E+03
  0.107125E+02  0.186649E+03  0.179310E+03  0.000000E+00  0.000000E+00  0.000000E+00  0.185516E+03
  0.110756E+02  0.175818E+03  0.168903E+03  0.000000E+00  0.000000E+00  0.000000E+00  0.174751E+03
  0.114510E+02  0.165608E+03  0.159092E+03  0.000000E+00  0.000000E+00  0.000000E+00  0.164602E+03
  0.118392E+02  0.155984E+03  0.149845E+03  0.000000E+00  0.000000E+00  0.000000E+00  0.155036E+03
  0.122404E+02  0.146912E+03  0.141128E+03  0.000000E+00  0.000000E+00  0.000000E+00  0.146020E+03
  0.126553E+02  0.138363E+03  0.132913E+03  0.000000E+00  0.000000E+00  0.000000E+00  0.137522E+03
  0.130843E+02  0.130305E+03  0.125170E+03  0.000000E+00  0.000000E+00  0.000000E+00  0.129513E+03
  0.135278E+02  0.122711E+03  0.117873E+03  0.000000E+00  0.000000E+00  0.000000E+00  0.121964E+03
  0.139863E+02  0.115555E+03  0.110997E+03  0.000000E+00  0.000000E+00  0.000000E+00  0.114852E+03
  0.144604E+02  0.108812E+03  0.104517E+03  0.000000E+00  0.000000E+00  0.000000E+00  0.108149E+03
  0.149505E+02  0.102458E+03  0.984121E+02  0.000000E+00  0.000000E+00  0.000000E+00  0.101834E+03
  0.154573E+02  0.964711E+02  0.926592E+02  0.000000E+00  0.000000E+00  0.000000E+00  0.958828E+02
  0.159812E+02  0.908303E+02  0.872389E+02  0.000000E+00  0.000000E+00  0.000000E+00  0.902761E+02
  0.165229E+02  0.855161E+02  0.821324E+02  0.000000E+00  0.000000E+00  0.000000E+00  0.849939E+02
  0.170829E+02  0.805096E+02  0.773216E+02  0.000000E+00  0.000000E+00  0.000000E+00  0.800176E+02
  0.176619E+02  0.757933E+02  0.727896E+02  0.000000E+00  0.000000E+00  0.000000E+00  0.753297E+02
  0.182606E+02  0.713504E+02  0.685203E+02  0.000000E+00  0.000000E+00  0.000000E+00  0.709136E+02
  0.188795E+02  0.671655E+02  0.644989E+02  0.000000E+00  0.000000E+00  0.000000E+00  0.667539E+02
  0.195195E+02  0.632235E+02  0.607110E+02  0.000000E+00  0.000000E+00  0.000000E+00  0.628358E+02
  0.201811E+02  0.595108E+02  0.571433E+02  0.000000E+00  0.000000E+00  0.000000E+00  0.591454E+02
  0.208651E+02  0.560139E+02  0.537830E+02  0.000000E+00  0.000000E+00  0.000000E+00  0.556696E+02
  0.215723E+02  0.527207E+02  0.506184E+02  0.000000E+00  0.000000E+00  0.000000E+00  0.523963E+02
  0.223035E+02  0.496192E+02  0.476380E+02  0.000000E+00  0.000000E+00  0.000000E+00  0.493134E+02
  0.230595E+02  0.466985E+02  0.448314E+02  0.000000E+00  0.000000E+00  0.000000E+00  0.464104E+02
  0.238411E+02  0.439481E+02  0.421884E+02  0.000000E+00  0.000000E+00  0.000000E+00  0.436766E+02
  0.246492E+02  0.413584E+02  0.396997E+02  0.000000E+00  0.000000E+00  0.000000E+00  0.411024E+02
  0.254847E+02  0.389197E+02  0.373563E+02  0.000000E+00  0.000000E+00  0.000000E+00  0.386785E+02
  0.263485E+02  0.366236E+02  0.351498E+02  0.000000E+00  0.000000E+00  0.000000E+00  0.363962E+02
  0.272416E+02  0.344619E+02  0.330724E+02  0.000000E+00  0.000000E+00  0.000000E+00  0.342474E+02
  0.281650E+02  0.324265E+02  0.311164E+02  0.000000E+00  0.000000E+00  0.000000E+00  0.322243E+02
  0.291196E+02  0.305104E+02  0.292750E+02  0.000000E+00  0.000000E+00  0.000000E+00  0.303198E+02
  0.301066E+02  0.287065E+02  0.275415E+02  0.000000E+00  0.000000E+00  0.000000E+00  0.285267E+02
  0.311271E+02  0.270084E+02  0.259096E+02  0.000000E+00  0.000000E+00  0.000000E+00  0.268388E+02
  0.321822E+02  0.254099E+02  0.243733E+02  0.000000E+00  0.000000E+00  0.000000E+00  0.252499E+02
  0.332730E+02  0.239052E+02  0.229273E+02  0.000000E+00  0.000000E+00  0.000000E+00  0.237543E+02
  0.344008E+02  0.224888E+02  0.215661E+02  0.000000E+00  0.000000E+00  0.000000E+00  0.223464E+02
  0.355668E+02  0.211557E+02  0.202849E+02  0.000000E+00  0.000000E+00  0.000000E+00  0.210213E+02
  0.367723E+02  0.199010E+02  0.190790E+02  0.000000E+00  0.000000E+00  0.000000E+00  0.197741E+02
  0.380187E+02  0.187200E+02  0.179441E+02  0.000000E+00  0.000000E+00  0.000000E+00  0.186003E+02
  0.393074E+02  0.176086E+02  0.168759E+02  0.000000E+00  0.000000E+00  0.000000E+00  0.174955E+02
  0.406397E+02  0.165627E+02  0.158707E+02  0.000000E+00  0.000000E+00  0.000000E+00  0.164559E+02
  0.420172E+02  0.155783E+02  0.149246E+02  0.000000E+00  0.000000E+00  0.000000E+00  0.154774E+02
  0.434414E+02  0.146520E+02  0.140343E+02  0.000000E+00  0.000000E+00  0.000000E+00  0.145567E+02
  0.449138E+02  0.137804E+02  0.131965E+02  0.000000E+00  0.000000E+00  0.000000E+00  0.136903E+02
  0.464362E+02  0.129602E+02  0.124082E+02  0.000000E+00  0.000000E+00  0.000000E+00  0.128750E+02
  0.480101E+02  0.121884E+02  0.116664E+02  0.000000E+00  0.000000E+00  0.000000E+00  0.121078E+02
  0.496375E+02  0.114622E+02  0.109684E+02  0.000000E+00  0.000000E+00  0.000000E+00  0.113860E+02
  0.513199E+02  0.107790E+02  0.103117E+02  0.000000E+00  0.000000E+00  0.000000E+00  0.107068E+02
  0.530594E+02  0.101361E+02  0.969372E+01  0.000000E+00  0.000000E+00  0.000000E+00  0.100678E+02
  0.548579E+02  0.953132E+01  0.911236E+01  0.000000E+00  0.000000E+00  0.000000E+00  0.946666E+01
  0.567173E+02  0.896231E+01  0.856539E+01  0.000000E+00  0.000000E+00  0.000000E+00  0.890105E+01
  0.586397E+02  0.842701E+01  0.805081E+01  0.000000E+00  0.000000E+00  0.000000E+00  0.836895E+01
  0.606273E+02  0.792342E+01  0.756671E+01  0.000000E+00  0.000000E+00  0.000000E+00  0.786837E+01
  0.626823E+02  0.744970E+01  0.711130E+01  0.000000E+00  0.000000E+00  0.000000E+00  0.739747E+01
  0.648069E+02  0.700406E+01  0.668288E+01  0.000000E+00  0.000000E+00  0.000000E+00  0.695450E+01
  0.670036E+02  0.658487E+01  0.627988E+01  0.000000E+00  0.000000E+00  0.000000E+00  0.653780E+01
  0.692747E+02  0.619058E+01  0.590080E+01  0.000000E+00  0.000000E+00  0.000000E+00  0.614586E+01
  0.716227E+02  0.581969E+01  0.554421E+01  0.000000E+00  0.000000E+00  0.000000E+00  0.577718E+01
  0.740504E+02  0.547085E+01  0.520881E+01  0.000000E+00  0.000000E+00  0.000000E+00  0.543041E+01
  0.765604E+02  0.514274E+01  0.489334E+01  0.000000E+00  0.000000E+00  0.000000E+00  0.510425E+01
  0.791553E+02  0.483416E+01  0.459662E+01  0.000000E+00  0.000000E+00  0.000000E+00  0.479750E+01
  0.818384E+02  0.454392E+01  0.431754E+01  0.000000E+00  0.000000E+00  0.000000E+00  0.450899E+01
  0.846122E+02  0.427097E+01  0.405507E+01  0.000000E+00  0.000000E+00  0.000000E+00  0.423765E+01
  0.874802E+02  0.401427E+01  0.380822E+01  0.000000E+00  0.000000E+00  0.000000E+00  0.398247E+01
  0.904453E+02  0.377287E+01  0.357607E+01  0.000000E+00  0.000000E+00  0.000000E+00  0.374249E+01
  0.935109E+02  0.354585E+01  0.335775E+01  0.000000E+00  0.000000E+00  0.000000E+00  0.351682E+01
  0.966806E+02  0.333236E+01  0.315243E+01  0.000000E+00  0.000000E+00  0.000000E+00  0.330459E+01
  0.999576E+02  0.313161E+01  0.295937E+01  0.000000E+00  0.000000E+00  0.000000E+00  0.310503E+01
  0.103346E+03  0.294285E+01  0.277781E+01  0.000000E+00  0.000000E+00  0.000000E+00  0.291738E+01
  0.106849E+03  0.276534E+01  0.260708E+01  0.000000E+00  0.000000E+00  0.000000E+00  0.274092E+01
  0.110470E+03  0.259845E+01  0.244656E+01  0.000000E+00  0.000000E+00  0.000000E+00  0.257500E+01
  0.114215E+03  0.244152E+01  0.229562E+01  0.000000E+00  0.000000E+00  0.000000E+00  0.241900E+01
  0.118086E+03  0.229398E+01  0.215369E+01  0.000000E+00  0.000000E+00  0.000000E+00  0.227233E+01
  0.122089E+03  0.215524E+01  0.202025E+01  0.000000E+00  0.000000E+00  0.000000E+00  0.213441E+01
  0.126227E+03  0.202482E+01  0.189479E+01  0.000000E+00  0.000000E+00  0.000000E+00  0.200475E+01
  0.130505E+03  0.190220E+01  0.177684E+01  0.000000E+00  0.000000E+00  0.000000E+00  0.188285E+01
  0.134928E+03  0.178692E+01  0.166595E+01  0.000000E+00  0.000000E+00  0.000000E+00  0.176825E+01
  0.139502E+03  0.167854E+01  0.156170E+01  0.000000E+00  0.000000E+00  0.000000E+00  0.166051E+01
  0.144230E+03  0.157666E+01  0.146370E+01  0.000000E+00  0.000000E+00  0.000000E+00  0.155922E+01
  0.149119E+03  0.148088E+01  0.137158E+01  0.000000E+00  0.000000E+00  0.000000E+00  0.146401E+01
  0.154173E+03  0.139084E+01  0.128499E+01  0.000000E+00  0.000000E+00  0.000000E+00  0.137451E+01
  0.159399E+03  0.130621E+01  0.120359E+01  0.000000E+00  0.000000E+00  0.000000E+00  0.129037E+01
  0.164802E+03  0.122665E+01  0.112709E+01  0.000000E+00  0.000000E+00  0.000000E+00  0.121129E+01
  0.170388E+03  0.115187E+01  0.105519E+01  0.000000E+00  0.000000E+00  0.000000E+00  0.113695E+01
  0.176164E+03  0.108158E+01  0.987616E+00  0.000000E+00  0.000000E+00  0.000000E+00  0.106708E+01
  0.182135E+03  0.101552E+01  0.924118E+00  0.000000E+00  0.000000E+00  0.000000E+00  0.100141E+01
  0.188308E+03  0.953422E+00  0.864451E+00  0.000000E+00  0.000000E+00  0.000000E+00  0.939691E+00
  0.194691E+03  0.895062E+00  0.808388E+00  0.000000E+00  0.000000E+00  0.000000E+00  0.881685E+00
  0.201290E+03  0.840210E+00  0.755713E+00  0.000000E+00  0.000000E+00  0.000000E+00  0.827169E+00
