  0.108800E-04  0.796731E+06  0.796731E+06  0.106229E+07  0.106229E+07  0.000000E+00  0.796731E+06
  0.112487E-04  0.796731E+06  0.796731E+06  0.106229E+07  0.106229E+07  0.000000E+00  0.796731E+06
  0.116300E-04  0.796731E+06  0.796731E+06  0.106229E+07  0.106229E+07  0.000000E+00  0.796731E+06
  0.120242E-04  0.796731E+06  0.796731E+06  0.106228E+07  0.106228E+07  0.000000E+00  0.796731E+06
  0.124318E-04  0.796731E+06  0.796731E+06  0.106228E+07  0.106228E+07  0.000000E+00  0.796731E+06
  0.128531E-04  0.796731E+06  0.796731E+06  0.106228E+07  0.106228E+07  0.000000E+00  0.796731E+06
  0.132888E-04  0.796731E+06  0.796731E+06  0.106228E+07  0.106228E+07  0.000000E+00  0.796731E+06
  0.137392E-04  0.796731E+06  0.796731E+06  0.106228E+07  0.106228E+07  0.000000E+00  0.796731E+06
  0.142049E-04  0.796731E+06  0.796731E+06  0.106227E+07  0.106227E+07  0.000000E+00  0.796731E+06
  0.146864E-04  0.796731E+06  0.796731E+06  0.106227E+07  0.106227E+07  0.000000E+00  0.796731E+06
  0.151842E-04  0.796731E+06  0.796731E+06  0.106227E+07  0.106227E+07  0.000000E+00  0.796731E+06
  0.156989E-04  0.796731E+06  0.796731E+06  0.106227E+07  0.106227E+07  0.000000E+00  0.796731E+06
  0.162310E-04  0.796731E+06  0.796731E+06  0.106226E+07  0.106226E+07  0.000000E+00  0.796731E+06
  0.167811E-04  0.796731E+06  0.796731E+06  0.106226E+07  0.106226E+07  0.000000E+00  0.796731E+06
  0.173499E-04  0.796731E+06  0.796730E+06  0.106226E+07  0.106226E+07  0.000000E+00  0.796731E+06
  0.179380E-04  0.796730E+06  0.796730E+06  0.106225E+07  0.106225E+07  0.000000E+00  0.796730E+06
  0.185460E-04  0.796730E+06  0.796730E+06  0.106225E+07  0.106225E+07  0.000000E+00  0.796730E+06
  0.191746E-04  0.796730E+06  0.796730E+06  0.106225E+07  0.106224E+07  0.000000E+00  0.796730E+06
  0.198246E-04  0.796730E+06  0.796730E+06  0.106224E+07  0.106224E+07  0.000000E+00  0.796730E+06
  0.204965E-04  0.796730E+06  0.796730E+06  0.106224E+07  0.106224E+07  0.000000E+00  0.796730E+06
  0.211913E-04  0.796730E+06  0.796730E+06  0.106223E+07  0.106223E+07  0.000000E+00  0.796730E+06
  0.219095E-04  0.796730E+06  0.796730E+06  0.106223E+07  0.106222E+07  0.000000E+00  0.796730E+06
  0.226522E-04  0.796730E+06  0.796730E+06  0.106222E+07  0.106222E+07  0.000000E+00  0.796730E+06
  0.234200E-04  0.796730E+06  0.796730E+06  0.106222E+07  0.106221E+07  0.000000E+00  0.796730E+06
  0.242138E-04  0.796730E+06  0.796729E+06  0.106221E+07  0.106221E+07  0.000000E+00  0.796730E+06
  0.250345E-04  0.796729E+06  0.796729E+06  0.106220E+07  0.106220E+07  0.000000E+00  0.796729E+06
  0.258831E-04  0.796729E+06  0.796729E+06  0.106220E+07  0.106219E+07  0.000000E+00  0.796729E+06
  0.267604E-04  0.796729E+06  0.796729E+06  0.106219E+07  0.106218E+07  0.000000E+00  0.796729E+06
  0.276674E-04  0.796729E+06  0.796729E+06  0.106218E+07  0.106218E+07  0.000000E+00  0.796729E+06
  0.286052E-04  0.796729E+06  0.796729E+06  0.106217E+07  0.106217E+07  0.000000E+00  0.796729E+06
  0.295748E-04  0.796728E+06  0.796728E+06  0.106216E+07  0.106216E+07  0.000000E+00  0.796728E+06
  0.305772E-04  0.796728E+06  0.796728E+06  0.106215E+07  0.106215E+07  0.000000E+00  0.796728E+06
  0.316136E-04  0.796728E+06  0.796728E+06  0.106214E+07  0.106213E+07  0.000000E+00  0.796728E+06
  0.326852E-04  0.796728E+06  0.796728E+06  0.106213E+07  0.106212E+07  0.000000E+00  0.796728E+06
  0.337931E-04  0.796728E+06  0.796727E+06  0.106212E+07  0.106211E+07  0.000000E+00  0.796728E+06
  0.349385E-04  0.796727E+06  0.796727E+06  0.106210E+07  0.106210E+07  0.000000E+00  0.796727E+06
  0.361227E-04  0.796727E+06  0.796727E+06  0.106209E+07  0.106208E+07  0.000000E+00  0.796727E+06
  0.373471E-04  0.796727E+06  0.796726E+06  0.106207E+07  0.106207E+07  0.000000E+00  0.796727E+06
  0.386130E-04  0.796726E+06  0.796726E+06  0.106206E+07  0.106205E+07  0.000000E+00  0.796726E+06
  0.399218E-04  0.796726E+06  0.796726E+06  0.106204E+07  0.106203E+07  0.000000E+00  0.796726E+06
  0.412749E-04  0.796726E+06  0.796725E+06  0.106202E+07  0.106201E+07  0.000000E+00  0.796726E+06
  0.426740E-04  0.796725E+06  0.796725E+06  0.106200E+07  0.106199E+07  0.000000E+00  0.796725E+06
  0.441204E-04  0.796725E+06  0.796724E+06  0.106198E+07  0.106197E+07  0.000000E+00  0.796725E+06
  0.456159E-04  0.796724E+06  0.796724E+06  0.106196E+07  0.106195E+07  0.000000E+00  0.796724E+06
  0.471620E-04  0.796724E+06  0.796723E+06  0.106193E+07  0.106192E+07  0.000000E+00  0.796724E+06
  0.487606E-04  0.796723E+06  0.796723E+06  0.106191E+07  0.106189E+07  0.000000E+00  0.796723E+06
  0.504133E-04  0.796722E+06  0.796722E+06  0.106188E+07  0.106186E+07  0.000000E+00  0.796722E+06
  0.521221E-04  0.796722E+06  0.796721E+06  0.106185E+07  0.106183E+07  0.000000E+00  0.796722E+06
  0.538888E-04  0.796721E+06  0.796721E+06  0.106182E+07  0.106180E+07  0.000000E+00  0.796721E+06
  0.557153E-04  0.796720E+06  0.796720E+06  0.106178E+07  0.106177E+07  0.000000E+00  0.796720E+06
  0.576038E-04  0.796720E+06  0.796719E+06  0.106175E+07  0.106173E+07  0.000000E+00  0.796720E+06
  0.595563E-04  0.796719E+06  0.796718E+06  0.106171E+07  0.106169E+07  0.000000E+00  0.796719E+06
  0.615750E-04  0.796718E+06  0.796717E+06  0.106167E+07  0.106165E+07  0.000000E+00  0.796718E+06
  0.636621E-04  0.796717E+06  0.796716E+06  0.106162E+07  0.106160E+07  0.000000E+00  0.796717E+06
  0.658199E-04  0.796716E+06  0.796715E+06  0.106157E+07  0.106155E+07  0.000000E+00  0.796716E+06
  0.680509E-04  0.796715E+06  0.796714E+06  0.106152E+07  0.106150E+07  0.000000E+00  0.796715E+06
  0.703575E-04  0.796714E+06  0.796713E+06  0.106147E+07  0.106144E+07  0.000000E+00  0.796714E+06
  0.727422E-04  0.796713E+06  0.796712E+06  0.106141E+07  0.106138E+07  0.000000E+00  0.796713E+06
  0.752079E-04  0.796711E+06  0.796710E+06  0.106135E+07  0.106132E+07  0.000000E+00  0.796711E+06
  0.777570E-04  0.796710E+06  0.796709E+06  0.106128E+07  0.106125E+07  0.000000E+00  0.796710E+06
  0.803926E-04  0.796708E+06  0.796707E+06  0.106121E+07  0.106118E+07  0.000000E+00  0.796708E+06
  0.831175E-04  0.796707E+06  0.796705E+06  0.106114E+07  0.106110E+07  0.000000E+00  0.796707E+06
  0.859348E-04  0.796705E+06  0.796704E+06  0.106106E+07  0.106102E+07  0.000000E+00  0.796705E+06
  0.888476E-04  0.796703E+06  0.796702E+06  0.106097E+07  0.106093E+07  0.000000E+00  0.796703E+06
  0.918591E-04  0.796701E+06  0.796700E+06  0.106088E+07  0.106083E+07  0.000000E+00  0.796701E+06
  0.949726E-04  0.796699E+06  0.796697E+06  0.106078E+07  0.106073E+07  0.000000E+00  0.796699E+06
  0.981917E-04  0.796697E+06  0.796695E+06  0.106067E+07  0.106062E+07  0.000000E+00  0.796697E+06
  0.101520E-03  0.796694E+06  0.796692E+06  0.106056E+07  0.106051E+07  0.000000E+00  0.796694E+06
  0.104961E-03  0.796692E+06  0.796690E+06  0.106044E+07  0.106038E+07  0.000000E+00  0.796692E+06
  0.108519E-03  0.796689E+06  0.796687E+06  0.106031E+07  0.106025E+07  0.000000E+00  0.796689E+06
  0.112197E-03  0.796686E+06  0.796684E+06  0.106017E+07  0.106011E+07  0.000000E+00  0.796686E+06
  0.116000E-03  0.796683E+06  0.796680E+06  0.106003E+07  0.105996E+07  0.000000E+00  0.796683E+06
  0.119932E-03  0.796680E+06  0.796677E+06  0.105987E+07  0.105980E+07  0.000000E+00  0.796680E+06
  0.123997E-03  0.796676E+06  0.796673E+06  0.105970E+07  0.105962E+07  0.000000E+00  0.796676E+06
  0.128200E-03  0.796672E+06  0.796669E+06  0.105952E+07  0.105944E+07  0.000000E+00  0.796672E+06
  0.132545E-03  0.796668E+06  0.796665E+06  0.105933E+07  0.105924E+07  0.000000E+00  0.796668E+06
  0.137038E-03  0.796664E+06  0.796660E+06  0.105913E+07  0.105903E+07  0.000000E+00  0.796664E+06
  0.141683E-03  0.796659E+06  0.796655E+06  0.105891E+07  0.105880E+07  0.000000E+00  0.796659E+06
  0.146485E-03  0.796654E+06  0.796650E+06  0.105867E+07  0.105856E+07  0.000000E+00  0.796654E+06
  0.151450E-03  0.796649E+06  0.796644E+06  0.105842E+07  0.105831E+07  0.000000E+00  0.796649E+06
  0.156583E-03  0.796643E+06  0.796638E+06  0.105815E+07  0.105803E+07  0.000000E+00  0.796643E+06
  0.161891E-03  0.796637E+06  0.796632E+06  0.105787E+07  0.105774E+07  0.000000E+00  0.796637E+06
  0.167378E-03  0.796631E+06  0.796625E+06  0.105756E+07  0.105742E+07  0.000000E+00  0.796630E+06
  0.173051E-03  0.796624E+06  0.796618E+06  0.105724E+07  0.105709E+07  0.000000E+00  0.796624E+06
  0.178917E-03  0.796616E+06  0.796610E+06  0.105689E+07  0.105673E+07  0.000000E+00  0.796616E+06
  0.184981E-03  0.796608E+06  0.796602E+06  0.105652E+07  0.105634E+07  0.000000E+00  0.796608E+06
  0.191251E-03  0.796600E+06  0.796593E+06  0.105612E+07  0.105593E+07  0.000000E+00  0.796600E+06
  0.197734E-03  0.796591E+06  0.796583E+06  0.105569E+07  0.105549E+07  0.000000E+00  0.796591E+06
  0.204436E-03  0.796581E+06  0.796573E+06  0.105524E+07  0.105503E+07  0.000000E+00  0.796581E+06
  0.211366E-03  0.796571E+06  0.796562E+06  0.105475E+07  0.105452E+07  0.000000E+00  0.796570E+06
  0.218530E-03  0.796560E+06  0.796550E+06  0.105423E+07  0.105399E+07  0.000000E+00  0.796559E+06
  0.225937E-03  0.796548E+06  0.796538E+06  0.105368E+07  0.105342E+07  0.000000E+00  0.796547E+06
  0.233595E-03  0.796535E+06  0.796524E+06  0.105308E+07  0.105281E+07  0.000000E+00  0.796535E+06
  0.241513E-03  0.796522E+06  0.796510E+06  0.105245E+07  0.105216E+07  0.000000E+00  0.796521E+06
  0.249699E-03  0.796507E+06  0.796495E+06  0.105177E+07  0.105146E+07  0.000000E+00  0.796507E+06
  0.258162E-03  0.796492E+06  0.796478E+06  0.105105E+07  0.105072E+07  0.000000E+00  0.796491E+06
  0.266913E-03  0.796475E+06  0.796461E+06  0.105028E+07  0.104992E+07  0.000000E+00  0.796475E+06
  0.275960E-03  0.796457E+06  0.796442E+06  0.104945E+07  0.104907E+07  0.000000E+00  0.796457E+06
  0.285314E-03  0.796439E+06  0.796423E+06  0.104857E+07  0.104816E+07  0.000000E+00  0.796438E+06
  0.294984E-03  0.796418E+06  0.796401E+06  0.104763E+07  0.104720E+07  0.000000E+00  0.796418E+06
  0.304983E-03  0.796397E+06  0.796379E+06  0.104663E+07  0.104616E+07  0.000000E+00  0.796396E+06
  0.315320E-03  0.796374E+06  0.796354E+06  0.104555E+07  0.104506E+07  0.000000E+00  0.796373E+06
  0.326008E-03  0.796349E+06  0.796328E+06  0.104441E+07  0.104388E+07  0.000000E+00  0.796348E+06
  0.337058E-03  0.796323E+06  0.796300E+06  0.104318E+07  0.104262E+07  0.000000E+00  0.796322E+06
  0.348483E-03  0.796295E+06  0.796271E+06  0.104188E+07  0.104127E+07  0.000000E+00  0.796294E+06
  0.360295E-03  0.796265E+06  0.796239E+06  0.104048E+07  0.103984E+07  0.000000E+00  0.796264E+06
  0.372507E-03  0.796232E+06  0.796205E+06  0.103899E+07  0.103830E+07  0.000000E+00  0.796232E+06
  0.385133E-03  0.796198E+06  0.796169E+06  0.103740E+07  0.103667E+07  0.000000E+00  0.796197E+06
  0.398187E-03  0.796162E+06  0.796130E+06  0.103570E+07  0.103492E+07  0.000000E+00  0.796160E+06
  0.411684E-03  0.796122E+06  0.796089E+06  0.103389E+07  0.103306E+07  0.000000E+00  0.796121E+06
  0.425638E-03  0.796080E+06  0.796045E+06  0.103196E+07  0.103107E+07  0.000000E+00  0.796079E+06
  0.440065E-03  0.796036E+06  0.795998E+06  0.102989E+07  0.102894E+07  0.000000E+00  0.796034E+06
  0.454981E-03  0.795988E+06  0.795947E+06  0.102769E+07  0.102668E+07  0.000000E+00  0.795987E+06
  0.470403E-03  0.795937E+06  0.795893E+06  0.102535E+07  0.102427E+07  0.000000E+00  0.795935E+06
  0.486347E-03  0.795882E+06  0.795836E+06  0.102284E+07  0.102169E+07  0.000000E+00  0.795881E+06
  0.502832E-03  0.795824E+06  0.795774E+06  0.102017E+07  0.101894E+07  0.000000E+00  0.795822E+06
  0.519875E-03  0.795762E+06  0.795709E+06  0.101732E+07  0.101601E+07  0.000000E+00  0.795760E+06
  0.537497E-03  0.795695E+06  0.795638E+06  0.101428E+07  0.101289E+07  0.000000E+00  0.795693E+06
  0.555715E-03  0.795624E+06  0.795563E+06  0.101105E+07  0.100956E+07  0.000000E+00  0.795622E+06
  0.574551E-03  0.795548E+06  0.795483E+06  0.100760E+07  0.100602E+07  0.000000E+00  0.795546E+06
  0.594026E-03  0.795467E+06  0.795398E+06  0.100392E+07  0.100224E+07  0.000000E+00  0.795465E+06
  0.614160E-03  0.795380E+06  0.795306E+06  0.100001E+07  0.998219E+06  0.000000E+00  0.795378E+06
  0.634977E-03  0.795288E+06  0.795209E+06  0.995836E+06  0.993935E+06  0.000000E+00  0.795285E+06
  0.656500E-03  0.795189E+06  0.795105E+06  0.991396E+06  0.989374E+06  0.000000E+00  0.795186E+06
  0.678752E-03  0.795084E+06  0.794993E+06  0.986669E+06  0.984521E+06  0.000000E+00  0.795081E+06
  0.701758E-03  0.794971E+06  0.794874E+06  0.981640E+06  0.979357E+06  0.000000E+00  0.794968E+06
  0.725544E-03  0.794851E+06  0.794747E+06  0.976289E+06  0.973865E+06  0.000000E+00  0.794847E+06
  0.750137E-03  0.794722E+06  0.794612E+06  0.970599E+06  0.968026E+06  0.000000E+00  0.794719E+06
  0.775563E-03  0.794585E+06  0.794467E+06  0.964550E+06  0.961820E+06  0.000000E+00  0.794581E+06
  0.801851E-03  0.794439E+06  0.794313E+06  0.958122E+06  0.955227E+06  0.000000E+00  0.794435E+06
  0.829029E-03  0.794283E+06  0.794148E+06  0.951294E+06  0.948226E+06  0.000000E+00  0.794278E+06
  0.857129E-03  0.794116E+06  0.793972E+06  0.944045E+06  0.940795E+06  0.000000E+00  0.794111E+06
  0.886182E-03  0.793938E+06  0.793784E+06  0.936351E+06  0.932911E+06  0.000000E+00  0.793933E+06
  0.916219E-03  0.793748E+06  0.793584E+06  0.928190E+06  0.924551E+06  0.000000E+00  0.793743E+06
  0.947274E-03  0.793546E+06  0.793370E+06  0.919539E+06  0.915693E+06  0.000000E+00  0.793540E+06
  0.979383E-03  0.793330E+06  0.793142E+06  0.910372E+06  0.906310E+06  0.000000E+00  0.793324E+06
  0.101258E-02  0.793099E+06  0.792898E+06  0.900665E+06  0.896380E+06  0.000000E+00  0.793093E+06
  0.104690E-02  0.792853E+06  0.792639E+06  0.890395E+06  0.885876E+06  0.000000E+00  0.792847E+06
  0.108239E-02  0.792591E+06  0.792362E+06  0.879534E+06  0.874776E+06  0.000000E+00  0.792584E+06
  0.111907E-02  0.792312E+06  0.792067E+06  0.868059E+06  0.863053E+06  0.000000E+00  0.792304E+06
  0.115700E-02  0.792014E+06  0.791753E+06  0.855944E+06  0.850685E+06  0.000000E+00  0.792006E+06
  0.119622E-02  0.791697E+06  0.791417E+06  0.843166E+06  0.837646E+06  0.000000E+00  0.791688E+06
  0.123677E-02  0.791359E+06  0.791060E+06  0.829700E+06  0.823915E+06  0.000000E+00  0.791349E+06
  0.127869E-02  0.790998E+06  0.790679E+06  0.815524E+06  0.809471E+06  0.000000E+00  0.790988E+06
  0.132203E-02  0.790615E+06  0.790274E+06  0.800618E+06  0.794292E+06  0.000000E+00  0.790604E+06
  0.136684E-02  0.790206E+06  0.789842E+06  0.784960E+06  0.778363E+06  0.000000E+00  0.790195E+06
  0.141317E-02  0.789771E+06  0.789382E+06  0.768536E+06  0.761667E+06  0.000000E+00  0.789759E+06
  0.146107E-02  0.789308E+06  0.788893E+06  0.751329E+06  0.744192E+06  0.000000E+00  0.789295E+06
  0.151059E-02  0.788816E+06  0.788372E+06  0.733330E+06  0.725930E+06  0.000000E+00  0.788802E+06
  0.156179E-02  0.788292E+06  0.787818E+06  0.714531E+06  0.706877E+06  0.000000E+00  0.788278E+06
  0.161473E-02  0.787736E+06  0.787229E+06  0.694930E+06  0.687034E+06  0.000000E+00  0.787720E+06
  0.166946E-02  0.787144E+06  0.786603E+06  0.674530E+06  0.666406E+06  0.000000E+00  0.787127E+06
  0.172605E-02  0.786515E+06  0.785937E+06  0.653340E+06  0.645008E+06  0.000000E+00  0.786497E+06
  0.178455E-02  0.785847E+06  0.785230E+06  0.631376E+06  0.622858E+06  0.000000E+00  0.785828E+06
  0.184504E-02  0.785139E+06  0.784479E+06  0.608661E+06  0.599986E+06  0.000000E+00  0.785118E+06
  0.190758E-02  0.784386E+06  0.783682E+06  0.585229E+06  0.576429E+06  0.000000E+00  0.784364E+06
  0.197223E-02  0.783588E+06  0.782836E+06  0.561120E+06  0.552233E+06  0.000000E+00  0.783565E+06
  0.203908E-02  0.782743E+06  0.781940E+06  0.536387E+06  0.527456E+06  0.000000E+00  0.782717E+06
  0.210820E-02  0.781846E+06  0.780989E+06  0.511094E+06  0.502167E+06  0.000000E+00  0.781819E+06
  0.217966E-02  0.780897E+06  0.779982E+06  0.485314E+06  0.476445E+06  0.000000E+00  0.780868E+06
  0.225354E-02  0.779893E+06  0.778916E+06  0.459135E+06  0.450385E+06  0.000000E+00  0.779862E+06
  0.232992E-02  0.778830E+06  0.777787E+06  0.432659E+06  0.424092E+06  0.000000E+00  0.778797E+06
  0.240889E-02  0.777707E+06  0.776594E+06  0.405997E+06  0.397683E+06  0.000000E+00  0.777672E+06
  0.249054E-02  0.776520E+06  0.775332E+06  0.379277E+06  0.371289E+06  0.000000E+00  0.776483E+06
  0.257496E-02  0.775268E+06  0.774000E+06  0.352639E+06  0.345054E+06  0.000000E+00  0.775228E+06
  0.266224E-02  0.773946E+06  0.772593E+06  0.326233E+06  0.319129E+06  0.000000E+00  0.773904E+06
  0.275248E-02  0.772553E+06  0.771110E+06  0.300221E+06  0.293678E+06  0.000000E+00  0.772508E+06
  0.284577E-02  0.771086E+06  0.769546E+06  0.274775E+06  0.268870E+06  0.000000E+00  0.771038E+06
  0.294223E-02  0.769542E+06  0.767899E+06  0.250071E+06  0.244878E+06  0.000000E+00  0.769491E+06
  0.304196E-02  0.767919E+06  0.766166E+06  0.226292E+06  0.221876E+06  0.000000E+00  0.767864E+06
  0.314506E-02  0.766213E+06  0.764344E+06  0.203616E+06  0.200037E+06  0.000000E+00  0.766154E+06
  0.325166E-02  0.764423E+06  0.762430E+06  0.182222E+06  0.179524E+06  0.000000E+00  0.764360E+06
  0.336188E-02  0.762546E+06  0.760421E+06  0.162275E+06  0.160488E+06  0.000000E+00  0.762479E+06
  0.347583E-02  0.760579E+06  0.758314E+06  0.143926E+06  0.143059E+06  0.000000E+00  0.760508E+06
  0.359365E-02  0.758520E+06  0.756106E+06  0.127304E+06  0.127346E+06  0.000000E+00  0.758444E+06
  0.371545E-02  0.756368E+06  0.753796E+06  0.112510E+06  0.113422E+06  0.000000E+00  0.756287E+06
  0.384139E-02  0.754120E+06  0.751379E+06  0.996104E+05  0.101328E+06  0.000000E+00  0.754034E+06
  0.397159E-02  0.751774E+06  0.748854E+06  0.886294E+05  0.910582E+05  0.000000E+00  0.751682E+06
  0.410621E-02  0.749329E+06  0.746218E+06  0.795460E+05  0.825634E+05  0.000000E+00  0.749231E+06
  0.424539E-02  0.746782E+06  0.743470E+06  0.722878E+05  0.757440E+05  0.000000E+00  0.746678E+06
  0.438929E-02  0.744133E+06  0.740607E+06  0.667297E+05  0.704516E+05  0.000000E+00  0.744022E+06
  0.453806E-02  0.741380E+06  0.737626E+06  0.626940E+05  0.664905E+05  0.000000E+00  0.741261E+06
  0.469188E-02  0.738521E+06  0.734526E+06  0.599532E+05  0.636242E+05  0.000000E+00  0.738395E+06
  0.485091E-02  0.735556E+06  0.731305E+06  0.582373E+05  0.615833E+05  0.000000E+00  0.735422E+06
  0.501534E-02  0.732482E+06  0.727961E+06  0.572442E+05  0.600795E+05  0.000000E+00  0.732340E+06
  0.518533E-02  0.729300E+06  0.724491E+06  0.566544E+05  0.588203E+05  0.000000E+00  0.729149E+06
  0.536109E-02  0.726008E+06  0.720894E+06  0.561495E+05  0.575286E+05  0.000000E+00  0.725847E+06
  0.554280E-02  0.722604E+06  0.717168E+06  0.554327E+05  0.559623E+05  0.000000E+00  0.722433E+06
  0.573068E-02  0.719088E+06  0.713311E+06  0.542521E+05  0.539343E+05  0.000000E+00  0.718906E+06
  0.592492E-02  0.715458E+06  0.709320E+06  0.524227E+05  0.513304E+05  0.000000E+00  0.715264E+06
  0.612574E-02  0.711713E+06  0.705194E+06  0.498452E+05  0.481213E+05  0.000000E+00  0.711507E+06
  0.633338E-02  0.707851E+06  0.700929E+06  0.465204E+05  0.443687E+05  0.000000E+00  0.707633E+06
  0.654805E-02  0.703872E+06  0.696524E+06  0.425537E+05  0.402204E+05  0.000000E+00  0.703640E+06
  0.677000E-02  0.699773E+06  0.691976E+06  0.381485E+05  0.358948E+05  0.000000E+00  0.699528E+06
  0.699947E-02  0.695555E+06  0.687283E+06  0.335874E+05  0.316542E+05  0.000000E+00  0.695294E+06
  0.723671E-02  0.691214E+06  0.682442E+06  0.291994E+05  0.277687E+05  0.000000E+00  0.690938E+06
  0.748200E-02  0.686750E+06  0.677451E+06  0.253166E+05  0.244740E+05  0.000000E+00  0.686457E+06
  0.773561E-02  0.682162E+06  0.672308E+06  0.222235E+05  0.219301E+05  0.000000E+00  0.681852E+06
  0.799781E-02  0.677449E+06  0.667010E+06  0.201074E+05  0.201885E+05  0.000000E+00  0.677120E+06
  0.826889E-02  0.672609E+06  0.661556E+06  0.190177E+05  0.191758E+05  0.000000E+00  0.672261E+06
  0.854917E-02  0.667643E+06  0.655944E+06  0.188446E+05  0.187000E+05  0.000000E+00  0.667274E+06
  0.883894E-02  0.662549E+06  0.650172E+06  0.000000E+00  0.000000E+00  0.000000E+00  0.662159E+06
  0.913854E-02  0.657326E+06  0.644238E+06  0.000000E+00  0.000000E+00  0.000000E+00  0.656914E+06
  0.944829E-02  0.651975E+06  0.638142E+06  0.000000E+00  0.000000E+00  0.000000E+00  0.651540E+06
  0.976854E-02  0.646495E+06  0.631881E+06  0.000000E+00  0.000000E+00  0.000000E+00  0.646035E+06
  0.100996E-01  0.640885E+06  0.625455E+06  0.000000E+00  0.000000E+00  0.000000E+00  0.640399E+06
  0.104420E-01  0.635146E+06  0.618863E+06  0.000000E+00  0.000000E+00  0.000000E+00  0.634633E+06
  0.107959E-01  0.629276E+06  0.612104E+06  0.000000E+00  0.000000E+00  0.000000E+00  0.628735E+06
  0.111618E-01  0.623277E+06  0.605177E+06  0.000000E+00  0.000000E+00  0.000000E+00  0.622707E+06
  0.115402E-01  0.617147E+06  0.598083E+06  0.000000E+00  0.000000E+00  0.000000E+00  0.616547E+06
  0.119313E-01  0.610888E+06  0.590822E+06  0.000000E+00  0.000000E+00  0.000000E+00  0.610256E+06
  0.123357E-01  0.604500E+06  0.583394E+06  0.000000E+00  0.000000E+00  0.000000E+00  0.603835E+06
  0.127539E-01  0.597982E+06  0.575800E+06  0.000000E+00  0.000000E+00  0.000000E+00  0.597283E+06
  0.131862E-01  0.591336E+06  0.568042E+06  0.000000E+00  0.000000E+00  0.000000E+00  0.590603E+06
  0.136331E-01  0.584563E+06  0.560122E+06  0.000000E+00  0.000000E+00  0.000000E+00  0.583794E+06
  0.140952E-01  0.577664E+06  0.552042E+06  0.000000E+00  0.000000E+00  0.000000E+00  0.576857E+06
  0.145730E-01  0.570639E+06  0.543806E+06  0.000000E+00  0.000000E+00  0.000000E+00  0.569794E+06
  0.150669E-01  0.563491E+06  0.535418E+06  0.000000E+00  0.000000E+00  0.000000E+00  0.562607E+06
  0.155776E-01  0.556220E+06  0.526883E+06  0.000000E+00  0.000000E+00  0.000000E+00  0.555296E+06
  0.161056E-01  0.548830E+06  0.518205E+06  0.000000E+00  0.000000E+00  0.000000E+00  0.547866E+06
  0.166515E-01  0.541322E+06  0.509392E+06  0.000000E+00  0.000000E+00  0.000000E+00  0.540316E+06
  0.172159E-01  0.533698E+06  0.500452E+06  0.000000E+00  0.000000E+00  0.000000E+00  0.532651E+06
  0.177994E-01  0.525962E+06  0.491393E+06  0.000000E+00  0.000000E+00  0.000000E+00  0.524874E+06
  0.184028E-01  0.518117E+06  0.482224E+06  0.000000E+00  0.000000E+00  0.000000E+00  0.516987E+06
  0.190265E-01  0.510167E+06  0.472957E+06  0.000000E+00  0.000000E+00  0.000000E+00  0.508995E+06
  0.196714E-01  0.502115E+06  0.463605E+06  0.000000E+00  0.000000E+00  0.000000E+00  0.500902E+06
  0.203382E-01  0.493966E+06  0.454181E+06  0.000000E+00  0.000000E+00  0.000000E+00  0.492713E+06
  0.210276E-01  0.485724E+06  0.444700E+06  0.000000E+00  0.000000E+00  0.000000E+00  0.484432E+06
  0.217403E-01  0.477396E+06  0.435178E+06  0.000000E+00  0.000000E+00  0.000000E+00  0.476067E+06
  0.224772E-01  0.468987E+06  0.425634E+06  0.000000E+00  0.000000E+00  0.000000E+00  0.467622E+06
  0.232390E-01  0.460504E+06  0.416086E+06  0.000000E+00  0.000000E+00  0.000000E+00  0.459105E+06
  0.240267E-01  0.451954E+06  0.406557E+06  0.000000E+00  0.000000E+00  0.000000E+00  0.450524E+06
  0.248411E-01  0.443344E+06  0.397066E+06  0.000000E+00  0.000000E+00  0.000000E+00  0.441886E+06
  0.256831E-01  0.434682E+06  0.387639E+06  0.000000E+00  0.000000E+00  0.000000E+00  0.433200E+06
  0.265537E-01  0.425978E+06  0.378298E+06  0.000000E+00  0.000000E+00  0.000000E+00  0.424477E+06
  0.274537E-01  0.417242E+06  0.369068E+06  0.000000E+00  0.000000E+00  0.000000E+00  0.415725E+06
  0.283842E-01  0.408484E+06  0.359976E+06  0.000000E+00  0.000000E+00  0.000000E+00  0.406956E+06
  0.293463E-01  0.399714E+06  0.351045E+06  0.000000E+00  0.000000E+00  0.000000E+00  0.398182E+06
  0.303410E-01  0.390945E+06  0.342302E+06  0.000000E+00  0.000000E+00  0.000000E+00  0.389413E+06
  0.313694E-01  0.382188E+06  0.333770E+06  0.000000E+00  0.000000E+00  0.000000E+00  0.380664E+06
  0.324327E-01  0.373457E+06  0.325470E+06  0.000000E+00  0.000000E+00  0.000000E+00  0.371945E+06
  0.335320E-01  0.364763E+06  0.317425E+06  0.000000E+00  0.000000E+00  0.000000E+00  0.363272E+06
  0.346686E-01  0.356120E+06  0.309649E+06  0.000000E+00  0.000000E+00  0.000000E+00  0.354656E+06
  0.358437E-01  0.347540E+06  0.302157E+06  0.000000E+00  0.000000E+00  0.000000E+00  0.346111E+06
  0.370586E-01  0.339036E+06  0.294955E+06  0.000000E+00  0.000000E+00  0.000000E+00  0.337647E+06
  0.383147E-01  0.330588E+06  0.288014E+06  0.000000E+00  0.000000E+00  0.000000E+00  0.329248E+06
  0.396134E-01  0.322187E+06  0.281306E+06  0.000000E+00  0.000000E+00  0.000000E+00  0.320899E+06
  0.409561E-01  0.313903E+06  0.274887E+06  0.000000E+00  0.000000E+00  0.000000E+00  0.312674E+06
  0.423443E-01  0.305749E+06  0.268741E+06  0.000000E+00  0.000000E+00  0.000000E+00  0.304584E+06
  0.437796E-01  0.297730E+06  0.262840E+06  0.000000E+00  0.000000E+00  0.000000E+00  0.296632E+06
  0.452635E-01  0.289845E+06  0.257142E+06  0.000000E+00  0.000000E+00  0.000000E+00  0.288815E+06
  0.467977E-01  0.282084E+06  0.251595E+06  0.000000E+00  0.000000E+00  0.000000E+00  0.281123E+06
  0.483839E-01  0.274436E+06  0.246136E+06  0.000000E+00  0.000000E+00  0.000000E+00  0.273544E+06
  0.500239E-01  0.266886E+06  0.240699E+06  0.000000E+00  0.000000E+00  0.000000E+00  0.266062E+06
  0.517194E-01  0.259425E+06  0.235220E+06  0.000000E+00  0.000000E+00  0.000000E+00  0.258663E+06
  0.534725E-01  0.252046E+06  0.229644E+06  0.000000E+00  0.000000E+00  0.000000E+00  0.251341E+06
  0.552850E-01  0.244751E+06  0.223924E+06  0.000000E+00  0.000000E+00  0.000000E+00  0.244095E+06
  0.571588E-01  0.237553E+06  0.218040E+06  0.000000E+00  0.000000E+00  0.000000E+00  0.236939E+06
  0.590963E-01  0.230494E+06  0.212002E+06  0.000000E+00  0.000000E+00  0.000000E+00  0.229911E+06
  0.610993E-01  0.223747E+06  0.205993E+06  0.000000E+00  0.000000E+00  0.000000E+00  0.223188E+06
  0.631703E-01  0.216913E+06  0.199579E+06  0.000000E+00  0.000000E+00  0.000000E+00  0.216367E+06
  0.653114E-01  0.210169E+06  0.192973E+06  0.000000E+00  0.000000E+00  0.000000E+00  0.209628E+06
  0.675252E-01  0.203509E+06  0.186207E+06  0.000000E+00  0.000000E+00  0.000000E+00  0.202964E+06
  0.698139E-01  0.196931E+06  0.179336E+06  0.000000E+00  0.000000E+00  0.000000E+00  0.196377E+06
  0.721803E-01  0.190442E+06  0.172437E+06  0.000000E+00  0.000000E+00  0.000000E+00  0.189875E+06
  0.746268E-01  0.184057E+06  0.165609E+06  0.000000E+00  0.000000E+00  0.000000E+00  0.183476E+06
  0.771564E-01  0.177804E+06  0.158967E+06  0.000000E+00  0.000000E+00  0.000000E+00  0.177211E+06
  0.797716E-01  0.171709E+06  0.152624E+06  0.000000E+00  0.000000E+00  0.000000E+00  0.171108E+06
  0.824755E-01  0.165792E+06  0.146671E+06  0.000000E+00  0.000000E+00  0.000000E+00  0.165190E+06
  0.852709E-01  0.160058E+06  0.141168E+06  0.000000E+00  0.000000E+00  0.000000E+00  0.159463E+06
  0.881612E-01  0.154501E+06  0.136130E+06  0.000000E+00  0.000000E+00  0.000000E+00  0.153922E+06
  0.911495E-01  0.149106E+06  0.131534E+06  0.000000E+00  0.000000E+00  0.000000E+00  0.148553E+06
  0.942390E-01  0.143864E+06  0.127323E+06  0.000000E+00  0.000000E+00  0.000000E+00  0.143343E+06
  0.974333E-01  0.138769E+06  0.123416E+06  0.000000E+00  0.000000E+00  0.000000E+00  0.138286E+06
  0.100736E+00  0.133821E+06  0.119714E+06  0.000000E+00  0.000000E+00  0.000000E+00  0.133377E+06
  0.104150E+00  0.129014E+06  0.116102E+06  0.000000E+00  0.000000E+00  0.000000E+00  0.128607E+06
  0.107680E+00  0.124329E+06  0.112462E+06  0.000000E+00  0.000000E+00  0.000000E+00  0.123956E+06
  0.111330E+00  0.119749E+06  0.108699E+06  0.000000E+00  0.000000E+00  0.000000E+00  0.119401E+06
  0.115104E+00  0.115262E+06  0.104765E+06  0.000000E+00  0.000000E+00  0.000000E+00  0.114931E+06
  0.119005E+00  0.110868E+06  0.100670E+06  0.000000E+00  0.000000E+00  0.000000E+00  0.110547E+06
  0.123039E+00  0.106577E+06  0.964792E+05  0.000000E+00  0.000000E+00  0.000000E+00  0.106259E+06
  0.127209E+00  0.102391E+06  0.922860E+05  0.000000E+00  0.000000E+00  0.000000E+00  0.102073E+06
  0.131521E+00  0.983184E+05  0.882030E+05  0.000000E+00  0.000000E+00  0.000000E+00  0.979998E+05
  0.135979E+00  0.943770E+05  0.843446E+05  0.000000E+00  0.000000E+00  0.000000E+00  0.940610E+05
  0.140588E+00  0.905911E+05  0.807973E+05  0.000000E+00  0.000000E+00  0.000000E+00  0.902827E+05
  0.145353E+00  0.869686E+05  0.775807E+05  0.000000E+00  0.000000E+00  0.000000E+00  0.866729E+05
  0.150280E+00  0.834914E+05  0.746359E+05  0.000000E+00  0.000000E+00  0.000000E+00  0.832125E+05
  0.155374E+00  0.801351E+05  0.718622E+05  0.000000E+00  0.000000E+00  0.000000E+00  0.798746E+05
  0.160640E+00  0.768876E+05  0.691620E+05  0.000000E+00  0.000000E+00  0.000000E+00  0.766443E+05
  0.166085E+00  0.737414E+05  0.664626E+05  0.000000E+00  0.000000E+00  0.000000E+00  0.735122E+05
  0.171715E+00  0.706833E+05  0.637255E+05  0.000000E+00  0.000000E+00  0.000000E+00  0.704641E+05
  0.177535E+00  0.677085E+05  0.609678E+05  0.000000E+00  0.000000E+00  0.000000E+00  0.674962E+05
  0.183553E+00  0.648284E+05  0.582566E+05  0.000000E+00  0.000000E+00  0.000000E+00  0.646214E+05
  0.189774E+00  0.620540E+05  0.556644E+05  0.000000E+00  0.000000E+00  0.000000E+00  0.618528E+05
  0.196206E+00  0.593895E+05  0.532337E+05  0.000000E+00  0.000000E+00  0.000000E+00  0.591957E+05
  0.202857E+00  0.568381E+05  0.509690E+05  0.000000E+00  0.000000E+00  0.000000E+00  0.566532E+05
  0.209733E+00  0.543896E+05  0.488304E+05  0.000000E+00  0.000000E+00  0.000000E+00  0.542146E+05
  0.216842E+00  0.520274E+05  0.467608E+05  0.000000E+00  0.000000E+00  0.000000E+00  0.518615E+05
  0.224192E+00  0.497503E+05  0.447334E+05  0.000000E+00  0.000000E+00  0.000000E+00  0.495923E+05
  0.231791E+00  0.475581E+05  0.427491E+05  0.000000E+00  0.000000E+00  0.000000E+00  0.474066E+05
  0.239647E+00  0.454422E+05  0.408201E+05  0.000000E+00  0.000000E+00  0.000000E+00  0.452966E+05
  0.247770E+00  0.434088E+05  0.389753E+05  0.000000E+00  0.000000E+00  0.000000E+00  0.432692E+05
  0.256168E+00  0.414619E+05  0.372277E+05  0.000000E+00  0.000000E+00  0.000000E+00  0.413285E+05
  0.264851E+00  0.395919E+05  0.355603E+05  0.000000E+00  0.000000E+00  0.000000E+00  0.394649E+05
  0.273828E+00  0.377982E+05  0.339592E+05  0.000000E+00  0.000000E+00  0.000000E+00  0.376773E+05
  0.283110E+00  0.360760E+05  0.324133E+05  0.000000E+00  0.000000E+00  0.000000E+00  0.359607E+05
  0.292706E+00  0.344208E+05  0.309215E+05  0.000000E+00  0.000000E+00  0.000000E+00  0.343106E+05
  0.302627E+00  0.328347E+05  0.294931E+05  0.000000E+00  0.000000E+00  0.000000E+00  0.327295E+05
  0.312884E+00  0.313136E+05  0.281272E+05  0.000000E+00  0.000000E+00  0.000000E+00  0.312133E+05
  0.323490E+00  0.298572E+05  0.268212E+05  0.000000E+00  0.000000E+00  0.000000E+00  0.297615E+05
  0.334454E+00  0.284608E+05  0.255679E+05  0.000000E+00  0.000000E+00  0.000000E+00  0.283697E+05
  0.345791E+00  0.271239E+05  0.243665E+05  0.000000E+00  0.000000E+00  0.000000E+00  0.270371E+05
  0.357512E+00  0.258434E+05  0.232156E+05  0.000000E+00  0.000000E+00  0.000000E+00  0.257606E+05
  0.369629E+00  0.246182E+05  0.221153E+05  0.000000E+00  0.000000E+00  0.000000E+00  0.245394E+05
  0.382158E+00  0.234455E+05  0.210622E+05  0.000000E+00  0.000000E+00  0.000000E+00  0.233705E+05
  0.395111E+00  0.223244E+05  0.200551E+05  0.000000E+00  0.000000E+00  0.000000E+00  0.222529E+05
  0.408504E+00  0.212517E+05  0.190915E+05  0.000000E+00  0.000000E+00  0.000000E+00  0.211837E+05
  0.422350E+00  0.202272E+05  0.181712E+05  0.000000E+00  0.000000E+00  0.000000E+00  0.201624E+05
  0.436666E+00  0.192476E+05  0.172913E+05  0.000000E+00  0.000000E+00  0.000000E+00  0.191860E+05
  0.451466E+00  0.183123E+05  0.164511E+05  0.000000E+00  0.000000E+00  0.000000E+00  0.182536E+05
  0.466769E+00  0.174190E+05  0.156487E+05  0.000000E+00  0.000000E+00  0.000000E+00  0.173632E+05
  0.482590E+00  0.165660E+05  0.148824E+05  0.000000E+00  0.000000E+00  0.000000E+00  0.165129E+05
  0.498948E+00  0.157520E+05  0.141512E+05  0.000000E+00  0.000000E+00  0.000000E+00  0.157015E+05
  0.515859E+00  0.149752E+05  0.134534E+05  0.000000E+00  0.000000E+00  0.000000E+00  0.149272E+05
  0.533344E+00  0.142338E+05  0.127874E+05  0.000000E+00  0.000000E+00  0.000000E+00  0.141882E+05
  0.551422E+00  0.135267E+05  0.121522E+05  0.000000E+00  0.000000E+00  0.000000E+00  0.134834E+05
  0.570113E+00  0.128524E+05  0.115465E+05  0.000000E+00  0.000000E+00  0.000000E+00  0.128112E+05
  0.589437E+00  0.122095E+05  0.109689E+05  0.000000E+00  0.000000E+00  0.000000E+00  0.121704E+05
  0.609416E+00  0.115966E+05  0.104184E+05  0.000000E+00  0.000000E+00  0.000000E+00  0.115595E+05
  0.630072E+00  0.110126E+05  0.989377E+04  0.000000E+00  0.000000E+00  0.000000E+00  0.109774E+05
  0.651428E+00  0.104564E+05  0.939408E+04  0.000000E+00  0.000000E+00  0.000000E+00  0.104230E+05
  0.673509E+00  0.992673E+04  0.891824E+04  0.000000E+00  0.000000E+00  0.000000E+00  0.989497E+04
  0.696337E+00  0.942247E+04  0.846523E+04  0.000000E+00  0.000000E+00  0.000000E+00  0.939232E+04
  0.719940E+00  0.894245E+04  0.803400E+04  0.000000E+00  0.000000E+00  0.000000E+00  0.891384E+04
  0.744342E+00  0.848558E+04  0.762356E+04  0.000000E+00  0.000000E+00  0.000000E+00  0.845843E+04
  0.769572E+00  0.805076E+04  0.723294E+04  0.000000E+00  0.000000E+00  0.000000E+00  0.802500E+04
  0.795656E+00  0.763701E+04  0.686124E+04  0.000000E+00  0.000000E+00  0.000000E+00  0.761258E+04
  0.822625E+00  0.724337E+04  0.650761E+04  0.000000E+00  0.000000E+00  0.000000E+00  0.722020E+04
  0.850508E+00  0.686899E+04  0.617127E+04  0.000000E+00  0.000000E+00  0.000000E+00  0.684702E+04
  0.879336E+00  0.651301E+04  0.585146E+04  0.000000E+00  0.000000E+00  0.000000E+00  0.649217E+04
  0.909141E+00  0.617465E+04  0.554748E+04  0.000000E+00  0.000000E+00  0.000000E+00  0.615490E+04
  0.939957E+00  0.585312E+04  0.525862E+04  0.000000E+00  0.000000E+00  0.000000E+00  0.583440E+04
  0.971817E+00  0.554759E+04  0.498413E+04  0.000000E+00  0.000000E+00  0.000000E+00  0.552984E+04
  0.100476E+01  0.525724E+04  0.472329E+04  0.000000E+00  0.000000E+00  0.000000E+00  0.524043E+04
  0.103881E+01  0.498143E+04  0.447550E+04  0.000000E+00  0.000000E+00  0.000000E+00  0.496550E+04
  0.107402E+01  0.471942E+04  0.424011E+04  0.000000E+00  0.000000E+00  0.000000E+00  0.470433E+04
  0.111043E+01  0.447066E+04  0.401662E+04  0.000000E+00  0.000000E+00  0.000000E+00  0.445636E+04
  0.114807E+01  0.423450E+04  0.380444E+04  0.000000E+00  0.000000E+00  0.000000E+00  0.422095E+04
  0.118698E+01  0.401035E+04  0.360307E+04  0.000000E+00  0.000000E+00  0.000000E+00  0.399752E+04
  0.122721E+01  0.379760E+04  0.341193E+04  0.000000E+00  0.000000E+00  0.000000E+00  0.378545E+04
  0.126881E+01  0.359567E+04  0.323051E+04  0.000000E+00  0.000000E+00  0.000000E+00  0.358417E+04
  0.131182E+01  0.340408E+04  0.305839E+04  0.000000E+00  0.000000E+00  0.000000E+00  0.339319E+04
  0.135628E+01  0.322233E+04  0.289510E+04  0.000000E+00  0.000000E+00  0.000000E+00  0.321203E+04
  0.140225E+01  0.304996E+04  0.274023E+04  0.000000E+00  0.000000E+00  0.000000E+00  0.304020E+04
  0.144978E+01  0.288647E+04  0.259335E+04  0.000000E+00  0.000000E+00  0.000000E+00  0.287723E+04
  0.149892E+01  0.273142E+04  0.245405E+04  0.000000E+00  0.000000E+00  0.000000E+00  0.272268E+04
  0.154973E+01  0.258442E+04  0.232197E+04  0.000000E+00  0.000000E+00  0.000000E+00  0.257615E+04
  0.160226E+01  0.244506E+04  0.219677E+04  0.000000E+00  0.000000E+00  0.000000E+00  0.243724E+04
  0.165656E+01  0.231298E+04  0.207811E+04  0.000000E+00  0.000000E+00  0.000000E+00  0.230559E+04
  0.171271E+01  0.218780E+04  0.196564E+04  0.000000E+00  0.000000E+00  0.000000E+00  0.218080E+04
  0.177077E+01  0.206919E+04  0.185907E+04  0.000000E+00  0.000000E+00  0.000000E+00  0.206257E+04
  0.183079E+01  0.195681E+04  0.175811E+04  0.000000E+00  0.000000E+00  0.000000E+00  0.195055E+04
  0.189284E+01  0.185035E+04  0.166246E+04  0.000000E+00  0.000000E+00  0.000000E+00  0.184443E+04
  0.195700E+01  0.174952E+04  0.157187E+04  0.000000E+00  0.000000E+00  0.000000E+00  0.174392E+04
  0.202333E+01  0.165402E+04  0.148607E+04  0.000000E+00  0.000000E+00  0.000000E+00  0.164873E+04
  0.209191E+01  0.156359E+04  0.140482E+04  0.000000E+00  0.000000E+00  0.000000E+00  0.155859E+04
  0.216282E+01  0.147797E+04  0.132790E+04  0.000000E+00  0.000000E+00  0.000000E+00  0.147324E+04
  0.223613E+01  0.139690E+04  0.125506E+04  0.000000E+00  0.000000E+00  0.000000E+00  0.139244E+04
  0.231192E+01  0.132016E+04  0.118611E+04  0.000000E+00  0.000000E+00  0.000000E+00  0.131594E+04
  0.239028E+01  0.124752E+04  0.112085E+04  0.000000E+00  0.000000E+00  0.000000E+00  0.124353E+04
  0.247130E+01  0.117877E+04  0.105908E+04  0.000000E+00  0.000000E+00  0.000000E+00  0.117500E+04
  0.255507E+01  0.111372E+04  0.100063E+04  0.000000E+00  0.000000E+00  0.000000E+00  0.111016E+04
  0.264167E+01  0.105216E+04  0.945325E+03  0.000000E+00  0.000000E+00  0.000000E+00  0.104880E+04
  0.273121E+01  0.993925E+03  0.893003E+03  0.000000E+00  0.000000E+00  0.000000E+00  0.990747E+03
  0.282379E+01  0.938836E+03  0.843506E+03  0.000000E+00  0.000000E+00  0.000000E+00  0.935833E+03
  0.291950E+01  0.886730E+03  0.796691E+03  0.000000E+00  0.000000E+00  0.000000E+00  0.883894E+03
  0.301846E+01  0.837449E+03  0.752414E+03  0.000000E+00  0.000000E+00  0.000000E+00  0.834770E+03
  0.312077E+01  0.790845E+03  0.710541E+03  0.000000E+00  0.000000E+00  0.000000E+00  0.788315E+03
  0.322655E+01  0.746775E+03  0.670946E+03  0.000000E+00  0.000000E+00  0.000000E+00  0.744386E+03
  0.333591E+01  0.705105E+03  0.633507E+03  0.000000E+00  0.000000E+00  0.000000E+00  0.702850E+03
  0.344898E+01  0.665708E+03  0.598110E+03  0.000000E+00  0.000000E+00  0.000000E+00  0.663579E+03
  0.356588E+01  0.628465E+03  0.564648E+03  0.000000E+00  0.000000E+00  0.000000E+00  0.626455E+03
  0.368675E+01  0.593261E+03  0.533017E+03  0.000000E+00  0.000000E+00  0.000000E+00  0.591363E+03
  0.381172E+01  0.559987E+03  0.503122E+03  0.000000E+00  0.000000E+00  0.000000E+00  0.558196E+03
  0.394091E+01  0.528545E+03  0.474872E+03  0.000000E+00  0.000000E+00  0.000000E+00  0.526855E+03
  0.407449E+01  0.498833E+03  0.448176E+03  0.000000E+00  0.000000E+00  0.000000E+00  0.497237E+03
  0.421259E+01  0.470760E+03  0.422953E+03  0.000000E+00  0.000000E+00  0.000000E+00  0.469254E+03
  0.435538E+01  0.444235E+03  0.399121E+03  0.000000E+00  0.000000E+00  0.000000E+00  0.442814E+03
  0.450301E+01  0.419176E+03  0.376606E+03  0.000000E+00  0.000000E+00  0.000000E+00  0.417835E+03
  0.465564E+01  0.395503E+03  0.355336E+03  0.000000E+00  0.000000E+00  0.000000E+00  0.394238E+03
  0.481344E+01  0.373141E+03  0.335244E+03  0.000000E+00  0.000000E+00  0.000000E+00  0.371948E+03
  0.497659E+01  0.352021E+03  0.316268E+03  0.000000E+00  0.000000E+00  0.000000E+00  0.350895E+03
  0.514527E+01  0.332075E+03  0.298347E+03  0.000000E+00  0.000000E+00  0.000000E+00  0.331013E+03
  0.531968E+01  0.313241E+03  0.281424E+03  0.000000E+00  0.000000E+00  0.000000E+00  0.312239E+03
  0.549998E+01  0.295457E+03  0.265445E+03  0.000000E+00  0.000000E+00  0.000000E+00  0.294512E+03
  0.568641E+01  0.278665E+03  0.250358E+03  0.000000E+00  0.000000E+00  0.000000E+00  0.277773E+03
  0.587915E+01  0.262812E+03  0.236114E+03  0.000000E+00  0.000000E+00  0.000000E+00  0.261971E+03
  0.607843E+01  0.247844E+03  0.222665E+03  0.000000E+00  0.000000E+00  0.000000E+00  0.247051E+03
  0.628446E+01  0.233714E+03  0.209970E+03  0.000000E+00  0.000000E+00  0.000000E+00  0.232966E+03
  0.649747E+01  0.220378E+03  0.197987E+03  0.000000E+00  0.000000E+00  0.000000E+00  0.219673E+03
  0.671770E+01  0.207791E+03  0.186677E+03  0.000000E+00  0.000000E+00  0.000000E+00  0.207126E+03
  0.694539E+01  0.195912E+03  0.176005E+03  0.000000E+00  0.000000E+00  0.000000E+00  0.195285E+03
  0.718081E+01  0.184702E+03  0.165932E+03  0.000000E+00  0.000000E+00  0.000000E+00  0.184111E+03
  0.742420E+01  0.174124E+03  0.156428E+03  0.000000E+00  0.000000E+00  0.000000E+00  0.173566E+03
  0.767585E+01  0.164141E+03  0.147458E+03  0.000000E+00  0.000000E+00  0.000000E+00  0.163616E+03
  0.793602E+01  0.154723E+03  0.138996E+03  0.000000E+00  0.000000E+00  0.000000E+00  0.154228E+03
  0.820502E+01  0.145837E+03  0.131012E+03  0.000000E+00  0.000000E+00  0.000000E+00  0.145370E+03
  0.848312E+01  0.137455E+03  0.123480E+03  0.000000E+00  0.000000E+00  0.000000E+00  0.137015E+03
  0.877066E+01  0.129548E+03  0.116376E+03  0.000000E+00  0.000000E+00  0.000000E+00  0.129133E+03
  0.906794E+01  0.122090E+03  0.109674E+03  0.000000E+00  0.000000E+00  0.000000E+00  0.121699E+03
  0.937530E+01  0.115054E+03  0.103353E+03  0.000000E+00  0.000000E+00  0.000000E+00  0.114686E+03
  0.969308E+01  0.108419E+03  0.973909E+02  0.000000E+00  0.000000E+00  0.000000E+00  0.108072E+03
  0.100216E+02  0.102161E+03  0.917680E+02  0.000000E+00  0.000000E+00  0.000000E+00  0.101834E+03
  0.103613E+02  0.962599E+02  0.864657E+02  0.000000E+00  0.000000E+00  0.000000E+00  0.959514E+02
  0.107125E+02  0.906956E+02  0.814660E+02  0.000000E+00  0.000000E+00  0.000000E+00  0.904049E+02
  0.110756E+02  0.854486E+02  0.767514E+02  0.000000E+00  0.000000E+00  0.000000E+00  0.851747E+02
  0.114510E+02  0.805013E+02  0.723060E+02  0.000000E+00  0.000000E+00  0.000000E+00  0.802431E+02
  0.118392E+02  0.758366E+02  0.681147E+02  0.000000E+00  0.000000E+00  0.000000E+00  0.755934E+02
  0.122404E+02  0.714392E+02  0.641634E+02  0.000000E+00  0.000000E+00  0.000000E+00  0.712100E+02
  0.126553E+02  0.672939E+02  0.604387E+02  0.000000E+00  0.000000E+00  0.000000E+00  0.670779E+02
  0.130843E+02  0.633863E+02  0.569275E+02  0.000000E+00  0.000000E+00  0.000000E+00  0.631828E+02
  0.135278E+02  0.597026E+02  0.536176E+02  0.000000E+00  0.000000E+00  0.000000E+00  0.595110E+02
  0.139863E+02  0.562306E+02  0.504978E+02  0.000000E+00  0.000000E+00  0.000000E+00  0.560500E+02
  0.144604E+02  0.529582E+02  0.475574E+02  0.000000E+00  0.000000E+00  0.000000E+00  0.527881E+02
  0.149505E+02  0.498744E+02  0.447864E+02  0.000000E+00  0.000000E+00  0.000000E+00  0.497141E+02
  0.154573E+02  0.469680E+02  0.421748E+02  0.000000E+00  0.000000E+00  0.000000E+00  0.468170E+02
  0.159812E+02  0.442290E+02  0.397136E+02  0.000000E+00  0.000000E+00  0.000000E+00  0.440868E+02
  0.165229E+02  0.416480E+02  0.373944E+02  0.000000E+00  0.000000E+00  0.000000E+00  0.415141E+02
  0.170829E+02  0.392162E+02  0.352092E+02  0.000000E+00  0.000000E+00  0.000000E+00  0.390900E+02
  0.176619E+02  0.369249E+02  0.331503E+02  0.000000E+00  0.000000E+00  0.000000E+00  0.368060E+02
  0.182606E+02  0.347660E+02  0.312103E+02  0.000000E+00  0.000000E+00  0.000000E+00  0.346540E+02
  0.188795E+02  0.327319E+02  0.293826E+02  0.000000E+00  0.000000E+00  0.000000E+00  0.326264E+02
  0.195195E+02  0.308158E+02  0.276607E+02  0.000000E+00  0.000000E+00  0.000000E+00  0.307164E+02
  0.201811E+02  0.290107E+02  0.260387E+02  0.000000E+00  0.000000E+00  0.000000E+00  0.289171E+02
  0.208651E+02  0.273103E+02  0.245107E+02  0.000000E+00  0.000000E+00  0.000000E+00  0.272221E+02
  0.215723E+02  0.257085E+02  0.230713E+02  0.000000E+00  0.000000E+00  0.000000E+00  0.256255E+02
  0.223035E+02  0.241998E+02  0.217155E+02  0.000000E+00  0.000000E+00  0.000000E+00  0.241216E+02
  0.230595E+02  0.227789E+02  0.204387E+02  0.000000E+00  0.000000E+00  0.000000E+00  0.227052E+02
  0.238411E+02  0.214405E+02  0.192359E+02  0.000000E+00  0.000000E+00  0.000000E+00  0.213711E+02
  0.246492E+02  0.201801E+02  0.181032E+02  0.000000E+00  0.000000E+00  0.000000E+00  0.201147E+02
  0.254847E+02  0.189931E+02  0.170365E+02  0.000000E+00  0.000000E+00  0.000000E+00  0.189314E+02
  0.263485E+02  0.178753E+02  0.160320E+02  0.000000E+00  0.000000E+00  0.000000E+00  0.178172E+02
  0.272416E+02  0.168226E+02  0.150860E+02  0.000000E+00  0.000000E+00  0.000000E+00  0.167679E+02
  0.281650E+02  0.158314E+02  0.141952E+02  0.000000E+00  0.000000E+00  0.000000E+00  0.157799E+02
  0.291196E+02  0.148982E+02  0.133565E+02  0.000000E+00  0.000000E+00  0.000000E+00  0.148496E+02
  0.301066E+02  0.140194E+02  0.125667E+02  0.000000E+00  0.000000E+00  0.000000E+00  0.139736E+02
  0.311271E+02  0.131920E+02  0.118231E+02  0.000000E+00  0.000000E+00  0.000000E+00  0.131489E+02
  0.321822E+02  0.124131E+02  0.111231E+02  0.000000E+00  0.000000E+00  0.000000E+00  0.123724E+02
  0.332730E+02  0.116797E+02  0.104640E+02  0.000000E+00  0.000000E+00  0.000000E+00  0.116414E+02
  0.344008E+02  0.109893E+02  0.984351E+01  0.000000E+00  0.000000E+00  0.000000E+00  0.109533E+02
  0.355668E+02  0.103395E+02  0.925942E+01  0.000000E+00  0.000000E+00  0.000000E+00  0.103055E+02
  0.367723E+02  0.972769E+01  0.870955E+01  0.000000E+00  0.000000E+00  0.000000E+00  0.969562E+01
  0.380187E+02  0.915182E+01  0.819195E+01  0.000000E+00  0.000000E+00  0.000000E+00  0.912158E+01
  0.393074E+02  0.860978E+01  0.770475E+01  0.000000E+00  0.000000E+00  0.000000E+00  0.858127E+01
  0.406397E+02  0.809959E+01  0.724618E+01  0.000000E+00  0.000000E+00  0.000000E+00  0.807271E+01
  0.420172E+02  0.761939E+01  0.681453E+01  0.000000E+00  0.000000E+00  0.000000E+00  0.759404E+01
  0.434414E+02  0.716745E+01  0.640829E+01  0.000000E+00  0.000000E+00  0.000000E+00  0.714354E+01
  0.449138E+02  0.674211E+01  0.602595E+01  0.000000E+00  0.000000E+00  0.000000E+00  0.671956E+01
  0.464362E+02  0.634182E+01  0.566612E+01  0.000000E+00  0.000000E+00  0.000000E+00  0.632054E+01
  0.480101E+02  0.596514E+01  0.532749E+01  0.000000E+00  0.000000E+00  0.000000E+00  0.594506E+01
  0.496375E+02  0.561064E+01  0.500880E+01  0.000000E+00  0.000000E+00  0.000000E+00  0.559169E+01
  0.513199E+02  0.527708E+01  0.470893E+01  0.000000E+00  0.000000E+00  0.000000E+00  0.525918E+01
  0.530594E+02  0.496319E+01  0.442673E+01  0.000000E+00  0.000000E+00  0.000000E+00  0.494629E+01
  0.548579E+02  0.466785E+01  0.416119E+01  0.000000E+00  0.000000E+00  0.000000E+00  0.465189E+01
  0.567173E+02  0.438995E+01  0.391133E+01  0.000000E+00  0.000000E+00  0.000000E+00  0.437488E+01
  0.586397E+02  0.412848E+01  0.367624E+01  0.000000E+00  0.000000E+00  0.000000E+00  0.411424E+01
  0.606273E+02  0.388248E+01  0.345504E+01  0.000000E+00  0.000000E+00  0.000000E+00  0.386902E+01
  0.626823E+02  0.365104E+01  0.324692E+01  0.000000E+00  0.000000E+00  0.000000E+00  0.363831E+01
  0.648069E+02  0.343330E+01  0.305112E+01  0.000000E+00  0.000000E+00  0.000000E+00  0.342126E+01
  0.670036E+02  0.322845E+01  0.286690E+01  0.000000E+00  0.000000E+00  0.000000E+00  0.321707E+01
  0.692747E+02  0.303575E+01  0.269360E+01  0.000000E+00  0.000000E+00  0.000000E+00  0.302498E+01
  0.716227E+02  0.285447E+01  0.253057E+01  0.000000E+00  0.000000E+00  0.000000E+00  0.284427E+01
  0.740504E+02  0.268395E+01  0.237719E+01  0.000000E+00  0.000000E+00  0.000000E+00  0.267429E+01
  0.765604E+02  0.252355E+01  0.223292E+01  0.000000E+00  0.000000E+00  0.000000E+00  0.251439E+01
  0.791553E+02  0.237267E+01  0.209720E+01  0.000000E+00  0.000000E+00  0.000000E+00  0.236399E+01
  0.818384E+02  0.223075E+01  0.196954E+01  0.000000E+00  0.000000E+00  0.000000E+00  0.222253E+01
  0.846122E+02  0.209727E+01  0.184946E+01  0.000000E+00  0.000000E+00  0.000000E+00  0.208947E+01
  0.874802E+02  0.197173E+01  0.173651E+01  0.000000E+00  0.000000E+00  0.000000E+00  0.196432E+01
  0.904453E+02  0.185365E+01  0.163027E+01  0.000000E+00  0.000000E+00  0.000000E+00  0.184661E+01
  0.935109E+02  0.174260E+01  0.153035E+01  0.000000E+00  0.000000E+00  0.000000E+00  0.173592E+01
  0.966806E+02  0.163816E+01  0.143637E+01  0.000000E+00  0.000000E+00  0.000000E+00  0.163180E+01
  0.999576E+02  0.153994E+01  0.134799E+01  0.000000E+00  0.000000E+00  0.000000E+00  0.153389E+01
  0.103346E+03  0.144758E+01  0.126487E+01  0.000000E+00  0.000000E+00  0.000000E+00  0.144182E+01
  0.106849E+03  0.136071E+01  0.118669E+01  0.000000E+00  0.000000E+00  0.000000E+00  0.135523E+01
  0.110470E+03  0.127903E+01  0.111318E+01  0.000000E+00  0.000000E+00  0.000000E+00  0.127381E+01
  0.114215E+03  0.120223E+01  0.104405E+01  0.000000E+00  0.000000E+00  0.000000E+00  0.119725E+01
  0.118086E+03  0.113001E+01  0.979039E+00  0.000000E+00  0.000000E+00  0.000000E+00  0.112525E+01
  0.122089E+03  0.106209E+01  0.917908E+00  0.000000E+00  0.000000E+00  0.000000E+00  0.105755E+01
  0.126227E+03  0.998241E+00  0.860429E+00  0.000000E+00  0.000000E+00  0.000000E+00  0.993901E+00
  0.130505E+03  0.938205E+00  0.806384E+00  0.000000E+00  0.000000E+00  0.000000E+00  0.934053E+00
  0.134928E+03  0.881757E+00  0.755569E+00  0.000000E+00  0.000000E+00  0.000000E+00  0.877782E+00
  0.139502E+03  0.828682E+00  0.707790E+00  0.000000E+00  0.000000E+00  0.000000E+00  0.824874E+00
  0.144230E+03  0.778786E+00  0.662873E+00  0.000000E+00  0.000000E+00  0.000000E+00  0.775135E+00
  0.149119E+03  0.731875E+00  0.620646E+00  0.000000E+00  0.000000E+00  0.000000E+00  0.728372E+00
  0.154173E+03  0.687774E+00  0.580950E+00  0.000000E+00  0.000000E+00  0.000000E+00  0.684409E+00
  0.159399E+03  0.646311E+00  0.543632E+00  0.000000E+00  0.000000E+00  0.000000E+00  0.643077E+00
  0.164802E+03  0.607336E+00  0.508557E+00  0.000000E+00  0.000000E+00  0.000000E+00  0.604224E+00
  0.170388E+03  0.570696E+00  0.475589E+00  0.000000E+00  0.000000E+00  0.000000E+00  0.567700E+00
  0.176164E+03  0.536252E+00  0.444603E+00  0.000000E+00  0.000000E+00  0.000000E+00  0.533365E+00
  0.182135E+03  0.503875E+00  0.415484E+00  0.000000E+00  0.000000E+00  0.000000E+00  0.501091E+00
  0.188308E+03  0.473442E+00  0.388121E+00  0.000000E+00  0.000000E+00  0.000000E+00  0.470754E+00
  0.194691E+03  0.444835E+00  0.362411E+00  0.000000E+00  0.000000E+00  0.000000E+00  0.442239E+00
  0.201290E+03  0.417945E+00  0.338254E+00  0.000000E+00  0.000000E+00  0.000000E+00  0.415435E+00
