  0.108800E-04  0.198292E+08  0.198292E+08  0.264238E+08  0.264238E+08  0.000000E+00  0.198292E+08
  0.112487E-04  0.198292E+08  0.198292E+08  0.264228E+08  0.264227E+08  0.000000E+00  0.198292E+08
  0.116300E-04  0.198292E+08  0.198292E+08  0.264217E+08  0.264216E+08  0.000000E+00  0.198292E+08
  0.120242E-04  0.198292E+08  0.198292E+08  0.264205E+08  0.264204E+08  0.000000E+00  0.198292E+08
  0.124318E-04  0.198292E+08  0.198292E+08  0.264192E+08  0.264192E+08  0.000000E+00  0.198292E+08
  0.128531E-04  0.198292E+08  0.198292E+08  0.264178E+08  0.264178E+08  0.000000E+00  0.198292E+08
  0.132888E-04  0.198292E+08  0.198292E+08  0.264164E+08  0.264163E+08  0.000000E+00  0.198292E+08
  0.137392E-04  0.198292E+08  0.198292E+08  0.264148E+08  0.264148E+08  0.000000E+00  0.198292E+08
  0.142049E-04  0.198292E+08  0.198292E+08  0.264132E+08  0.264131E+08  0.000000E+00  0.198292E+08
  0.146864E-04  0.198292E+08  0.198292E+08  0.264114E+08  0.264113E+08  0.000000E+00  0.198292E+08
  0.151842E-04  0.198292E+08  0.198292E+08  0.264095E+08  0.264094E+08  0.000000E+00  0.198292E+08
  0.156989E-04  0.198292E+08  0.198292E+08  0.264074E+08  0.264074E+08  0.000000E+00  0.198292E+08
  0.162310E-04  0.198292E+08  0.198292E+08  0.264053E+08  0.264052E+08  0.000000E+00  0.198292E+08
  0.167811E-04  0.198291E+08  0.198291E+08  0.264030E+08  0.264029E+08  0.000000E+00  0.198291E+08
  0.173499E-04  0.198291E+08  0.198291E+08  0.264005E+08  0.264004E+08  0.000000E+00  0.198291E+08
  0.179380E-04  0.198291E+08  0.198291E+08  0.263978E+08  0.263978E+08  0.000000E+00  0.198291E+08
  0.185460E-04  0.198291E+08  0.198291E+08  0.263950E+08  0.263949E+08  0.000000E+00  0.198291E+08
  0.191746E-04  0.198291E+08  0.198291E+08  0.263920E+08  0.263919E+08  0.000000E+00  0.198291E+08
  0.198246E-04  0.198291E+08  0.198291E+08  0.263887E+08  0.263887E+08  0.000000E+00  0.198291E+08
  0.204965E-04  0.198291E+08  0.198291E+08  0.263853E+08  0.263852E+08  0.000000E+00  0.198291E+08
  0.211913E-04  0.198291E+08  0.198291E+08  0.263816E+08  0.263815E+08  0.000000E+00  0.198291E+08
  0.219095E-04  0.198291E+08  0.198291E+08  0.263776E+08  0.263775E+08  0.000000E+00  0.198291E+08
  0.226522E-04  0.198291E+08  0.198291E+08  0.263734E+08  0.263733E+08  0.000000E+00  0.198291E+08
  0.234200E-04  0.198291E+08  0.198291E+08  0.263689E+08  0.263688E+08  0.000000E+00  0.198291E+08
  0.242138E-04  0.198291E+08  0.198291E+08  0.263640E+08  0.263639E+08  0.000000E+00  0.198291E+08
  0.250345E-04  0.198291E+08  0.198291E+08  0.263589E+08  0.263588E+08  0.000000E+00  0.198291E+08
  0.258831E-04  0.198291E+08  0.198291E+08  0.263534E+08  0.263533E+08  0.000000E+00  0.198291E+08
  0.267604E-04  0.198290E+08  0.198290E+08  0.263475E+08  0.263474E+08  0.000000E+00  0.198290E+08
  0.276674E-04  0.198290E+08  0.198290E+08  0.263412E+08  0.263411E+08  0.000000E+00  0.198290E+08
  0.286052E-04  0.198290E+08  0.198290E+08  0.263345E+08  0.263343E+08  0.000000E+00  0.198290E+08
  0.295748E-04  0.198290E+08  0.198290E+08  0.263273E+08  0.263271E+08  0.000000E+00  0.198290E+08
  0.305772E-04  0.198290E+08  0.198290E+08  0.263196E+08  0.263194E+08  0.000000E+00  0.198290E+08
  0.316136E-04  0.198290E+08  0.198290E+08  0.263114E+08  0.263112E+08  0.000000E+00  0.198290E+08
  0.326852E-04  0.198290E+08  0.198290E+08  0.263026E+08  0.263024E+08  0.000000E+00  0.198290E+08
  0.337931E-04  0.198289E+08  0.198289E+08  0.262932E+08  0.262930E+08  0.000000E+00  0.198289E+08
  0.349385E-04  0.198289E+08  0.198289E+08  0.262832E+08  0.262830E+08  0.000000E+00  0.198289E+08
  0.361227E-04  0.198289E+08  0.198289E+08  0.262725E+08  0.262723E+08  0.000000E+00  0.198289E+08
  0.373471E-04  0.198289E+08  0.198289E+08  0.262611E+08  0.262608E+08  0.000000E+00  0.198289E+08
  0.386130E-04  0.198289E+08  0.198289E+08  0.262488E+08  0.262486E+08  0.000000E+00  0.198289E+08
  0.399218E-04  0.198288E+08  0.198288E+08  0.262358E+08  0.262355E+08  0.000000E+00  0.198288E+08
  0.412749E-04  0.198288E+08  0.198288E+08  0.262218E+08  0.262215E+08  0.000000E+00  0.198288E+08
  0.426740E-04  0.198288E+08  0.198288E+08  0.262069E+08  0.262066E+08  0.000000E+00  0.198288E+08
  0.441204E-04  0.198287E+08  0.198287E+08  0.261910E+08  0.261907E+08  0.000000E+00  0.198287E+08
  0.456159E-04  0.198287E+08  0.198287E+08  0.261740E+08  0.261736E+08  0.000000E+00  0.198287E+08
  0.471620E-04  0.198287E+08  0.198287E+08  0.261558E+08  0.261554E+08  0.000000E+00  0.198287E+08
  0.487606E-04  0.198286E+08  0.198286E+08  0.261364E+08  0.261360E+08  0.000000E+00  0.198286E+08
  0.504133E-04  0.198286E+08  0.198286E+08  0.261156E+08  0.261152E+08  0.000000E+00  0.198286E+08
  0.521221E-04  0.198286E+08  0.198286E+08  0.260935E+08  0.260930E+08  0.000000E+00  0.198286E+08
  0.538888E-04  0.198285E+08  0.198285E+08  0.260698E+08  0.260693E+08  0.000000E+00  0.198285E+08
  0.557153E-04  0.198285E+08  0.198285E+08  0.260445E+08  0.260440E+08  0.000000E+00  0.198285E+08
  0.576038E-04  0.198284E+08  0.198284E+08  0.260176E+08  0.260170E+08  0.000000E+00  0.198284E+08
  0.595563E-04  0.198284E+08  0.198284E+08  0.259887E+08  0.259881E+08  0.000000E+00  0.198284E+08
  0.615750E-04  0.198283E+08  0.198283E+08  0.259580E+08  0.259573E+08  0.000000E+00  0.198283E+08
  0.636621E-04  0.198282E+08  0.198282E+08  0.259251E+08  0.259244E+08  0.000000E+00  0.198282E+08
  0.658199E-04  0.198282E+08  0.198282E+08  0.258900E+08  0.258893E+08  0.000000E+00  0.198282E+08
  0.680509E-04  0.198281E+08  0.198281E+08  0.258525E+08  0.258518E+08  0.000000E+00  0.198281E+08
  0.703575E-04  0.198280E+08  0.198280E+08  0.258126E+08  0.258117E+08  0.000000E+00  0.198280E+08
  0.727422E-04  0.198279E+08  0.198279E+08  0.257699E+08  0.257690E+08  0.000000E+00  0.198279E+08
  0.752079E-04  0.198278E+08  0.198278E+08  0.257243E+08  0.257234E+08  0.000000E+00  0.198278E+08
  0.777570E-04  0.198277E+08  0.198277E+08  0.256757E+08  0.256747E+08  0.000000E+00  0.198277E+08
  0.803926E-04  0.198276E+08  0.198276E+08  0.256238E+08  0.256228E+08  0.000000E+00  0.198276E+08
  0.831175E-04  0.198275E+08  0.198275E+08  0.255685E+08  0.255674E+08  0.000000E+00  0.198275E+08
  0.859348E-04  0.198274E+08  0.198274E+08  0.255095E+08  0.255083E+08  0.000000E+00  0.198274E+08
  0.888476E-04  0.198273E+08  0.198273E+08  0.254465E+08  0.254452E+08  0.000000E+00  0.198273E+08
  0.918591E-04  0.198272E+08  0.198272E+08  0.253794E+08  0.253780E+08  0.000000E+00  0.198272E+08
  0.949726E-04  0.198270E+08  0.198270E+08  0.253078E+08  0.253063E+08  0.000000E+00  0.198270E+08
  0.981917E-04  0.198269E+08  0.198269E+08  0.252314E+08  0.252299E+08  0.000000E+00  0.198269E+08
  0.101520E-03  0.198267E+08  0.198267E+08  0.251501E+08  0.251484E+08  0.000000E+00  0.198267E+08
  0.104961E-03  0.198265E+08  0.198265E+08  0.250634E+08  0.250616E+08  0.000000E+00  0.198265E+08
  0.108519E-03  0.198264E+08  0.198264E+08  0.249710E+08  0.249691E+08  0.000000E+00  0.198264E+08
  0.112197E-03  0.198262E+08  0.198262E+08  0.248726E+08  0.248706E+08  0.000000E+00  0.198262E+08
  0.116000E-03  0.198260E+08  0.198260E+08  0.247678E+08  0.247657E+08  0.000000E+00  0.198260E+08
  0.119932E-03  0.198257E+08  0.198257E+08  0.246562E+08  0.246540E+08  0.000000E+00  0.198257E+08
  0.123997E-03  0.198255E+08  0.198255E+08  0.245375E+08  0.245351E+08  0.000000E+00  0.198255E+08
  0.128200E-03  0.198252E+08  0.198252E+08  0.244111E+08  0.244086E+08  0.000000E+00  0.198252E+08
  0.132545E-03  0.198250E+08  0.198250E+08  0.242767E+08  0.242740E+08  0.000000E+00  0.198250E+08
  0.137038E-03  0.198247E+08  0.198247E+08  0.241338E+08  0.241309E+08  0.000000E+00  0.198247E+08
  0.141683E-03  0.198244E+08  0.198244E+08  0.239818E+08  0.239788E+08  0.000000E+00  0.198244E+08
  0.146485E-03  0.198240E+08  0.198240E+08  0.238204E+08  0.238172E+08  0.000000E+00  0.198240E+08
  0.151450E-03  0.198237E+08  0.198237E+08  0.236490E+08  0.236456E+08  0.000000E+00  0.198237E+08
  0.156583E-03  0.198233E+08  0.198233E+08  0.234669E+08  0.234633E+08  0.000000E+00  0.198233E+08
  0.161891E-03  0.198229E+08  0.198229E+08  0.232738E+08  0.232700E+08  0.000000E+00  0.198229E+08
  0.167378E-03  0.198225E+08  0.198225E+08  0.230689E+08  0.230649E+08  0.000000E+00  0.198225E+08
  0.173051E-03  0.198220E+08  0.198220E+08  0.228517E+08  0.228475E+08  0.000000E+00  0.198220E+08
  0.178917E-03  0.198215E+08  0.198215E+08  0.226217E+08  0.226172E+08  0.000000E+00  0.198215E+08
  0.184981E-03  0.198210E+08  0.198210E+08  0.223781E+08  0.223734E+08  0.000000E+00  0.198210E+08
  0.191251E-03  0.198204E+08  0.198204E+08  0.221204E+08  0.221155E+08  0.000000E+00  0.198204E+08
  0.197734E-03  0.198198E+08  0.198198E+08  0.218480E+08  0.218428E+08  0.000000E+00  0.198198E+08
  0.204436E-03  0.198192E+08  0.198192E+08  0.215602E+08  0.215547E+08  0.000000E+00  0.198192E+08
  0.211366E-03  0.198185E+08  0.198185E+08  0.212564E+08  0.212507E+08  0.000000E+00  0.198185E+08
  0.218530E-03  0.198178E+08  0.198178E+08  0.209360E+08  0.209301E+08  0.000000E+00  0.198178E+08
  0.225937E-03  0.198170E+08  0.198170E+08  0.205985E+08  0.205923E+08  0.000000E+00  0.198170E+08
  0.233595E-03  0.198162E+08  0.198161E+08  0.202433E+08  0.202367E+08  0.000000E+00  0.198162E+08
  0.241513E-03  0.198153E+08  0.198153E+08  0.198698E+08  0.198630E+08  0.000000E+00  0.198153E+08
  0.249699E-03  0.198143E+08  0.198143E+08  0.194776E+08  0.194705E+08  0.000000E+00  0.198143E+08
  0.258162E-03  0.198133E+08  0.198133E+08  0.190663E+08  0.190590E+08  0.000000E+00  0.198133E+08
  0.266913E-03  0.198122E+08  0.198122E+08  0.186355E+08  0.186279E+08  0.000000E+00  0.198122E+08
  0.275960E-03  0.198111E+08  0.198111E+08  0.181851E+08  0.181772E+08  0.000000E+00  0.198111E+08
  0.285314E-03  0.198099E+08  0.198099E+08  0.177147E+08  0.177066E+08  0.000000E+00  0.198099E+08
  0.294984E-03  0.198086E+08  0.198086E+08  0.172245E+08  0.172162E+08  0.000000E+00  0.198086E+08
  0.304983E-03  0.198072E+08  0.198072E+08  0.167144E+08  0.167059E+08  0.000000E+00  0.198072E+08
  0.315320E-03  0.198057E+08  0.198057E+08  0.161847E+08  0.161761E+08  0.000000E+00  0.198057E+08
  0.326008E-03  0.198042E+08  0.198041E+08  0.156359E+08  0.156271E+08  0.000000E+00  0.198042E+08
  0.337058E-03  0.198025E+08  0.198024E+08  0.150686E+08  0.150597E+08  0.000000E+00  0.198025E+08
  0.348483E-03  0.198007E+08  0.198007E+08  0.144835E+08  0.144746E+08  0.000000E+00  0.198007E+08
  0.360295E-03  0.197988E+08  0.197988E+08  0.138818E+08  0.138728E+08  0.000000E+00  0.197988E+08
  0.372507E-03  0.197968E+08  0.197967E+08  0.132648E+08  0.132558E+08  0.000000E+00  0.197968E+08
  0.385133E-03  0.197946E+08  0.197946E+08  0.126339E+08  0.126251E+08  0.000000E+00  0.197946E+08
  0.398187E-03  0.197924E+08  0.197923E+08  0.119913E+08  0.119826E+08  0.000000E+00  0.197924E+08
  0.411684E-03  0.197899E+08  0.197899E+08  0.113389E+08  0.113305E+08  0.000000E+00  0.197899E+08
  0.425638E-03  0.197873E+08  0.197873E+08  0.106793E+08  0.106712E+08  0.000000E+00  0.197873E+08
  0.440065E-03  0.197846E+08  0.197846E+08  0.100153E+08  0.100076E+08  0.000000E+00  0.197846E+08
  0.454981E-03  0.197817E+08  0.197816E+08  0.935002E+07  0.934275E+07  0.000000E+00  0.197817E+08
  0.470403E-03  0.197786E+08  0.197785E+08  0.868689E+07  0.868017E+07  0.000000E+00  0.197786E+08
  0.486347E-03  0.197753E+08  0.197753E+08  0.802960E+07  0.802351E+07  0.000000E+00  0.197753E+08
  0.502832E-03  0.197718E+08  0.197718E+08  0.738210E+07  0.737671E+07  0.000000E+00  0.197718E+08
  0.519875E-03  0.197682E+08  0.197681E+08  0.674853E+07  0.674391E+07  0.000000E+00  0.197682E+08
  0.537497E-03  0.197642E+08  0.197642E+08  0.613318E+07  0.612939E+07  0.000000E+00  0.197642E+08
  0.555715E-03  0.197601E+08  0.197600E+08  0.554039E+07  0.553749E+07  0.000000E+00  0.197601E+08
  0.574551E-03  0.197557E+08  0.197556E+08  0.497447E+07  0.497249E+07  0.000000E+00  0.197557E+08
  0.594026E-03  0.197511E+08  0.197510E+08  0.443959E+07  0.443855E+07  0.000000E+00  0.197511E+08
  0.614160E-03  0.197462E+08  0.197461E+08  0.393966E+07  0.393956E+07  0.000000E+00  0.197462E+08
  0.634977E-03  0.197410E+08  0.197408E+08  0.347818E+07  0.347899E+07  0.000000E+00  0.197410E+08
  0.656500E-03  0.197355E+08  0.197353E+08  0.305812E+07  0.305976E+07  0.000000E+00  0.197355E+08
  0.678752E-03  0.197297E+08  0.197295E+08  0.268171E+07  0.268411E+07  0.000000E+00  0.197297E+08
  0.701758E-03  0.197235E+08  0.197234E+08  0.235038E+07  0.235342E+07  0.000000E+00  0.197235E+08
  0.725544E-03  0.197171E+08  0.197169E+08  0.206454E+07  0.206807E+07  0.000000E+00  0.197170E+08
  0.750137E-03  0.197102E+08  0.197101E+08  0.182354E+07  0.182737E+07  0.000000E+00  0.197102E+08
  0.775563E-03  0.197030E+08  0.197029E+08  0.162554E+07  0.162947E+07  0.000000E+00  0.197030E+08
  0.801851E-03  0.196954E+08  0.196953E+08  0.146750E+07  0.147132E+07  0.000000E+00  0.196954E+08
  0.829029E-03  0.196874E+08  0.196873E+08  0.134523E+07  0.134871E+07  0.000000E+00  0.196874E+08
  0.857129E-03  0.196790E+08  0.196788E+08  0.125346E+07  0.125639E+07  0.000000E+00  0.196790E+08
  0.886182E-03  0.196702E+08  0.196700E+08  0.118606E+07  0.118823E+07  0.000000E+00  0.196702E+08
  0.916219E-03  0.196608E+08  0.196606E+08  0.113630E+07  0.113754E+07  0.000000E+00  0.196608E+08
  0.947274E-03  0.196510E+08  0.196508E+08  0.109720E+07  0.109740E+07  0.000000E+00  0.196510E+08
  0.979383E-03  0.196407E+08  0.196405E+08  0.106198E+07  0.106107E+07  0.000000E+00  0.196407E+08
  0.101258E-02  0.196299E+08  0.196296E+08  0.102449E+07  0.102247E+07  0.000000E+00  0.196299E+08
  0.104690E-02  0.196185E+08  0.196182E+08  0.979718E+06  0.976671E+06  0.000000E+00  0.196185E+08
  0.108239E-02  0.196066E+08  0.196063E+08  0.924221E+06  0.920282E+06  0.000000E+00  0.196066E+08
  0.111907E-02  0.195941E+08  0.195937E+08  0.856462E+06  0.851817E+06  0.000000E+00  0.195940E+08
  0.115700E-02  0.195809E+08  0.195806E+08  0.776993E+06  0.771854E+06  0.000000E+00  0.195809E+08
  0.119622E-02  0.195671E+08  0.195667E+08  0.688428E+06  0.682998E+06  0.000000E+00  0.195671E+08
  0.123677E-02  0.195526E+08  0.195523E+08  0.595157E+06  0.589590E+06  0.000000E+00  0.195526E+08
  0.127869E-02  0.195375E+08  0.195371E+08  0.502794E+06  0.497160E+06  0.000000E+00  0.195375E+08
  0.132203E-02  0.195216E+08  0.195211E+08  0.417394E+06  0.411645E+06  0.000000E+00  0.195216E+08
  0.136684E-02  0.195050E+08  0.195045E+08  0.344506E+06  0.338463E+06  0.000000E+00  0.195049E+08
  0.141317E-02  0.194875E+08  0.194870E+08  0.288205E+06  0.281567E+06  0.000000E+00  0.194875E+08
  0.146107E-02  0.194693E+08  0.194687E+08  0.250262E+06  0.242650E+06  0.000000E+00  0.194693E+08
  0.151059E-02  0.194502E+08  0.194496E+08  0.229659E+06  0.220691E+06  0.000000E+00  0.194502E+08
  0.156179E-02  0.194302E+08  0.194296E+08  0.222601E+06  0.211992E+06  0.000000E+00  0.194302E+08
  0.161473E-02  0.194093E+08  0.194086E+08  0.000000E+00  0.000000E+00  0.000000E+00  0.194093E+08
  0.166946E-02  0.193875E+08  0.193868E+08  0.000000E+00  0.000000E+00  0.000000E+00  0.193874E+08
  0.172605E-02  0.193646E+08  0.193639E+08  0.000000E+00  0.000000E+00  0.000000E+00  0.193646E+08
  0.178455E-02  0.193408E+08  0.193400E+08  0.000000E+00  0.000000E+00  0.000000E+00  0.193408E+08
  0.184504E-02  0.193159E+08  0.193150E+08  0.000000E+00  0.000000E+00  0.000000E+00  0.193158E+08
  0.190758E-02  0.192898E+08  0.192889E+08  0.000000E+00  0.000000E+00  0.000000E+00  0.192898E+08
  0.197223E-02  0.192627E+08  0.192617E+08  0.000000E+00  0.000000E+00  0.000000E+00  0.192626E+08
  0.203908E-02  0.192343E+08  0.192333E+08  0.000000E+00  0.000000E+00  0.000000E+00  0.192343E+08
  0.210820E-02  0.192048E+08  0.192037E+08  0.000000E+00  0.000000E+00  0.000000E+00  0.192047E+08
  0.217966E-02  0.191740E+08  0.191728E+08  0.000000E+00  0.000000E+00  0.000000E+00  0.191739E+08
  0.225354E-02  0.191418E+08  0.191406E+08  0.000000E+00  0.000000E+00  0.000000E+00  0.191418E+08
  0.232992E-02  0.191083E+08  0.191070E+08  0.000000E+00  0.000000E+00  0.000000E+00  0.191083E+08
  0.240889E-02  0.190735E+08  0.190720E+08  0.000000E+00  0.000000E+00  0.000000E+00  0.190734E+08
  0.249054E-02  0.190372E+08  0.190356E+08  0.000000E+00  0.000000E+00  0.000000E+00  0.190371E+08
  0.257496E-02  0.189994E+08  0.189977E+08  0.000000E+00  0.000000E+00  0.000000E+00  0.189993E+08
  0.266224E-02  0.189600E+08  0.189583E+08  0.000000E+00  0.000000E+00  0.000000E+00  0.189600E+08
  0.275248E-02  0.189191E+08  0.189173E+08  0.000000E+00  0.000000E+00  0.000000E+00  0.189191E+08
  0.284577E-02  0.188766E+08  0.188746E+08  0.000000E+00  0.000000E+00  0.000000E+00  0.188765E+08
  0.294223E-02  0.188324E+08  0.188303E+08  0.000000E+00  0.000000E+00  0.000000E+00  0.188323E+08
  0.304196E-02  0.187865E+08  0.187842E+08  0.000000E+00  0.000000E+00  0.000000E+00  0.187864E+08
  0.314506E-02  0.187388E+08  0.187364E+08  0.000000E+00  0.000000E+00  0.000000E+00  0.187387E+08
  0.325166E-02  0.186893E+08  0.186867E+08  0.000000E+00  0.000000E+00  0.000000E+00  0.186892E+08
  0.336188E-02  0.186379E+08  0.186352E+08  0.000000E+00  0.000000E+00  0.000000E+00  0.186378E+08
  0.347583E-02  0.185846E+08  0.185817E+08  0.000000E+00  0.000000E+00  0.000000E+00  0.185845E+08
  0.359365E-02  0.185293E+08  0.185263E+08  0.000000E+00  0.000000E+00  0.000000E+00  0.185292E+08
  0.371545E-02  0.184720E+08  0.184688E+08  0.000000E+00  0.000000E+00  0.000000E+00  0.184719E+08
  0.384139E-02  0.184127E+08  0.184093E+08  0.000000E+00  0.000000E+00  0.000000E+00  0.184126E+08
  0.397159E-02  0.183512E+08  0.183476E+08  0.000000E+00  0.000000E+00  0.000000E+00  0.183511E+08
  0.410621E-02  0.182876E+08  0.182837E+08  0.000000E+00  0.000000E+00  0.000000E+00  0.182875E+08
  0.424539E-02  0.182218E+08  0.182177E+08  0.000000E+00  0.000000E+00  0.000000E+00  0.182217E+08
  0.438929E-02  0.181537E+08  0.181493E+08  0.000000E+00  0.000000E+00  0.000000E+00  0.181536E+08
  0.453806E-02  0.180833E+08  0.180786E+08  0.000000E+00  0.000000E+00  0.000000E+00  0.180831E+08
  0.469188E-02  0.180105E+08  0.180056E+08  0.000000E+00  0.000000E+00  0.000000E+00  0.180104E+08
  0.485091E-02  0.179354E+08  0.179301E+08  0.000000E+00  0.000000E+00  0.000000E+00  0.179352E+08
  0.501534E-02  0.178577E+08  0.178521E+08  0.000000E+00  0.000000E+00  0.000000E+00  0.178576E+08
  0.518533E-02  0.177776E+08  0.177717E+08  0.000000E+00  0.000000E+00  0.000000E+00  0.177774E+08
  0.536109E-02  0.176950E+08  0.176887E+08  0.000000E+00  0.000000E+00  0.000000E+00  0.176948E+08
  0.554280E-02  0.176097E+08  0.176030E+08  0.000000E+00  0.000000E+00  0.000000E+00  0.176095E+08
  0.573068E-02  0.175218E+08  0.175148E+08  0.000000E+00  0.000000E+00  0.000000E+00  0.175216E+08
  0.592492E-02  0.174313E+08  0.174238E+08  0.000000E+00  0.000000E+00  0.000000E+00  0.174310E+08
  0.612574E-02  0.173380E+08  0.173301E+08  0.000000E+00  0.000000E+00  0.000000E+00  0.173378E+08
  0.633338E-02  0.172420E+08  0.172336E+08  0.000000E+00  0.000000E+00  0.000000E+00  0.172417E+08
  0.654805E-02  0.171432E+08  0.171343E+08  0.000000E+00  0.000000E+00  0.000000E+00  0.171429E+08
  0.677000E-02  0.170416E+08  0.170321E+08  0.000000E+00  0.000000E+00  0.000000E+00  0.170413E+08
  0.699947E-02  0.169371E+08  0.169271E+08  0.000000E+00  0.000000E+00  0.000000E+00  0.169368E+08
  0.723671E-02  0.168297E+08  0.168191E+08  0.000000E+00  0.000000E+00  0.000000E+00  0.168294E+08
  0.748200E-02  0.167194E+08  0.167081E+08  0.000000E+00  0.000000E+00  0.000000E+00  0.167190E+08
  0.773561E-02  0.166061E+08  0.165942E+08  0.000000E+00  0.000000E+00  0.000000E+00  0.166057E+08
  0.799781E-02  0.164899E+08  0.164773E+08  0.000000E+00  0.000000E+00  0.000000E+00  0.164895E+08
  0.826889E-02  0.163706E+08  0.163573E+08  0.000000E+00  0.000000E+00  0.000000E+00  0.163702E+08
  0.854917E-02  0.162483E+08  0.162342E+08  0.000000E+00  0.000000E+00  0.000000E+00  0.162478E+08
  0.883894E-02  0.161229E+08  0.161080E+08  0.000000E+00  0.000000E+00  0.000000E+00  0.161224E+08
  0.913854E-02  0.159944E+08  0.159787E+08  0.000000E+00  0.000000E+00  0.000000E+00  0.159939E+08
  0.944829E-02  0.158629E+08  0.158463E+08  0.000000E+00  0.000000E+00  0.000000E+00  0.158624E+08
  0.976854E-02  0.157282E+08  0.157107E+08  0.000000E+00  0.000000E+00  0.000000E+00  0.157277E+08
  0.100996E-01  0.155904E+08  0.155720E+08  0.000000E+00  0.000000E+00  0.000000E+00  0.155898E+08
  0.104420E-01  0.154495E+08  0.154301E+08  0.000000E+00  0.000000E+00  0.000000E+00  0.154489E+08
  0.107959E-01  0.153054E+08  0.152850E+08  0.000000E+00  0.000000E+00  0.000000E+00  0.153048E+08
  0.111618E-01  0.151582E+08  0.151367E+08  0.000000E+00  0.000000E+00  0.000000E+00  0.151575E+08
  0.115402E-01  0.150078E+08  0.149852E+08  0.000000E+00  0.000000E+00  0.000000E+00  0.150071E+08
  0.119313E-01  0.148543E+08  0.148305E+08  0.000000E+00  0.000000E+00  0.000000E+00  0.148535E+08
  0.123357E-01  0.146976E+08  0.146726E+08  0.000000E+00  0.000000E+00  0.000000E+00  0.146968E+08
  0.127539E-01  0.145378E+08  0.145116E+08  0.000000E+00  0.000000E+00  0.000000E+00  0.145370E+08
  0.131862E-01  0.143749E+08  0.143474E+08  0.000000E+00  0.000000E+00  0.000000E+00  0.143740E+08
  0.136331E-01  0.142089E+08  0.141800E+08  0.000000E+00  0.000000E+00  0.000000E+00  0.142080E+08
  0.140952E-01  0.140398E+08  0.140096E+08  0.000000E+00  0.000000E+00  0.000000E+00  0.140389E+08
  0.145730E-01  0.138677E+08  0.138361E+08  0.000000E+00  0.000000E+00  0.000000E+00  0.138667E+08
  0.150669E-01  0.136925E+08  0.136595E+08  0.000000E+00  0.000000E+00  0.000000E+00  0.136915E+08
  0.155776E-01  0.135144E+08  0.134800E+08  0.000000E+00  0.000000E+00  0.000000E+00  0.135134E+08
  0.161056E-01  0.133334E+08  0.132975E+08  0.000000E+00  0.000000E+00  0.000000E+00  0.133323E+08
  0.166515E-01  0.131496E+08  0.131121E+08  0.000000E+00  0.000000E+00  0.000000E+00  0.131484E+08
  0.172159E-01  0.129629E+08  0.129239E+08  0.000000E+00  0.000000E+00  0.000000E+00  0.129617E+08
  0.177994E-01  0.127735E+08  0.127330E+08  0.000000E+00  0.000000E+00  0.000000E+00  0.127722E+08
  0.184028E-01  0.125815E+08  0.125395E+08  0.000000E+00  0.000000E+00  0.000000E+00  0.125801E+08
  0.190265E-01  0.123869E+08  0.123434E+08  0.000000E+00  0.000000E+00  0.000000E+00  0.123855E+08
  0.196714E-01  0.121898E+08  0.121449E+08  0.000000E+00  0.000000E+00  0.000000E+00  0.121884E+08
  0.203382E-01  0.119905E+08  0.119441E+08  0.000000E+00  0.000000E+00  0.000000E+00  0.119890E+08
  0.210276E-01  0.117889E+08  0.117412E+08  0.000000E+00  0.000000E+00  0.000000E+00  0.117874E+08
  0.217403E-01  0.115853E+08  0.115362E+08  0.000000E+00  0.000000E+00  0.000000E+00  0.115837E+08
  0.224772E-01  0.113797E+08  0.113294E+08  0.000000E+00  0.000000E+00  0.000000E+00  0.113782E+08
  0.232390E-01  0.111724E+08  0.111209E+08  0.000000E+00  0.000000E+00  0.000000E+00  0.111708E+08
  0.240267E-01  0.109636E+08  0.109110E+08  0.000000E+00  0.000000E+00  0.000000E+00  0.109619E+08
  0.248411E-01  0.107534E+08  0.106998E+08  0.000000E+00  0.000000E+00  0.000000E+00  0.107517E+08
  0.256831E-01  0.105420E+08  0.104876E+08  0.000000E+00  0.000000E+00  0.000000E+00  0.105403E+08
  0.265537E-01  0.103297E+08  0.102746E+08  0.000000E+00  0.000000E+00  0.000000E+00  0.103279E+08
  0.274537E-01  0.101167E+08  0.100612E+08  0.000000E+00  0.000000E+00  0.000000E+00  0.101149E+08
  0.283842E-01  0.990328E+07  0.984743E+07  0.000000E+00  0.000000E+00  0.000000E+00  0.990152E+07
  0.293463E-01  0.968973E+07  0.963378E+07  0.000000E+00  0.000000E+00  0.000000E+00  0.968797E+07
  0.303410E-01  0.947633E+07  0.942049E+07  0.000000E+00  0.000000E+00  0.000000E+00  0.947458E+07
  0.313694E-01  0.926340E+07  0.920788E+07  0.000000E+00  0.000000E+00  0.000000E+00  0.926165E+07
  0.324327E-01  0.905122E+07  0.899629E+07  0.000000E+00  0.000000E+00  0.000000E+00  0.904949E+07
  0.335320E-01  0.884012E+07  0.878602E+07  0.000000E+00  0.000000E+00  0.000000E+00  0.883842E+07
  0.346686E-01  0.863044E+07  0.857742E+07  0.000000E+00  0.000000E+00  0.000000E+00  0.862877E+07
  0.358437E-01  0.842245E+07  0.837076E+07  0.000000E+00  0.000000E+00  0.000000E+00  0.842082E+07
  0.370586E-01  0.821646E+07  0.816635E+07  0.000000E+00  0.000000E+00  0.000000E+00  0.821488E+07
  0.383147E-01  0.801201E+07  0.796371E+07  0.000000E+00  0.000000E+00  0.000000E+00  0.801049E+07
  0.396134E-01  0.780880E+07  0.776252E+07  0.000000E+00  0.000000E+00  0.000000E+00  0.780734E+07
  0.409561E-01  0.760860E+07  0.756453E+07  0.000000E+00  0.000000E+00  0.000000E+00  0.760721E+07
  0.423443E-01  0.741167E+07  0.736997E+07  0.000000E+00  0.000000E+00  0.000000E+00  0.741035E+07
  0.437796E-01  0.721810E+07  0.717889E+07  0.000000E+00  0.000000E+00  0.000000E+00  0.721686E+07
  0.452635E-01  0.702782E+07  0.699117E+07  0.000000E+00  0.000000E+00  0.000000E+00  0.702667E+07
  0.467977E-01  0.684061E+07  0.680653E+07  0.000000E+00  0.000000E+00  0.000000E+00  0.683953E+07
  0.483839E-01  0.665612E+07  0.662458E+07  0.000000E+00  0.000000E+00  0.000000E+00  0.665512E+07
  0.500239E-01  0.647398E+07  0.644488E+07  0.000000E+00  0.000000E+00  0.000000E+00  0.647307E+07
  0.517194E-01  0.629390E+07  0.626707E+07  0.000000E+00  0.000000E+00  0.000000E+00  0.629306E+07
  0.534725E-01  0.611568E+07  0.609091E+07  0.000000E+00  0.000000E+00  0.000000E+00  0.611490E+07
  0.552850E-01  0.593932E+07  0.591633E+07  0.000000E+00  0.000000E+00  0.000000E+00  0.593860E+07
  0.571588E-01  0.576517E+07  0.574364E+07  0.000000E+00  0.000000E+00  0.000000E+00  0.576449E+07
  0.590963E-01  0.559414E+07  0.557374E+07  0.000000E+00  0.000000E+00  0.000000E+00  0.559350E+07
  0.610993E-01  0.543054E+07  0.541093E+07  0.000000E+00  0.000000E+00  0.000000E+00  0.542992E+07
  0.631703E-01  0.526458E+07  0.524539E+07  0.000000E+00  0.000000E+00  0.000000E+00  0.526398E+07
  0.653114E-01  0.510062E+07  0.508151E+07  0.000000E+00  0.000000E+00  0.000000E+00  0.510001E+07
  0.675252E-01  0.493850E+07  0.491920E+07  0.000000E+00  0.000000E+00  0.000000E+00  0.493790E+07
  0.698139E-01  0.477825E+07  0.475855E+07  0.000000E+00  0.000000E+00  0.000000E+00  0.477763E+07
  0.721803E-01  0.462007E+07  0.459983E+07  0.000000E+00  0.000000E+00  0.000000E+00  0.461943E+07
  0.746268E-01  0.446442E+07  0.444363E+07  0.000000E+00  0.000000E+00  0.000000E+00  0.446376E+07
  0.771564E-01  0.431200E+07  0.429073E+07  0.000000E+00  0.000000E+00  0.000000E+00  0.431133E+07
  0.797716E-01  0.416353E+07  0.414195E+07  0.000000E+00  0.000000E+00  0.000000E+00  0.416285E+07
  0.824755E-01  0.401954E+07  0.399790E+07  0.000000E+00  0.000000E+00  0.000000E+00  0.401886E+07
  0.852709E-01  0.388021E+07  0.385883E+07  0.000000E+00  0.000000E+00  0.000000E+00  0.387953E+07
  0.881612E-01  0.374538E+07  0.372461E+07  0.000000E+00  0.000000E+00  0.000000E+00  0.374473E+07
  0.911495E-01  0.361472E+07  0.359489E+07  0.000000E+00  0.000000E+00  0.000000E+00  0.361410E+07
  0.942390E-01  0.348793E+07  0.346930E+07  0.000000E+00  0.000000E+00  0.000000E+00  0.348734E+07
  0.974333E-01  0.336485E+07  0.334761E+07  0.000000E+00  0.000000E+00  0.000000E+00  0.336431E+07
  0.100736E+00  0.324539E+07  0.322959E+07  0.000000E+00  0.000000E+00  0.000000E+00  0.324489E+07
  0.104150E+00  0.312929E+07  0.311487E+07  0.000000E+00  0.000000E+00  0.000000E+00  0.312884E+07
  0.107680E+00  0.301609E+07  0.300286E+07  0.000000E+00  0.000000E+00  0.000000E+00  0.301567E+07
  0.111330E+00  0.290525E+07  0.289295E+07  0.000000E+00  0.000000E+00  0.000000E+00  0.290486E+07
  0.115104E+00  0.279648E+07  0.278479E+07  0.000000E+00  0.000000E+00  0.000000E+00  0.279612E+07
  0.119005E+00  0.268982E+07  0.267845E+07  0.000000E+00  0.000000E+00  0.000000E+00  0.268946E+07
  0.123039E+00  0.258548E+07  0.257419E+07  0.000000E+00  0.000000E+00  0.000000E+00  0.258513E+07
  0.127209E+00  0.248365E+07  0.247232E+07  0.000000E+00  0.000000E+00  0.000000E+00  0.248329E+07
  0.131521E+00  0.238456E+07  0.237320E+07  0.000000E+00  0.000000E+00  0.000000E+00  0.238420E+07
  0.135979E+00  0.228873E+07  0.227745E+07  0.000000E+00  0.000000E+00  0.000000E+00  0.228837E+07
  0.140588E+00  0.219680E+07  0.218578E+07  0.000000E+00  0.000000E+00  0.000000E+00  0.219645E+07
  0.145353E+00  0.210896E+07  0.209841E+07  0.000000E+00  0.000000E+00  0.000000E+00  0.210863E+07
  0.150280E+00  0.202475E+07  0.201482E+07  0.000000E+00  0.000000E+00  0.000000E+00  0.202444E+07
  0.155374E+00  0.194353E+07  0.193426E+07  0.000000E+00  0.000000E+00  0.000000E+00  0.194324E+07
  0.160640E+00  0.186492E+07  0.185628E+07  0.000000E+00  0.000000E+00  0.000000E+00  0.186465E+07
  0.166085E+00  0.178870E+07  0.178056E+07  0.000000E+00  0.000000E+00  0.000000E+00  0.178845E+07
  0.171715E+00  0.171454E+07  0.170675E+07  0.000000E+00  0.000000E+00  0.000000E+00  0.171429E+07
  0.177535E+00  0.164232E+07  0.163478E+07  0.000000E+00  0.000000E+00  0.000000E+00  0.164209E+07
  0.183553E+00  0.157238E+07  0.156501E+07  0.000000E+00  0.000000E+00  0.000000E+00  0.157215E+07
  0.189774E+00  0.150501E+07  0.149785E+07  0.000000E+00  0.000000E+00  0.000000E+00  0.150479E+07
  0.196206E+00  0.144036E+07  0.143346E+07  0.000000E+00  0.000000E+00  0.000000E+00  0.144014E+07
  0.202857E+00  0.137850E+07  0.137192E+07  0.000000E+00  0.000000E+00  0.000000E+00  0.137829E+07
  0.209733E+00  0.131916E+07  0.131293E+07  0.000000E+00  0.000000E+00  0.000000E+00  0.131896E+07
  0.216842E+00  0.126190E+07  0.125600E+07  0.000000E+00  0.000000E+00  0.000000E+00  0.126172E+07
  0.224192E+00  0.120668E+07  0.120107E+07  0.000000E+00  0.000000E+00  0.000000E+00  0.120651E+07
  0.231791E+00  0.115350E+07  0.114812E+07  0.000000E+00  0.000000E+00  0.000000E+00  0.115333E+07
  0.239647E+00  0.110216E+07  0.109698E+07  0.000000E+00  0.000000E+00  0.000000E+00  0.110200E+07
  0.247770E+00  0.105283E+07  0.104786E+07  0.000000E+00  0.000000E+00  0.000000E+00  0.105268E+07
  0.256168E+00  0.100561E+07  0.100087E+07  0.000000E+00  0.000000E+00  0.000000E+00  0.100546E+07
  0.264851E+00  0.960266E+06  0.955750E+06  0.000000E+00  0.000000E+00  0.000000E+00  0.960123E+06
  0.273828E+00  0.916769E+06  0.912469E+06  0.000000E+00  0.000000E+00  0.000000E+00  0.916633E+06
  0.283110E+00  0.874999E+06  0.870897E+06  0.000000E+00  0.000000E+00  0.000000E+00  0.874870E+06
  0.292706E+00  0.834850E+06  0.830930E+06  0.000000E+00  0.000000E+00  0.000000E+00  0.834726E+06
  0.302627E+00  0.796377E+06  0.792634E+06  0.000000E+00  0.000000E+00  0.000000E+00  0.796259E+06
  0.312884E+00  0.759485E+06  0.755916E+06  0.000000E+00  0.000000E+00  0.000000E+00  0.759372E+06
  0.323490E+00  0.724161E+06  0.720761E+06  0.000000E+00  0.000000E+00  0.000000E+00  0.724054E+06
  0.334454E+00  0.690295E+06  0.687055E+06  0.000000E+00  0.000000E+00  0.000000E+00  0.690193E+06
  0.345791E+00  0.657869E+06  0.654781E+06  0.000000E+00  0.000000E+00  0.000000E+00  0.657772E+06
  0.357512E+00  0.626809E+06  0.623867E+06  0.000000E+00  0.000000E+00  0.000000E+00  0.626717E+06
  0.369629E+00  0.597095E+06  0.594292E+06  0.000000E+00  0.000000E+00  0.000000E+00  0.597007E+06
  0.382158E+00  0.568653E+06  0.565984E+06  0.000000E+00  0.000000E+00  0.000000E+00  0.568569E+06
  0.395111E+00  0.541460E+06  0.538919E+06  0.000000E+00  0.000000E+00  0.000000E+00  0.541380E+06
  0.408504E+00  0.515444E+06  0.513025E+06  0.000000E+00  0.000000E+00  0.000000E+00  0.515368E+06
  0.422350E+00  0.490594E+06  0.488292E+06  0.000000E+00  0.000000E+00  0.000000E+00  0.490522E+06
  0.436666E+00  0.466835E+06  0.464645E+06  0.000000E+00  0.000000E+00  0.000000E+00  0.466766E+06
  0.451466E+00  0.444149E+06  0.442065E+06  0.000000E+00  0.000000E+00  0.000000E+00  0.444084E+06
  0.466769E+00  0.422484E+06  0.420501E+06  0.000000E+00  0.000000E+00  0.000000E+00  0.422421E+06
  0.482590E+00  0.401794E+06  0.399909E+06  0.000000E+00  0.000000E+00  0.000000E+00  0.401735E+06
  0.498948E+00  0.382052E+06  0.380259E+06  0.000000E+00  0.000000E+00  0.000000E+00  0.381995E+06
  0.515859E+00  0.363211E+06  0.361506E+06  0.000000E+00  0.000000E+00  0.000000E+00  0.363157E+06
  0.533344E+00  0.345229E+06  0.343610E+06  0.000000E+00  0.000000E+00  0.000000E+00  0.345178E+06
  0.551422E+00  0.328079E+06  0.326540E+06  0.000000E+00  0.000000E+00  0.000000E+00  0.328030E+06
  0.570113E+00  0.311724E+06  0.310262E+06  0.000000E+00  0.000000E+00  0.000000E+00  0.311678E+06
  0.589437E+00  0.296131E+06  0.294742E+06  0.000000E+00  0.000000E+00  0.000000E+00  0.296087E+06
  0.609416E+00  0.281267E+06  0.279948E+06  0.000000E+00  0.000000E+00  0.000000E+00  0.281226E+06
  0.630072E+00  0.267103E+06  0.265850E+06  0.000000E+00  0.000000E+00  0.000000E+00  0.267064E+06
  0.651428E+00  0.253612E+06  0.252423E+06  0.000000E+00  0.000000E+00  0.000000E+00  0.253575E+06
  0.673509E+00  0.240765E+06  0.239636E+06  0.000000E+00  0.000000E+00  0.000000E+00  0.240730E+06
  0.696337E+00  0.228535E+06  0.227463E+06  0.000000E+00  0.000000E+00  0.000000E+00  0.228501E+06
  0.719940E+00  0.216892E+06  0.215875E+06  0.000000E+00  0.000000E+00  0.000000E+00  0.216860E+06
  0.744342E+00  0.205811E+06  0.204846E+06  0.000000E+00  0.000000E+00  0.000000E+00  0.205781E+06
  0.769572E+00  0.195265E+06  0.194349E+06  0.000000E+00  0.000000E+00  0.000000E+00  0.195236E+06
  0.795656E+00  0.185230E+06  0.184361E+06  0.000000E+00  0.000000E+00  0.000000E+00  0.185202E+06
  0.822625E+00  0.175682E+06  0.174859E+06  0.000000E+00  0.000000E+00  0.000000E+00  0.175656E+06
  0.850508E+00  0.166602E+06  0.165821E+06  0.000000E+00  0.000000E+00  0.000000E+00  0.166578E+06
  0.879336E+00  0.157968E+06  0.157227E+06  0.000000E+00  0.000000E+00  0.000000E+00  0.157945E+06
  0.909141E+00  0.149761E+06  0.149059E+06  0.000000E+00  0.000000E+00  0.000000E+00  0.149739E+06
  0.939957E+00  0.141963E+06  0.141297E+06  0.000000E+00  0.000000E+00  0.000000E+00  0.141942E+06
  0.971817E+00  0.134552E+06  0.133922E+06  0.000000E+00  0.000000E+00  0.000000E+00  0.134533E+06
  0.100476E+01  0.127510E+06  0.126913E+06  0.000000E+00  0.000000E+00  0.000000E+00  0.127492E+06
  0.103881E+01  0.120821E+06  0.120254E+06  0.000000E+00  0.000000E+00  0.000000E+00  0.120803E+06
  0.107402E+01  0.114466E+06  0.113929E+06  0.000000E+00  0.000000E+00  0.000000E+00  0.114449E+06
  0.111043E+01  0.108433E+06  0.107924E+06  0.000000E+00  0.000000E+00  0.000000E+00  0.108417E+06
  0.114807E+01  0.102704E+06  0.102223E+06  0.000000E+00  0.000000E+00  0.000000E+00  0.102689E+06
  0.118698E+01  0.972680E+05  0.968119E+05  0.000000E+00  0.000000E+00  0.000000E+00  0.972536E+05
  0.122721E+01  0.921079E+05  0.916760E+05  0.000000E+00  0.000000E+00  0.000000E+00  0.920943E+05
  0.126881E+01  0.872103E+05  0.868014E+05  0.000000E+00  0.000000E+00  0.000000E+00  0.871974E+05
  0.131182E+01  0.825635E+05  0.821763E+05  0.000000E+00  0.000000E+00  0.000000E+00  0.825513E+05
  0.135628E+01  0.781553E+05  0.777888E+05  0.000000E+00  0.000000E+00  0.000000E+00  0.781438E+05
  0.140225E+01  0.739744E+05  0.736275E+05  0.000000E+00  0.000000E+00  0.000000E+00  0.739635E+05
  0.144978E+01  0.700091E+05  0.696808E+05  0.000000E+00  0.000000E+00  0.000000E+00  0.699987E+05
  0.149892E+01  0.662485E+05  0.659379E+05  0.000000E+00  0.000000E+00  0.000000E+00  0.662388E+05
  0.154973E+01  0.626831E+05  0.623891E+05  0.000000E+00  0.000000E+00  0.000000E+00  0.626738E+05
  0.160226E+01  0.593031E+05  0.590250E+05  0.000000E+00  0.000000E+00  0.000000E+00  0.592943E+05
  0.165656E+01  0.560997E+05  0.558366E+05  0.000000E+00  0.000000E+00  0.000000E+00  0.560914E+05
  0.171271E+01  0.530635E+05  0.528147E+05  0.000000E+00  0.000000E+00  0.000000E+00  0.530557E+05
  0.177077E+01  0.501865E+05  0.499512E+05  0.000000E+00  0.000000E+00  0.000000E+00  0.501791E+05
  0.183079E+01  0.474609E+05  0.472383E+05  0.000000E+00  0.000000E+00  0.000000E+00  0.474538E+05
  0.189284E+01  0.448789E+05  0.446684E+05  0.000000E+00  0.000000E+00  0.000000E+00  0.448723E+05
  0.195700E+01  0.424332E+05  0.422342E+05  0.000000E+00  0.000000E+00  0.000000E+00  0.424269E+05
  0.202333E+01  0.401171E+05  0.399289E+05  0.000000E+00  0.000000E+00  0.000000E+00  0.401111E+05
  0.209191E+01  0.379238E+05  0.377459E+05  0.000000E+00  0.000000E+00  0.000000E+00  0.379182E+05
  0.216282E+01  0.358470E+05  0.356789E+05  0.000000E+00  0.000000E+00  0.000000E+00  0.358418E+05
  0.223613E+01  0.338808E+05  0.337219E+05  0.000000E+00  0.000000E+00  0.000000E+00  0.338758E+05
  0.231192E+01  0.320195E+05  0.318693E+05  0.000000E+00  0.000000E+00  0.000000E+00  0.320148E+05
  0.239028E+01  0.302577E+05  0.301158E+05  0.000000E+00  0.000000E+00  0.000000E+00  0.302533E+05
  0.247130E+01  0.285903E+05  0.284562E+05  0.000000E+00  0.000000E+00  0.000000E+00  0.285861E+05
  0.255507E+01  0.270124E+05  0.268856E+05  0.000000E+00  0.000000E+00  0.000000E+00  0.270084E+05
  0.264167E+01  0.255194E+05  0.253996E+05  0.000000E+00  0.000000E+00  0.000000E+00  0.255156E+05
  0.273121E+01  0.241069E+05  0.239938E+05  0.000000E+00  0.000000E+00  0.000000E+00  0.241034E+05
  0.282379E+01  0.227707E+05  0.226639E+05  0.000000E+00  0.000000E+00  0.000000E+00  0.227674E+05
  0.291950E+01  0.215070E+05  0.214060E+05  0.000000E+00  0.000000E+00  0.000000E+00  0.215038E+05
  0.301846E+01  0.203117E+05  0.202164E+05  0.000000E+00  0.000000E+00  0.000000E+00  0.203087E+05
  0.312077E+01  0.191813E+05  0.190913E+05  0.000000E+00  0.000000E+00  0.000000E+00  0.191785E+05
  0.322655E+01  0.181125E+05  0.180274E+05  0.000000E+00  0.000000E+00  0.000000E+00  0.181098E+05
  0.333591E+01  0.171018E+05  0.170215E+05  0.000000E+00  0.000000E+00  0.000000E+00  0.170993E+05
  0.344898E+01  0.161463E+05  0.160704E+05  0.000000E+00  0.000000E+00  0.000000E+00  0.161439E+05
  0.356588E+01  0.152429E+05  0.151714E+05  0.000000E+00  0.000000E+00  0.000000E+00  0.152407E+05
  0.368675E+01  0.143891E+05  0.143215E+05  0.000000E+00  0.000000E+00  0.000000E+00  0.143870E+05
  0.381172E+01  0.135821E+05  0.135183E+05  0.000000E+00  0.000000E+00  0.000000E+00  0.135801E+05
  0.394091E+01  0.128195E+05  0.127592E+05  0.000000E+00  0.000000E+00  0.000000E+00  0.128176E+05
  0.407449E+01  0.120988E+05  0.120420E+05  0.000000E+00  0.000000E+00  0.000000E+00  0.120970E+05
  0.421259E+01  0.114179E+05  0.113643E+05  0.000000E+00  0.000000E+00  0.000000E+00  0.114162E+05
  0.435538E+01  0.107746E+05  0.107239E+05  0.000000E+00  0.000000E+00  0.000000E+00  0.107730E+05
  0.450301E+01  0.101668E+05  0.101190E+05  0.000000E+00  0.000000E+00  0.000000E+00  0.101653E+05
  0.465564E+01  0.959261E+04  0.954750E+04  0.000000E+00  0.000000E+00  0.000000E+00  0.959119E+04
  0.481344E+01  0.905025E+04  0.900768E+04  0.000000E+00  0.000000E+00  0.000000E+00  0.904891E+04
  0.497659E+01  0.853799E+04  0.849781E+04  0.000000E+00  0.000000E+00  0.000000E+00  0.853672E+04
  0.514527E+01  0.805423E+04  0.801632E+04  0.000000E+00  0.000000E+00  0.000000E+00  0.805303E+04
  0.531968E+01  0.759740E+04  0.756164E+04  0.000000E+00  0.000000E+00  0.000000E+00  0.759628E+04
  0.549998E+01  0.716607E+04  0.713232E+04  0.000000E+00  0.000000E+00  0.000000E+00  0.716501E+04
  0.568641E+01  0.675879E+04  0.672695E+04  0.000000E+00  0.000000E+00  0.000000E+00  0.675779E+04
  0.587915E+01  0.637428E+04  0.634424E+04  0.000000E+00  0.000000E+00  0.000000E+00  0.637333E+04
  0.607843E+01  0.601125E+04  0.598291E+04  0.000000E+00  0.000000E+00  0.000000E+00  0.601036E+04
  0.628446E+01  0.566855E+04  0.564181E+04  0.000000E+00  0.000000E+00  0.000000E+00  0.566771E+04
  0.649747E+01  0.534508E+04  0.531986E+04  0.000000E+00  0.000000E+00  0.000000E+00  0.534429E+04
  0.671770E+01  0.503979E+04  0.501599E+04  0.000000E+00  0.000000E+00  0.000000E+00  0.503904E+04
  0.694539E+01  0.475168E+04  0.472924E+04  0.000000E+00  0.000000E+00  0.000000E+00  0.475097E+04
  0.718081E+01  0.447979E+04  0.445862E+04  0.000000E+00  0.000000E+00  0.000000E+00  0.447912E+04
  0.742420E+01  0.422322E+04  0.420325E+04  0.000000E+00  0.000000E+00  0.000000E+00  0.422259E+04
  0.767585E+01  0.398111E+04  0.396227E+04  0.000000E+00  0.000000E+00  0.000000E+00  0.398051E+04
  0.793602E+01  0.375267E+04  0.373490E+04  0.000000E+00  0.000000E+00  0.000000E+00  0.375211E+04
  0.820502E+01  0.353715E+04  0.352039E+04  0.000000E+00  0.000000E+00  0.000000E+00  0.353662E+04
  0.848312E+01  0.333385E+04  0.331804E+04  0.000000E+00  0.000000E+00  0.000000E+00  0.333335E+04
  0.877066E+01  0.314207E+04  0.312716E+04  0.000000E+00  0.000000E+00  0.000000E+00  0.314160E+04
  0.906794E+01  0.296117E+04  0.294711E+04  0.000000E+00  0.000000E+00  0.000000E+00  0.296073E+04
  0.937530E+01  0.279053E+04  0.277727E+04  0.000000E+00  0.000000E+00  0.000000E+00  0.279012E+04
  0.969308E+01  0.262959E+04  0.261708E+04  0.000000E+00  0.000000E+00  0.000000E+00  0.262920E+04
  0.100216E+02  0.247781E+04  0.246601E+04  0.000000E+00  0.000000E+00  0.000000E+00  0.247744E+04
  0.103613E+02  0.233469E+04  0.232355E+04  0.000000E+00  0.000000E+00  0.000000E+00  0.233434E+04
  0.107125E+02  0.219973E+04  0.218922E+04  0.000000E+00  0.000000E+00  0.000000E+00  0.219940E+04
  0.110756E+02  0.207247E+04  0.206256E+04  0.000000E+00  0.000000E+00  0.000000E+00  0.207215E+04
  0.114510E+02  0.195247E+04  0.194312E+04  0.000000E+00  0.000000E+00  0.000000E+00  0.195218E+04
  0.118392E+02  0.183933E+04  0.183051E+04  0.000000E+00  0.000000E+00  0.000000E+00  0.183905E+04
  0.122404E+02  0.173268E+04  0.172435E+04  0.000000E+00  0.000000E+00  0.000000E+00  0.173241E+04
  0.126553E+02  0.163213E+04  0.162428E+04  0.000000E+00  0.000000E+00  0.000000E+00  0.163189E+04
  0.130843E+02  0.153736E+04  0.152995E+04  0.000000E+00  0.000000E+00  0.000000E+00  0.153712E+04
  0.135278E+02  0.144801E+04  0.144102E+04  0.000000E+00  0.000000E+00  0.000000E+00  0.144779E+04
  0.139863E+02  0.136380E+04  0.135720E+04  0.000000E+00  0.000000E+00  0.000000E+00  0.136359E+04
  0.144604E+02  0.128443E+04  0.127820E+04  0.000000E+00  0.000000E+00  0.000000E+00  0.128424E+04
  0.149505E+02  0.120964E+04  0.120376E+04  0.000000E+00  0.000000E+00  0.000000E+00  0.120945E+04
  0.154573E+02  0.113914E+04  0.113359E+04  0.000000E+00  0.000000E+00  0.000000E+00  0.113897E+04
  0.159812E+02  0.107271E+04  0.106747E+04  0.000000E+00  0.000000E+00  0.000000E+00  0.107255E+04
  0.165229E+02  0.101011E+04  0.100516E+04  0.000000E+00  0.000000E+00  0.000000E+00  0.100996E+04
  0.170829E+02  0.951128E+03  0.946453E+03  0.000000E+00  0.000000E+00  0.000000E+00  0.950981E+03
  0.176619E+02  0.895555E+03  0.891138E+03  0.000000E+00  0.000000E+00  0.000000E+00  0.895416E+03
  0.182606E+02  0.843191E+03  0.839018E+03  0.000000E+00  0.000000E+00  0.000000E+00  0.843060E+03
  0.188795E+02  0.793857E+03  0.789914E+03  0.000000E+00  0.000000E+00  0.000000E+00  0.793733E+03
  0.195195E+02  0.747382E+03  0.743655E+03  0.000000E+00  0.000000E+00  0.000000E+00  0.747264E+03
  0.201811E+02  0.703602E+03  0.700079E+03  0.000000E+00  0.000000E+00  0.000000E+00  0.703491E+03
  0.208651E+02  0.662359E+03  0.659027E+03  0.000000E+00  0.000000E+00  0.000000E+00  0.662254E+03
  0.215723E+02  0.623509E+03  0.620358E+03  0.000000E+00  0.000000E+00  0.000000E+00  0.623410E+03
  0.223035E+02  0.586916E+03  0.583935E+03  0.000000E+00  0.000000E+00  0.000000E+00  0.586822E+03
  0.230595E+02  0.552453E+03  0.549632E+03  0.000000E+00  0.000000E+00  0.000000E+00  0.552364E+03
  0.238411E+02  0.519991E+03  0.517321E+03  0.000000E+00  0.000000E+00  0.000000E+00  0.519907E+03
  0.246492E+02  0.489419E+03  0.486891E+03  0.000000E+00  0.000000E+00  0.000000E+00  0.489340E+03
  0.254847E+02  0.460629E+03  0.458234E+03  0.000000E+00  0.000000E+00  0.000000E+00  0.460554E+03
  0.263485E+02  0.433517E+03  0.431248E+03  0.000000E+00  0.000000E+00  0.000000E+00  0.433446E+03
  0.272416E+02  0.407986E+03  0.405835E+03  0.000000E+00  0.000000E+00  0.000000E+00  0.407918E+03
  0.281650E+02  0.383945E+03  0.381905E+03  0.000000E+00  0.000000E+00  0.000000E+00  0.383880E+03
  0.291196E+02  0.361309E+03  0.359374E+03  0.000000E+00  0.000000E+00  0.000000E+00  0.361248E+03
  0.301066E+02  0.339995E+03  0.338158E+03  0.000000E+00  0.000000E+00  0.000000E+00  0.339937E+03
  0.311271E+02  0.319927E+03  0.318183E+03  0.000000E+00  0.000000E+00  0.000000E+00  0.319872E+03
  0.321822E+02  0.301034E+03  0.299377E+03  0.000000E+00  0.000000E+00  0.000000E+00  0.300982E+03
  0.332730E+02  0.283248E+03  0.281673E+03  0.000000E+00  0.000000E+00  0.000000E+00  0.283198E+03
  0.344008E+02  0.266503E+03  0.265004E+03  0.000000E+00  0.000000E+00  0.000000E+00  0.266455E+03
  0.355668E+02  0.250740E+03  0.249314E+03  0.000000E+00  0.000000E+00  0.000000E+00  0.250695E+03
  0.367723E+02  0.235902E+03  0.234544E+03  0.000000E+00  0.000000E+00  0.000000E+00  0.235859E+03
  0.380187E+02  0.221934E+03  0.220640E+03  0.000000E+00  0.000000E+00  0.000000E+00  0.221893E+03
  0.393074E+02  0.208787E+03  0.207554E+03  0.000000E+00  0.000000E+00  0.000000E+00  0.208748E+03
  0.406397E+02  0.196413E+03  0.195236E+03  0.000000E+00  0.000000E+00  0.000000E+00  0.196376E+03
  0.420172E+02  0.184765E+03  0.183642E+03  0.000000E+00  0.000000E+00  0.000000E+00  0.184730E+03
  0.434414E+02  0.173804E+03  0.172730E+03  0.000000E+00  0.000000E+00  0.000000E+00  0.173770E+03
  0.449138E+02  0.163487E+03  0.162461E+03  0.000000E+00  0.000000E+00  0.000000E+00  0.163455E+03
  0.464362E+02  0.153778E+03  0.152796E+03  0.000000E+00  0.000000E+00  0.000000E+00  0.153748E+03
  0.480101E+02  0.144642E+03  0.143701E+03  0.000000E+00  0.000000E+00  0.000000E+00  0.144612E+03
  0.496375E+02  0.136044E+03  0.135142E+03  0.000000E+00  0.000000E+00  0.000000E+00  0.136015E+03
  0.513199E+02  0.127953E+03  0.127088E+03  0.000000E+00  0.000000E+00  0.000000E+00  0.127926E+03
  0.530594E+02  0.120340E+03  0.119509E+03  0.000000E+00  0.000000E+00  0.000000E+00  0.120314E+03
  0.548579E+02  0.113176E+03  0.112377E+03  0.000000E+00  0.000000E+00  0.000000E+00  0.113151E+03
  0.567173E+02  0.106436E+03  0.105667E+03  0.000000E+00  0.000000E+00  0.000000E+00  0.106412E+03
  0.586397E+02  0.100094E+03  0.993538E+02  0.000000E+00  0.000000E+00  0.000000E+00  0.100071E+03
  0.606273E+02  0.941274E+02  0.934137E+02  0.000000E+00  0.000000E+00  0.000000E+00  0.941050E+02
  0.626823E+02  0.885138E+02  0.878250E+02  0.000000E+00  0.000000E+00  0.000000E+00  0.884921E+02
  0.648069E+02  0.832324E+02  0.825671E+02  0.000000E+00  0.000000E+00  0.000000E+00  0.832115E+02
  0.670036E+02  0.782638E+02  0.776206E+02  0.000000E+00  0.000000E+00  0.000000E+00  0.782436E+02
  0.692747E+02  0.735899E+02  0.729673E+02  0.000000E+00  0.000000E+00  0.000000E+00  0.735702E+02
  0.716227E+02  0.691929E+02  0.685897E+02  0.000000E+00  0.000000E+00  0.000000E+00  0.691739E+02
  0.740504E+02  0.650568E+02  0.644718E+02  0.000000E+00  0.000000E+00  0.000000E+00  0.650384E+02
  0.765604E+02  0.611662E+02  0.605981E+02  0.000000E+00  0.000000E+00  0.000000E+00  0.611483E+02
  0.791553E+02  0.575066E+02  0.569545E+02  0.000000E+00  0.000000E+00  0.000000E+00  0.574892E+02
  0.818384E+02  0.540643E+02  0.535272E+02  0.000000E+00  0.000000E+00  0.000000E+00  0.540474E+02
  0.846122E+02  0.508266E+02  0.503036E+02  0.000000E+00  0.000000E+00  0.000000E+00  0.508102E+02
  0.874802E+02  0.477814E+02  0.472715E+02  0.000000E+00  0.000000E+00  0.000000E+00  0.477654E+02
  0.904453E+02  0.449174E+02  0.444198E+02  0.000000E+00  0.000000E+00  0.000000E+00  0.449017E+02
  0.935109E+02  0.422239E+02  0.417378E+02  0.000000E+00  0.000000E+00  0.000000E+00  0.422085E+02
  0.966806E+02  0.396905E+02  0.392153E+02  0.000000E+00  0.000000E+00  0.000000E+00  0.396755E+02
  0.999576E+02  0.373082E+02  0.368431E+02  0.000000E+00  0.000000E+00  0.000000E+00  0.372935E+02
  0.103346E+03  0.350678E+02  0.346122E+02  0.000000E+00  0.000000E+00  0.000000E+00  0.350534E+02
  0.106849E+03  0.329608E+02  0.325141E+02  0.000000E+00  0.000000E+00  0.000000E+00  0.329467E+02
  0.110470E+03  0.309796E+02  0.305413E+02  0.000000E+00  0.000000E+00  0.000000E+00  0.309658E+02
  0.114215E+03  0.291166E+02  0.286862E+02  0.000000E+00  0.000000E+00  0.000000E+00  0.291031E+02
  0.118086E+03  0.273648E+02  0.269417E+02  0.000000E+00  0.000000E+00  0.000000E+00  0.273515E+02
  0.122089E+03  0.257175E+02  0.253013E+02  0.000000E+00  0.000000E+00  0.000000E+00  0.257044E+02
  0.126227E+03  0.241687E+02  0.237590E+02  0.000000E+00  0.000000E+00  0.000000E+00  0.241558E+02
  0.130505E+03  0.227125E+02  0.223089E+02  0.000000E+00  0.000000E+00  0.000000E+00  0.226998E+02
  0.134928E+03  0.213433E+02  0.209454E+02  0.000000E+00  0.000000E+00  0.000000E+00  0.213307E+02
  0.139502E+03  0.200559E+02  0.196635E+02  0.000000E+00  0.000000E+00  0.000000E+00  0.200435E+02
  0.144230E+03  0.188456E+02  0.184583E+02  0.000000E+00  0.000000E+00  0.000000E+00  0.188334E+02
  0.149119E+03  0.177077E+02  0.173253E+02  0.000000E+00  0.000000E+00  0.000000E+00  0.176957E+02
  0.154173E+03  0.166380E+02  0.162602E+02  0.000000E+00  0.000000E+00  0.000000E+00  0.166261E+02
  0.159399E+03  0.156323E+02  0.152589E+02  0.000000E+00  0.000000E+00  0.000000E+00  0.156206E+02
  0.164802E+03  0.146870E+02  0.143176E+02  0.000000E+00  0.000000E+00  0.000000E+00  0.146753E+02
  0.170388E+03  0.137983E+02  0.134329E+02  0.000000E+00  0.000000E+00  0.000000E+00  0.137868E+02
  0.176164E+03  0.129628E+02  0.126012E+02  0.000000E+00  0.000000E+00  0.000000E+00  0.129514E+02
  0.182135E+03  0.121775E+02  0.118196E+02  0.000000E+00  0.000000E+00  0.000000E+00  0.121663E+02
  0.188308E+03  0.114394E+02  0.110850E+02  0.000000E+00  0.000000E+00  0.000000E+00  0.114282E+02
  0.194691E+03  0.107456E+02  0.103946E+02  0.000000E+00  0.000000E+00  0.000000E+00  0.107345E+02
  0.201290E+03  0.100934E+02  0.974572E+01  0.000000E+00  0.000000E+00  0.000000E+00  0.100825E+02
