  0.108800E-04  0.120090E+08  0.120090E+08  0.160069E+08  0.160069E+08  0.000000E+00  0.120090E+08
  0.112487E-04  0.120090E+08  0.120090E+08  0.160066E+08  0.160065E+08  0.000000E+00  0.120090E+08
  0.116300E-04  0.120090E+08  0.120090E+08  0.160062E+08  0.160062E+08  0.000000E+00  0.120090E+08
  0.120242E-04  0.120090E+08  0.120090E+08  0.160058E+08  0.160058E+08  0.000000E+00  0.120090E+08
  0.124318E-04  0.120090E+08  0.120090E+08  0.160053E+08  0.160053E+08  0.000000E+00  0.120090E+08
  0.128531E-04  0.120090E+08  0.120090E+08  0.160049E+08  0.160049E+08  0.000000E+00  0.120090E+08
  0.132888E-04  0.120090E+08  0.120090E+08  0.160044E+08  0.160044E+08  0.000000E+00  0.120090E+08
  0.137392E-04  0.120090E+08  0.120090E+08  0.160039E+08  0.160038E+08  0.000000E+00  0.120090E+08
  0.142049E-04  0.120090E+08  0.120090E+08  0.160033E+08  0.160033E+08  0.000000E+00  0.120090E+08
  0.146864E-04  0.120090E+08  0.120090E+08  0.160027E+08  0.160027E+08  0.000000E+00  0.120090E+08
  0.151842E-04  0.120090E+08  0.120090E+08  0.160020E+08  0.160020E+08  0.000000E+00  0.120090E+08
  0.156989E-04  0.120090E+08  0.120090E+08  0.160013E+08  0.160013E+08  0.000000E+00  0.120090E+08
  0.162310E-04  0.120090E+08  0.120090E+08  0.160006E+08  0.160006E+08  0.000000E+00  0.120090E+08
  0.167811E-04  0.120090E+08  0.120090E+08  0.159998E+08  0.159998E+08  0.000000E+00  0.120090E+08
  0.173499E-04  0.120090E+08  0.120090E+08  0.159990E+08  0.159989E+08  0.000000E+00  0.120090E+08
  0.179380E-04  0.120090E+08  0.120090E+08  0.159981E+08  0.159980E+08  0.000000E+00  0.120090E+08
  0.185460E-04  0.120090E+08  0.120090E+08  0.159971E+08  0.159971E+08  0.000000E+00  0.120090E+08
  0.191746E-04  0.120090E+08  0.120090E+08  0.159961E+08  0.159960E+08  0.000000E+00  0.120090E+08
  0.198246E-04  0.120090E+08  0.120090E+08  0.159950E+08  0.159949E+08  0.000000E+00  0.120090E+08
  0.204965E-04  0.120090E+08  0.120090E+08  0.159938E+08  0.159938E+08  0.000000E+00  0.120090E+08
  0.211913E-04  0.120090E+08  0.120090E+08  0.159926E+08  0.159925E+08  0.000000E+00  0.120090E+08
  0.219095E-04  0.120090E+08  0.120090E+08  0.159912E+08  0.159912E+08  0.000000E+00  0.120090E+08
  0.226522E-04  0.120090E+08  0.120090E+08  0.159898E+08  0.159897E+08  0.000000E+00  0.120090E+08
  0.234200E-04  0.120090E+08  0.120090E+08  0.159882E+08  0.159882E+08  0.000000E+00  0.120090E+08
  0.242138E-04  0.120090E+08  0.120090E+08  0.159866E+08  0.159865E+08  0.000000E+00  0.120090E+08
  0.250345E-04  0.120090E+08  0.120090E+08  0.159848E+08  0.159848E+08  0.000000E+00  0.120090E+08
  0.258831E-04  0.120089E+08  0.120089E+08  0.159830E+08  0.159829E+08  0.000000E+00  0.120089E+08
  0.267604E-04  0.120089E+08  0.120089E+08  0.159810E+08  0.159809E+08  0.000000E+00  0.120089E+08
  0.276674E-04  0.120089E+08  0.120089E+08  0.159788E+08  0.159787E+08  0.000000E+00  0.120089E+08
  0.286052E-04  0.120089E+08  0.120089E+08  0.159765E+08  0.159765E+08  0.000000E+00  0.120089E+08
  0.295748E-04  0.120089E+08  0.120089E+08  0.159741E+08  0.159740E+08  0.000000E+00  0.120089E+08
  0.305772E-04  0.120089E+08  0.120089E+08  0.159715E+08  0.159714E+08  0.000000E+00  0.120089E+08
  0.316136E-04  0.120089E+08  0.120089E+08  0.159687E+08  0.159686E+08  0.000000E+00  0.120089E+08
  0.326852E-04  0.120089E+08  0.120089E+08  0.159657E+08  0.159656E+08  0.000000E+00  0.120089E+08
  0.337931E-04  0.120089E+08  0.120089E+08  0.159625E+08  0.159624E+08  0.000000E+00  0.120089E+08
  0.349385E-04  0.120089E+08  0.120089E+08  0.159591E+08  0.159590E+08  0.000000E+00  0.120089E+08
  0.361227E-04  0.120089E+08  0.120089E+08  0.159555E+08  0.159553E+08  0.000000E+00  0.120089E+08
  0.373471E-04  0.120089E+08  0.120089E+08  0.159516E+08  0.159514E+08  0.000000E+00  0.120089E+08
  0.386130E-04  0.120088E+08  0.120088E+08  0.159474E+08  0.159472E+08  0.000000E+00  0.120088E+08
  0.399218E-04  0.120088E+08  0.120088E+08  0.159430E+08  0.159428E+08  0.000000E+00  0.120088E+08
  0.412749E-04  0.120088E+08  0.120088E+08  0.159382E+08  0.159380E+08  0.000000E+00  0.120088E+08
  0.426740E-04  0.120088E+08  0.120088E+08  0.159331E+08  0.159329E+08  0.000000E+00  0.120088E+08
  0.441204E-04  0.120088E+08  0.120088E+08  0.159277E+08  0.159275E+08  0.000000E+00  0.120088E+08
  0.456159E-04  0.120088E+08  0.120088E+08  0.159219E+08  0.159217E+08  0.000000E+00  0.120088E+08
  0.471620E-04  0.120087E+08  0.120087E+08  0.159157E+08  0.159155E+08  0.000000E+00  0.120087E+08
  0.487606E-04  0.120087E+08  0.120087E+08  0.159091E+08  0.159088E+08  0.000000E+00  0.120087E+08
  0.504133E-04  0.120087E+08  0.120087E+08  0.159020E+08  0.159017E+08  0.000000E+00  0.120087E+08
  0.521221E-04  0.120087E+08  0.120087E+08  0.158944E+08  0.158942E+08  0.000000E+00  0.120087E+08
  0.538888E-04  0.120087E+08  0.120087E+08  0.158864E+08  0.158861E+08  0.000000E+00  0.120087E+08
  0.557153E-04  0.120086E+08  0.120086E+08  0.158777E+08  0.158774E+08  0.000000E+00  0.120086E+08
  0.576038E-04  0.120086E+08  0.120086E+08  0.158685E+08  0.158682E+08  0.000000E+00  0.120086E+08
  0.595563E-04  0.120086E+08  0.120086E+08  0.158587E+08  0.158583E+08  0.000000E+00  0.120086E+08
  0.615750E-04  0.120085E+08  0.120085E+08  0.158481E+08  0.158477E+08  0.000000E+00  0.120085E+08
  0.636621E-04  0.120085E+08  0.120085E+08  0.158369E+08  0.158365E+08  0.000000E+00  0.120085E+08
  0.658199E-04  0.120085E+08  0.120085E+08  0.158249E+08  0.158244E+08  0.000000E+00  0.120085E+08
  0.680509E-04  0.120084E+08  0.120084E+08  0.158121E+08  0.158116E+08  0.000000E+00  0.120084E+08
  0.703575E-04  0.120084E+08  0.120084E+08  0.157984E+08  0.157978E+08  0.000000E+00  0.120084E+08
  0.727422E-04  0.120083E+08  0.120083E+08  0.157837E+08  0.157832E+08  0.000000E+00  0.120083E+08
  0.752079E-04  0.120083E+08  0.120083E+08  0.157681E+08  0.157675E+08  0.000000E+00  0.120083E+08
  0.777570E-04  0.120082E+08  0.120082E+08  0.157514E+08  0.157508E+08  0.000000E+00  0.120082E+08
  0.803926E-04  0.120082E+08  0.120082E+08  0.157336E+08  0.157329E+08  0.000000E+00  0.120082E+08
  0.831175E-04  0.120081E+08  0.120081E+08  0.157146E+08  0.157138E+08  0.000000E+00  0.120081E+08
  0.859348E-04  0.120081E+08  0.120081E+08  0.156943E+08  0.156935E+08  0.000000E+00  0.120081E+08
  0.888476E-04  0.120080E+08  0.120080E+08  0.156726E+08  0.156717E+08  0.000000E+00  0.120080E+08
  0.918591E-04  0.120079E+08  0.120079E+08  0.156494E+08  0.156485E+08  0.000000E+00  0.120079E+08
  0.949726E-04  0.120079E+08  0.120079E+08  0.156247E+08  0.156237E+08  0.000000E+00  0.120079E+08
  0.981917E-04  0.120078E+08  0.120078E+08  0.155983E+08  0.155973E+08  0.000000E+00  0.120078E+08
  0.101520E-03  0.120077E+08  0.120077E+08  0.155702E+08  0.155691E+08  0.000000E+00  0.120077E+08
  0.104961E-03  0.120076E+08  0.120076E+08  0.155401E+08  0.155390E+08  0.000000E+00  0.120076E+08
  0.108519E-03  0.120075E+08  0.120075E+08  0.155081E+08  0.155069E+08  0.000000E+00  0.120075E+08
  0.112197E-03  0.120074E+08  0.120074E+08  0.154739E+08  0.154726E+08  0.000000E+00  0.120074E+08
  0.116000E-03  0.120073E+08  0.120073E+08  0.154374E+08  0.154360E+08  0.000000E+00  0.120073E+08
  0.119932E-03  0.120072E+08  0.120071E+08  0.153986E+08  0.153971E+08  0.000000E+00  0.120072E+08
  0.123997E-03  0.120070E+08  0.120070E+08  0.153571E+08  0.153555E+08  0.000000E+00  0.120070E+08
  0.128200E-03  0.120069E+08  0.120069E+08  0.153129E+08  0.153112E+08  0.000000E+00  0.120069E+08
  0.132545E-03  0.120067E+08  0.120067E+08  0.152657E+08  0.152639E+08  0.000000E+00  0.120067E+08
  0.137038E-03  0.120066E+08  0.120066E+08  0.152155E+08  0.152136E+08  0.000000E+00  0.120066E+08
  0.141683E-03  0.120064E+08  0.120064E+08  0.151620E+08  0.151599E+08  0.000000E+00  0.120064E+08
  0.146485E-03  0.120062E+08  0.120062E+08  0.151050E+08  0.151028E+08  0.000000E+00  0.120062E+08
  0.151450E-03  0.120060E+08  0.120060E+08  0.150443E+08  0.150419E+08  0.000000E+00  0.120060E+08
  0.156583E-03  0.120058E+08  0.120058E+08  0.149796E+08  0.149771E+08  0.000000E+00  0.120058E+08
  0.161891E-03  0.120056E+08  0.120056E+08  0.149108E+08  0.149082E+08  0.000000E+00  0.120056E+08
  0.167378E-03  0.120054E+08  0.120054E+08  0.148376E+08  0.148348E+08  0.000000E+00  0.120054E+08
  0.173051E-03  0.120051E+08  0.120051E+08  0.147596E+08  0.147567E+08  0.000000E+00  0.120051E+08
  0.178917E-03  0.120049E+08  0.120048E+08  0.146768E+08  0.146737E+08  0.000000E+00  0.120049E+08
  0.184981E-03  0.120046E+08  0.120046E+08  0.145887E+08  0.145854E+08  0.000000E+00  0.120046E+08
  0.191251E-03  0.120043E+08  0.120043E+08  0.144951E+08  0.144916E+08  0.000000E+00  0.120043E+08
  0.197734E-03  0.120039E+08  0.120039E+08  0.143957E+08  0.143920E+08  0.000000E+00  0.120039E+08
  0.204436E-03  0.120036E+08  0.120036E+08  0.142901E+08  0.142862E+08  0.000000E+00  0.120036E+08
  0.211366E-03  0.120032E+08  0.120032E+08  0.141781E+08  0.141739E+08  0.000000E+00  0.120032E+08
  0.218530E-03  0.120028E+08  0.120028E+08  0.140592E+08  0.140548E+08  0.000000E+00  0.120028E+08
  0.225937E-03  0.120024E+08  0.120024E+08  0.139332E+08  0.139286E+08  0.000000E+00  0.120024E+08
  0.233595E-03  0.120019E+08  0.120019E+08  0.137997E+08  0.137948E+08  0.000000E+00  0.120019E+08
  0.241513E-03  0.120014E+08  0.120014E+08  0.136583E+08  0.136532E+08  0.000000E+00  0.120014E+08
  0.249699E-03  0.120009E+08  0.120009E+08  0.135087E+08  0.135033E+08  0.000000E+00  0.120009E+08
  0.258162E-03  0.120004E+08  0.120004E+08  0.133505E+08  0.133448E+08  0.000000E+00  0.120004E+08
  0.266913E-03  0.119998E+08  0.119998E+08  0.131834E+08  0.131774E+08  0.000000E+00  0.119998E+08
  0.275960E-03  0.119992E+08  0.119992E+08  0.130069E+08  0.130006E+08  0.000000E+00  0.119992E+08
  0.285314E-03  0.119985E+08  0.119985E+08  0.128207E+08  0.128141E+08  0.000000E+00  0.119985E+08
  0.294984E-03  0.119978E+08  0.119978E+08  0.126245E+08  0.126176E+08  0.000000E+00  0.119978E+08
  0.304983E-03  0.119970E+08  0.119970E+08  0.124180E+08  0.124108E+08  0.000000E+00  0.119970E+08
  0.315320E-03  0.119962E+08  0.119962E+08  0.122007E+08  0.121932E+08  0.000000E+00  0.119962E+08
  0.326008E-03  0.119953E+08  0.119953E+08  0.119725E+08  0.119647E+08  0.000000E+00  0.119953E+08
  0.337058E-03  0.119944E+08  0.119944E+08  0.117331E+08  0.117250E+08  0.000000E+00  0.119944E+08
  0.348483E-03  0.119934E+08  0.119934E+08  0.114823E+08  0.114739E+08  0.000000E+00  0.119934E+08
  0.360295E-03  0.119924E+08  0.119924E+08  0.112199E+08  0.112112E+08  0.000000E+00  0.119924E+08
  0.372507E-03  0.119913E+08  0.119912E+08  0.109457E+08  0.109367E+08  0.000000E+00  0.119913E+08
  0.385133E-03  0.119901E+08  0.119900E+08  0.106598E+08  0.106506E+08  0.000000E+00  0.119901E+08
  0.398187E-03  0.119888E+08  0.119888E+08  0.103622E+08  0.103528E+08  0.000000E+00  0.119888E+08
  0.411684E-03  0.119874E+08  0.119874E+08  0.100530E+08  0.100433E+08  0.000000E+00  0.119874E+08
  0.425638E-03  0.119860E+08  0.119860E+08  0.973236E+07  0.972255E+07  0.000000E+00  0.119860E+08
  0.440065E-03  0.119845E+08  0.119844E+08  0.940069E+07  0.939074E+07  0.000000E+00  0.119845E+08
  0.454981E-03  0.119828E+08  0.119828E+08  0.905839E+07  0.904837E+07  0.000000E+00  0.119828E+08
  0.470403E-03  0.119811E+08  0.119811E+08  0.870606E+07  0.869600E+07  0.000000E+00  0.119811E+08
  0.486347E-03  0.119793E+08  0.119792E+08  0.834443E+07  0.833439E+07  0.000000E+00  0.119793E+08
  0.502832E-03  0.119773E+08  0.119773E+08  0.797437E+07  0.796443E+07  0.000000E+00  0.119773E+08
  0.519875E-03  0.119752E+08  0.119752E+08  0.759695E+07  0.758716E+07  0.000000E+00  0.119752E+08
  0.537497E-03  0.119730E+08  0.119730E+08  0.721338E+07  0.720383E+07  0.000000E+00  0.119730E+08
  0.555715E-03  0.119706E+08  0.119706E+08  0.682509E+07  0.681585E+07  0.000000E+00  0.119706E+08
  0.574551E-03  0.119681E+08  0.119681E+08  0.643367E+07  0.642483E+07  0.000000E+00  0.119681E+08
  0.594026E-03  0.119655E+08  0.119655E+08  0.604089E+07  0.603254E+07  0.000000E+00  0.119655E+08
  0.614160E-03  0.119627E+08  0.119626E+08  0.564872E+07  0.564095E+07  0.000000E+00  0.119627E+08
  0.634977E-03  0.119597E+08  0.119596E+08  0.525928E+07  0.525218E+07  0.000000E+00  0.119597E+08
  0.656500E-03  0.119565E+08  0.119565E+08  0.487486E+07  0.486851E+07  0.000000E+00  0.119565E+08
  0.678752E-03  0.119532E+08  0.119531E+08  0.449784E+07  0.449234E+07  0.000000E+00  0.119532E+08
  0.701758E-03  0.119496E+08  0.119496E+08  0.413073E+07  0.412614E+07  0.000000E+00  0.119496E+08
  0.725544E-03  0.119459E+08  0.119458E+08  0.377605E+07  0.377244E+07  0.000000E+00  0.119459E+08
  0.750137E-03  0.119419E+08  0.119418E+08  0.343635E+07  0.343376E+07  0.000000E+00  0.119419E+08
  0.775563E-03  0.119377E+08  0.119376E+08  0.311409E+07  0.311255E+07  0.000000E+00  0.119377E+08
  0.801851E-03  0.119333E+08  0.119332E+08  0.281159E+07  0.281111E+07  0.000000E+00  0.119333E+08
  0.829029E-03  0.119286E+08  0.119285E+08  0.253098E+07  0.253154E+07  0.000000E+00  0.119286E+08
  0.857129E-03  0.119236E+08  0.119236E+08  0.227407E+07  0.227560E+07  0.000000E+00  0.119236E+08
  0.886182E-03  0.119184E+08  0.119183E+08  0.204226E+07  0.204469E+07  0.000000E+00  0.119184E+08
  0.916219E-03  0.119129E+08  0.119128E+08  0.183652E+07  0.183972E+07  0.000000E+00  0.119129E+08
  0.947274E-03  0.119071E+08  0.119070E+08  0.165722E+07  0.166104E+07  0.000000E+00  0.119071E+08
  0.979383E-03  0.119010E+08  0.119009E+08  0.150411E+07  0.150836E+07  0.000000E+00  0.119010E+08
  0.101258E-02  0.118946E+08  0.118944E+08  0.137628E+07  0.138075E+07  0.000000E+00  0.118945E+08
  0.104690E-02  0.118878E+08  0.118877E+08  0.127210E+07  0.127655E+07  0.000000E+00  0.118878E+08
  0.108239E-02  0.118807E+08  0.118805E+08  0.118923E+07  0.119342E+07  0.000000E+00  0.118806E+08
  0.111907E-02  0.118732E+08  0.118730E+08  0.112472E+07  0.112841E+07  0.000000E+00  0.118732E+08
  0.115700E-02  0.118653E+08  0.118652E+08  0.107505E+07  0.107801E+07  0.000000E+00  0.118653E+08
  0.119622E-02  0.118571E+08  0.118569E+08  0.103631E+07  0.103835E+07  0.000000E+00  0.118570E+08
  0.123677E-02  0.118484E+08  0.118482E+08  0.100441E+07  0.100539E+07  0.000000E+00  0.118484E+08
  0.127869E-02  0.118393E+08  0.118391E+08  0.975291E+06  0.975136E+06  0.000000E+00  0.118393E+08
  0.132203E-02  0.118298E+08  0.118296E+08  0.945228E+06  0.943936E+06  0.000000E+00  0.118297E+08
  0.136684E-02  0.118198E+08  0.118196E+08  0.911097E+06  0.908751E+06  0.000000E+00  0.118197E+08
  0.141317E-02  0.118093E+08  0.118091E+08  0.870656E+06  0.867414E+06  0.000000E+00  0.118093E+08
  0.146107E-02  0.117983E+08  0.117981E+08  0.822758E+06  0.818847E+06  0.000000E+00  0.117983E+08
  0.151059E-02  0.117869E+08  0.117866E+08  0.767490E+06  0.763177E+06  0.000000E+00  0.117868E+08
  0.156179E-02  0.117748E+08  0.117746E+08  0.706190E+06  0.701747E+06  0.000000E+00  0.117748E+08
  0.161473E-02  0.117623E+08  0.117620E+08  0.641316E+06  0.636979E+06  0.000000E+00  0.117622E+08
  0.166946E-02  0.117491E+08  0.117488E+08  0.576155E+06  0.572073E+06  0.000000E+00  0.117491E+08
  0.172605E-02  0.117354E+08  0.117350E+08  0.514383E+06  0.510578E+06  0.000000E+00  0.117353E+08
  0.178455E-02  0.117210E+08  0.117206E+08  0.459513E+06  0.455855E+06  0.000000E+00  0.117209E+08
  0.184504E-02  0.117060E+08  0.117056E+08  0.414308E+06  0.410505E+06  0.000000E+00  0.117059E+08
  0.190758E-02  0.116903E+08  0.116899E+08  0.380244E+06  0.375876E+06  0.000000E+00  0.116902E+08
  0.197223E-02  0.116739E+08  0.116735E+08  0.357152E+06  0.351735E+06  0.000000E+00  0.116738E+08
  0.203908E-02  0.116568E+08  0.116564E+08  0.343130E+06  0.336222E+06  0.000000E+00  0.116567E+08
  0.210820E-02  0.116390E+08  0.116385E+08  0.000000E+00  0.000000E+00  0.000000E+00  0.116389E+08
  0.217966E-02  0.116204E+08  0.116199E+08  0.000000E+00  0.000000E+00  0.000000E+00  0.116203E+08
  0.225354E-02  0.116010E+08  0.116004E+08  0.000000E+00  0.000000E+00  0.000000E+00  0.116009E+08
  0.232992E-02  0.115808E+08  0.115802E+08  0.000000E+00  0.000000E+00  0.000000E+00  0.115807E+08
  0.240889E-02  0.115597E+08  0.115591E+08  0.000000E+00  0.000000E+00  0.000000E+00  0.115596E+08
  0.249054E-02  0.115378E+08  0.115371E+08  0.000000E+00  0.000000E+00  0.000000E+00  0.115377E+08
  0.257496E-02  0.115150E+08  0.115142E+08  0.000000E+00  0.000000E+00  0.000000E+00  0.115149E+08
  0.266224E-02  0.114912E+08  0.114904E+08  0.000000E+00  0.000000E+00  0.000000E+00  0.114911E+08
  0.275248E-02  0.114665E+08  0.114657E+08  0.000000E+00  0.000000E+00  0.000000E+00  0.114664E+08
  0.284577E-02  0.114408E+08  0.114399E+08  0.000000E+00  0.000000E+00  0.000000E+00  0.114406E+08
  0.294223E-02  0.114141E+08  0.114131E+08  0.000000E+00  0.000000E+00  0.000000E+00  0.114139E+08
  0.304196E-02  0.113863E+08  0.113853E+08  0.000000E+00  0.000000E+00  0.000000E+00  0.113861E+08
  0.314506E-02  0.113574E+08  0.113563E+08  0.000000E+00  0.000000E+00  0.000000E+00  0.113573E+08
  0.325166E-02  0.113275E+08  0.113263E+08  0.000000E+00  0.000000E+00  0.000000E+00  0.113273E+08
  0.336188E-02  0.112963E+08  0.112951E+08  0.000000E+00  0.000000E+00  0.000000E+00  0.112962E+08
  0.347583E-02  0.112641E+08  0.112628E+08  0.000000E+00  0.000000E+00  0.000000E+00  0.112639E+08
  0.359365E-02  0.112306E+08  0.112292E+08  0.000000E+00  0.000000E+00  0.000000E+00  0.112304E+08
  0.371545E-02  0.111959E+08  0.111944E+08  0.000000E+00  0.000000E+00  0.000000E+00  0.111956E+08
  0.384139E-02  0.111599E+08  0.111583E+08  0.000000E+00  0.000000E+00  0.000000E+00  0.111596E+08
  0.397159E-02  0.111226E+08  0.111209E+08  0.000000E+00  0.000000E+00  0.000000E+00  0.111223E+08
  0.410621E-02  0.110840E+08  0.110821E+08  0.000000E+00  0.000000E+00  0.000000E+00  0.110837E+08
  0.424539E-02  0.110440E+08  0.110420E+08  0.000000E+00  0.000000E+00  0.000000E+00  0.110437E+08
  0.438929E-02  0.110026E+08  0.110005E+08  0.000000E+00  0.000000E+00  0.000000E+00  0.110022E+08
  0.453806E-02  0.109597E+08  0.109575E+08  0.000000E+00  0.000000E+00  0.000000E+00  0.109594E+08
  0.469188E-02  0.109155E+08  0.109131E+08  0.000000E+00  0.000000E+00  0.000000E+00  0.109151E+08
  0.485091E-02  0.108697E+08  0.108672E+08  0.000000E+00  0.000000E+00  0.000000E+00  0.108693E+08
  0.501534E-02  0.108223E+08  0.108197E+08  0.000000E+00  0.000000E+00  0.000000E+00  0.108219E+08
  0.518533E-02  0.107735E+08  0.107706E+08  0.000000E+00  0.000000E+00  0.000000E+00  0.107730E+08
  0.536109E-02  0.107230E+08  0.107200E+08  0.000000E+00  0.000000E+00  0.000000E+00  0.107225E+08
  0.554280E-02  0.106709E+08  0.106677E+08  0.000000E+00  0.000000E+00  0.000000E+00  0.106704E+08
  0.573068E-02  0.106171E+08  0.106137E+08  0.000000E+00  0.000000E+00  0.000000E+00  0.106166E+08
  0.592492E-02  0.105616E+08  0.105580E+08  0.000000E+00  0.000000E+00  0.000000E+00  0.105611E+08
  0.612574E-02  0.105044E+08  0.105005E+08  0.000000E+00  0.000000E+00  0.000000E+00  0.105038E+08
  0.633338E-02  0.104455E+08  0.104413E+08  0.000000E+00  0.000000E+00  0.000000E+00  0.104448E+08
  0.654805E-02  0.103847E+08  0.103803E+08  0.000000E+00  0.000000E+00  0.000000E+00  0.103840E+08
  0.677000E-02  0.103221E+08  0.103174E+08  0.000000E+00  0.000000E+00  0.000000E+00  0.103214E+08
  0.699947E-02  0.102577E+08  0.102527E+08  0.000000E+00  0.000000E+00  0.000000E+00  0.102569E+08
  0.723671E-02  0.101913E+08  0.101860E+08  0.000000E+00  0.000000E+00  0.000000E+00  0.101905E+08
  0.748200E-02  0.101230E+08  0.101174E+08  0.000000E+00  0.000000E+00  0.000000E+00  0.101222E+08
  0.773561E-02  0.100528E+08  0.100468E+08  0.000000E+00  0.000000E+00  0.000000E+00  0.100519E+08
  0.799781E-02  0.998059E+07  0.997424E+07  0.000000E+00  0.000000E+00  0.000000E+00  0.997961E+07
  0.826889E-02  0.990634E+07  0.989960E+07  0.000000E+00  0.000000E+00  0.000000E+00  0.990530E+07
  0.854917E-02  0.983004E+07  0.982288E+07  0.000000E+00  0.000000E+00  0.000000E+00  0.982894E+07
  0.883894E-02  0.975166E+07  0.974405E+07  0.000000E+00  0.000000E+00  0.000000E+00  0.975048E+07
  0.913854E-02  0.967115E+07  0.966307E+07  0.000000E+00  0.000000E+00  0.000000E+00  0.966990E+07
  0.944829E-02  0.958849E+07  0.957992E+07  0.000000E+00  0.000000E+00  0.000000E+00  0.958717E+07
  0.976854E-02  0.950365E+07  0.949455E+07  0.000000E+00  0.000000E+00  0.000000E+00  0.950224E+07
  0.100996E-01  0.941659E+07  0.940694E+07  0.000000E+00  0.000000E+00  0.000000E+00  0.941510E+07
  0.104420E-01  0.932729E+07  0.931706E+07  0.000000E+00  0.000000E+00  0.000000E+00  0.932571E+07
  0.107959E-01  0.923572E+07  0.922487E+07  0.000000E+00  0.000000E+00  0.000000E+00  0.923405E+07
  0.111618E-01  0.914184E+07  0.913034E+07  0.000000E+00  0.000000E+00  0.000000E+00  0.914007E+07
  0.115402E-01  0.904564E+07  0.903345E+07  0.000000E+00  0.000000E+00  0.000000E+00  0.904376E+07
  0.119313E-01  0.894707E+07  0.893417E+07  0.000000E+00  0.000000E+00  0.000000E+00  0.894508E+07
  0.123357E-01  0.884611E+07  0.883247E+07  0.000000E+00  0.000000E+00  0.000000E+00  0.884401E+07
  0.127539E-01  0.874275E+07  0.872832E+07  0.000000E+00  0.000000E+00  0.000000E+00  0.874052E+07
  0.131862E-01  0.863696E+07  0.862170E+07  0.000000E+00  0.000000E+00  0.000000E+00  0.863460E+07
  0.136331E-01  0.852871E+07  0.851259E+07  0.000000E+00  0.000000E+00  0.000000E+00  0.852622E+07
  0.140952E-01  0.841800E+07  0.840098E+07  0.000000E+00  0.000000E+00  0.000000E+00  0.841537E+07
  0.145730E-01  0.830480E+07  0.828684E+07  0.000000E+00  0.000000E+00  0.000000E+00  0.830203E+07
  0.150669E-01  0.818911E+07  0.817018E+07  0.000000E+00  0.000000E+00  0.000000E+00  0.818619E+07
  0.155776E-01  0.807092E+07  0.805098E+07  0.000000E+00  0.000000E+00  0.000000E+00  0.806785E+07
  0.161056E-01  0.795024E+07  0.792925E+07  0.000000E+00  0.000000E+00  0.000000E+00  0.794700E+07
  0.166515E-01  0.782707E+07  0.780499E+07  0.000000E+00  0.000000E+00  0.000000E+00  0.782366E+07
  0.172159E-01  0.770143E+07  0.767822E+07  0.000000E+00  0.000000E+00  0.000000E+00  0.769785E+07
  0.177994E-01  0.757333E+07  0.754897E+07  0.000000E+00  0.000000E+00  0.000000E+00  0.756957E+07
  0.184028E-01  0.744282E+07  0.741727E+07  0.000000E+00  0.000000E+00  0.000000E+00  0.743888E+07
  0.190265E-01  0.730993E+07  0.728317E+07  0.000000E+00  0.000000E+00  0.000000E+00  0.730580E+07
  0.196714E-01  0.717472E+07  0.714672E+07  0.000000E+00  0.000000E+00  0.000000E+00  0.717040E+07
  0.203382E-01  0.703727E+07  0.700801E+07  0.000000E+00  0.000000E+00  0.000000E+00  0.703275E+07
  0.210276E-01  0.689765E+07  0.686712E+07  0.000000E+00  0.000000E+00  0.000000E+00  0.689294E+07
  0.217403E-01  0.675597E+07  0.672416E+07  0.000000E+00  0.000000E+00  0.000000E+00  0.675106E+07
  0.224772E-01  0.661236E+07  0.657926E+07  0.000000E+00  0.000000E+00  0.000000E+00  0.660725E+07
  0.232390E-01  0.646694E+07  0.643257E+07  0.000000E+00  0.000000E+00  0.000000E+00  0.646164E+07
  0.240267E-01  0.631989E+07  0.628426E+07  0.000000E+00  0.000000E+00  0.000000E+00  0.631439E+07
  0.248411E-01  0.617139E+07  0.613453E+07  0.000000E+00  0.000000E+00  0.000000E+00  0.616570E+07
  0.256831E-01  0.602165E+07  0.598360E+07  0.000000E+00  0.000000E+00  0.000000E+00  0.601578E+07
  0.265537E-01  0.587092E+07  0.583172E+07  0.000000E+00  0.000000E+00  0.000000E+00  0.586487E+07
  0.274537E-01  0.571947E+07  0.567918E+07  0.000000E+00  0.000000E+00  0.000000E+00  0.571325E+07
  0.283842E-01  0.556759E+07  0.552628E+07  0.000000E+00  0.000000E+00  0.000000E+00  0.556121E+07
  0.293463E-01  0.541560E+07  0.537338E+07  0.000000E+00  0.000000E+00  0.000000E+00  0.540909E+07
  0.303410E-01  0.526388E+07  0.522084E+07  0.000000E+00  0.000000E+00  0.000000E+00  0.525723E+07
  0.313694E-01  0.511279E+07  0.506907E+07  0.000000E+00  0.000000E+00  0.000000E+00  0.510604E+07
  0.324327E-01  0.496276E+07  0.491849E+07  0.000000E+00  0.000000E+00  0.000000E+00  0.495593E+07
  0.335320E-01  0.481422E+07  0.476956E+07  0.000000E+00  0.000000E+00  0.000000E+00  0.480733E+07
  0.346686E-01  0.466763E+07  0.462276E+07  0.000000E+00  0.000000E+00  0.000000E+00  0.466071E+07
  0.358437E-01  0.452346E+07  0.447856E+07  0.000000E+00  0.000000E+00  0.000000E+00  0.451653E+07
  0.370586E-01  0.438218E+07  0.433745E+07  0.000000E+00  0.000000E+00  0.000000E+00  0.437527E+07
  0.383147E-01  0.424358E+07  0.419925E+07  0.000000E+00  0.000000E+00  0.000000E+00  0.423674E+07
  0.396134E-01  0.410836E+07  0.406465E+07  0.000000E+00  0.000000E+00  0.000000E+00  0.410161E+07
  0.409561E-01  0.397736E+07  0.393451E+07  0.000000E+00  0.000000E+00  0.000000E+00  0.397075E+07
  0.423443E-01  0.385109E+07  0.380933E+07  0.000000E+00  0.000000E+00  0.000000E+00  0.384464E+07
  0.437796E-01  0.372992E+07  0.368949E+07  0.000000E+00  0.000000E+00  0.000000E+00  0.372368E+07
  0.452635E-01  0.361414E+07  0.357527E+07  0.000000E+00  0.000000E+00  0.000000E+00  0.360814E+07
  0.467977E-01  0.350384E+07  0.346673E+07  0.000000E+00  0.000000E+00  0.000000E+00  0.349811E+07
  0.483839E-01  0.339896E+07  0.336382E+07  0.000000E+00  0.000000E+00  0.000000E+00  0.339354E+07
  0.500239E-01  0.329930E+07  0.326629E+07  0.000000E+00  0.000000E+00  0.000000E+00  0.329421E+07
  0.517194E-01  0.320452E+07  0.317375E+07  0.000000E+00  0.000000E+00  0.000000E+00  0.319977E+07
  0.534725E-01  0.311415E+07  0.308572E+07  0.000000E+00  0.000000E+00  0.000000E+00  0.310976E+07
  0.552850E-01  0.302771E+07  0.300166E+07  0.000000E+00  0.000000E+00  0.000000E+00  0.302369E+07
  0.571588E-01  0.294475E+07  0.292104E+07  0.000000E+00  0.000000E+00  0.000000E+00  0.294109E+07
  0.590963E-01  0.286509E+07  0.284366E+07  0.000000E+00  0.000000E+00  0.000000E+00  0.286178E+07
  0.610993E-01  0.279010E+07  0.277081E+07  0.000000E+00  0.000000E+00  0.000000E+00  0.278713E+07
  0.631703E-01  0.271439E+07  0.269702E+07  0.000000E+00  0.000000E+00  0.000000E+00  0.271171E+07
  0.653114E-01  0.263905E+07  0.262336E+07  0.000000E+00  0.000000E+00  0.000000E+00  0.263663E+07
  0.675252E-01  0.256321E+07  0.254888E+07  0.000000E+00  0.000000E+00  0.000000E+00  0.256100E+07
  0.698139E-01  0.248605E+07  0.247273E+07  0.000000E+00  0.000000E+00  0.000000E+00  0.248399E+07
  0.721803E-01  0.240689E+07  0.239422E+07  0.000000E+00  0.000000E+00  0.000000E+00  0.240493E+07
  0.746268E-01  0.232531E+07  0.231293E+07  0.000000E+00  0.000000E+00  0.000000E+00  0.232340E+07
  0.771564E-01  0.224124E+07  0.222879E+07  0.000000E+00  0.000000E+00  0.000000E+00  0.223931E+07
  0.797716E-01  0.215494E+07  0.214213E+07  0.000000E+00  0.000000E+00  0.000000E+00  0.215296E+07
  0.824755E-01  0.206704E+07  0.205364E+07  0.000000E+00  0.000000E+00  0.000000E+00  0.206497E+07
  0.852709E-01  0.197848E+07  0.196434E+07  0.000000E+00  0.000000E+00  0.000000E+00  0.197630E+07
  0.881612E-01  0.189038E+07  0.187547E+07  0.000000E+00  0.000000E+00  0.000000E+00  0.188808E+07
  0.911495E-01  0.180405E+07  0.178844E+07  0.000000E+00  0.000000E+00  0.000000E+00  0.180164E+07
  0.942390E-01  0.172087E+07  0.170476E+07  0.000000E+00  0.000000E+00  0.000000E+00  0.171838E+07
  0.974333E-01  0.164228E+07  0.162595E+07  0.000000E+00  0.000000E+00  0.000000E+00  0.163976E+07
  0.100736E+00  0.156960E+07  0.155342E+07  0.000000E+00  0.000000E+00  0.000000E+00  0.156710E+07
  0.104150E+00  0.150379E+07  0.148815E+07  0.000000E+00  0.000000E+00  0.000000E+00  0.150137E+07
  0.107680E+00  0.144519E+07  0.143048E+07  0.000000E+00  0.000000E+00  0.000000E+00  0.144292E+07
  0.111330E+00  0.139340E+07  0.137993E+07  0.000000E+00  0.000000E+00  0.000000E+00  0.139132E+07
  0.115104E+00  0.134733E+07  0.133533E+07  0.000000E+00  0.000000E+00  0.000000E+00  0.134548E+07
  0.119005E+00  0.130541E+07  0.129493E+07  0.000000E+00  0.000000E+00  0.000000E+00  0.130379E+07
  0.123039E+00  0.126570E+07  0.125664E+07  0.000000E+00  0.000000E+00  0.000000E+00  0.126430E+07
  0.127209E+00  0.122602E+07  0.121813E+07  0.000000E+00  0.000000E+00  0.000000E+00  0.122480E+07
  0.131521E+00  0.118423E+07  0.117713E+07  0.000000E+00  0.000000E+00  0.000000E+00  0.118313E+07
  0.135979E+00  0.113878E+07  0.113206E+07  0.000000E+00  0.000000E+00  0.000000E+00  0.113775E+07
  0.140588E+00  0.108942E+07  0.108266E+07  0.000000E+00  0.000000E+00  0.000000E+00  0.108838E+07
  0.145353E+00  0.103728E+07  0.103018E+07  0.000000E+00  0.000000E+00  0.000000E+00  0.103618E+07
  0.150280E+00  0.984371E+06  0.976793E+06  0.000000E+00  0.000000E+00  0.000000E+00  0.983202E+06
  0.155374E+00  0.932878E+06  0.924870E+06  0.000000E+00  0.000000E+00  0.000000E+00  0.931642E+06
  0.160640E+00  0.884932E+06  0.876724E+06  0.000000E+00  0.000000E+00  0.000000E+00  0.883665E+06
  0.166085E+00  0.842482E+06  0.834420E+06  0.000000E+00  0.000000E+00  0.000000E+00  0.841238E+06
  0.171715E+00  0.806538E+06  0.798983E+06  0.000000E+00  0.000000E+00  0.000000E+00  0.805372E+06
  0.177535E+00  0.776333E+06  0.769557E+06  0.000000E+00  0.000000E+00  0.000000E+00  0.775287E+06
  0.183553E+00  0.749559E+06  0.743658E+06  0.000000E+00  0.000000E+00  0.000000E+00  0.748648E+06
  0.189774E+00  0.723532E+06  0.718401E+06  0.000000E+00  0.000000E+00  0.000000E+00  0.722740E+06
  0.196206E+00  0.696018E+06  0.691387E+06  0.000000E+00  0.000000E+00  0.000000E+00  0.695303E+06
  0.202857E+00  0.665696E+06  0.661234E+06  0.000000E+00  0.000000E+00  0.000000E+00  0.665007E+06
  0.209733E+00  0.632796E+06  0.628237E+06  0.000000E+00  0.000000E+00  0.000000E+00  0.632092E+06
  0.216842E+00  0.599184E+06  0.594426E+06  0.000000E+00  0.000000E+00  0.000000E+00  0.598450E+06
  0.224192E+00  0.567374E+06  0.562510E+06  0.000000E+00  0.000000E+00  0.000000E+00  0.566624E+06
  0.231791E+00  0.539398E+06  0.534650E+06  0.000000E+00  0.000000E+00  0.000000E+00  0.538666E+06
  0.239647E+00  0.515878E+06  0.511481E+06  0.000000E+00  0.000000E+00  0.000000E+00  0.515200E+06
  0.247770E+00  0.495541E+06  0.491614E+06  0.000000E+00  0.000000E+00  0.000000E+00  0.494935E+06
  0.256168E+00  0.476025E+06  0.472516E+06  0.000000E+00  0.000000E+00  0.000000E+00  0.475484E+06
  0.264851E+00  0.455425E+06  0.452154E+06  0.000000E+00  0.000000E+00  0.000000E+00  0.454920E+06
  0.273828E+00  0.433256E+06  0.430034E+06  0.000000E+00  0.000000E+00  0.000000E+00  0.432759E+06
  0.283110E+00  0.410601E+06  0.407349E+06  0.000000E+00  0.000000E+00  0.000000E+00  0.410099E+06
  0.292706E+00  0.389409E+06  0.386188E+06  0.000000E+00  0.000000E+00  0.000000E+00  0.388912E+06
  0.302627E+00  0.370868E+06  0.367811E+06  0.000000E+00  0.000000E+00  0.000000E+00  0.370396E+06
  0.312884E+00  0.354569E+06  0.351767E+06  0.000000E+00  0.000000E+00  0.000000E+00  0.354137E+06
  0.323490E+00  0.339134E+06  0.336564E+06  0.000000E+00  0.000000E+00  0.000000E+00  0.338737E+06
  0.334454E+00  0.323234E+06  0.320795E+06  0.000000E+00  0.000000E+00  0.000000E+00  0.322857E+06
  0.345791E+00  0.306898E+06  0.304509E+06  0.000000E+00  0.000000E+00  0.000000E+00  0.306529E+06
  0.357512E+00  0.291191E+06  0.288856E+06  0.000000E+00  0.000000E+00  0.000000E+00  0.290830E+06
  0.369629E+00  0.277000E+06  0.274782E+06  0.000000E+00  0.000000E+00  0.000000E+00  0.276658E+06
  0.382158E+00  0.264120E+06  0.262056E+06  0.000000E+00  0.000000E+00  0.000000E+00  0.263801E+06
  0.395111E+00  0.251679E+06  0.249744E+06  0.000000E+00  0.000000E+00  0.000000E+00  0.251380E+06
  0.408504E+00  0.239196E+06  0.237339E+06  0.000000E+00  0.000000E+00  0.000000E+00  0.238909E+06
  0.422350E+00  0.227058E+06  0.225265E+06  0.000000E+00  0.000000E+00  0.000000E+00  0.226781E+06
  0.436666E+00  0.215793E+06  0.214088E+06  0.000000E+00  0.000000E+00  0.000000E+00  0.215529E+06
  0.451466E+00  0.205348E+06  0.203746E+06  0.000000E+00  0.000000E+00  0.000000E+00  0.205100E+06
  0.466769E+00  0.195259E+06  0.193742E+06  0.000000E+00  0.000000E+00  0.000000E+00  0.195025E+06
  0.482590E+00  0.185406E+06  0.183955E+06  0.000000E+00  0.000000E+00  0.000000E+00  0.185182E+06
  0.498948E+00  0.176055E+06  0.174672E+06  0.000000E+00  0.000000E+00  0.000000E+00  0.175842E+06
  0.515859E+00  0.167295E+06  0.165986E+06  0.000000E+00  0.000000E+00  0.000000E+00  0.167093E+06
  0.533344E+00  0.158927E+06  0.157688E+06  0.000000E+00  0.000000E+00  0.000000E+00  0.158736E+06
  0.551422E+00  0.150862E+06  0.149682E+06  0.000000E+00  0.000000E+00  0.000000E+00  0.150680E+06
  0.570113E+00  0.143206E+06  0.142084E+06  0.000000E+00  0.000000E+00  0.000000E+00  0.143033E+06
  0.589437E+00  0.135963E+06  0.134901E+06  0.000000E+00  0.000000E+00  0.000000E+00  0.135800E+06
  0.609416E+00  0.129041E+06  0.128033E+06  0.000000E+00  0.000000E+00  0.000000E+00  0.128886E+06
  0.630072E+00  0.122435E+06  0.121477E+06  0.000000E+00  0.000000E+00  0.000000E+00  0.122287E+06
  0.651428E+00  0.116170E+06  0.115262E+06  0.000000E+00  0.000000E+00  0.000000E+00  0.116030E+06
  0.673509E+00  0.110209E+06  0.109347E+06  0.000000E+00  0.000000E+00  0.000000E+00  0.110076E+06
  0.696337E+00  0.104529E+06  0.103712E+06  0.000000E+00  0.000000E+00  0.000000E+00  0.104403E+06
  0.719940E+00  0.991339E+05  0.983592E+05  0.000000E+00  0.000000E+00  0.000000E+00  0.990144E+05
  0.744342E+00  0.940039E+05  0.932693E+05  0.000000E+00  0.000000E+00  0.000000E+00  0.938905E+05
  0.769572E+00  0.891249E+05  0.884284E+05  0.000000E+00  0.000000E+00  0.000000E+00  0.890174E+05
  0.795656E+00  0.844889E+05  0.838288E+05  0.000000E+00  0.000000E+00  0.000000E+00  0.843870E+05
  0.822625E+00  0.800820E+05  0.794563E+05  0.000000E+00  0.000000E+00  0.000000E+00  0.799854E+05
  0.850508E+00  0.758949E+05  0.753020E+05  0.000000E+00  0.000000E+00  0.000000E+00  0.758034E+05
  0.879336E+00  0.719170E+05  0.713552E+05  0.000000E+00  0.000000E+00  0.000000E+00  0.718303E+05
  0.909141E+00  0.681387E+05  0.676064E+05  0.000000E+00  0.000000E+00  0.000000E+00  0.680566E+05
  0.939957E+00  0.645516E+05  0.640473E+05  0.000000E+00  0.000000E+00  0.000000E+00  0.644737E+05
  0.971817E+00  0.611456E+05  0.606680E+05  0.000000E+00  0.000000E+00  0.000000E+00  0.610719E+05
  0.100476E+01  0.579120E+05  0.574596E+05  0.000000E+00  0.000000E+00  0.000000E+00  0.578422E+05
  0.103881E+01  0.548431E+05  0.544147E+05  0.000000E+00  0.000000E+00  0.000000E+00  0.547770E+05
  0.107402E+01  0.519298E+05  0.515242E+05  0.000000E+00  0.000000E+00  0.000000E+00  0.518672E+05
  0.111043E+01  0.491658E+05  0.487818E+05  0.000000E+00  0.000000E+00  0.000000E+00  0.491065E+05
  0.114807E+01  0.465431E+05  0.461796E+05  0.000000E+00  0.000000E+00  0.000000E+00  0.464870E+05
  0.118698E+01  0.440558E+05  0.437118E+05  0.000000E+00  0.000000E+00  0.000000E+00  0.440027E+05
  0.122721E+01  0.416969E+05  0.413713E+05  0.000000E+00  0.000000E+00  0.000000E+00  0.416467E+05
  0.126881E+01  0.394598E+05  0.391517E+05  0.000000E+00  0.000000E+00  0.000000E+00  0.394123E+05
  0.131182E+01  0.373387E+05  0.370471E+05  0.000000E+00  0.000000E+00  0.000000E+00  0.372937E+05
  0.135628E+01  0.353277E+05  0.350518E+05  0.000000E+00  0.000000E+00  0.000000E+00  0.352851E+05
  0.140225E+01  0.334214E+05  0.331605E+05  0.000000E+00  0.000000E+00  0.000000E+00  0.333812E+05
  0.144978E+01  0.316147E+05  0.313679E+05  0.000000E+00  0.000000E+00  0.000000E+00  0.315766E+05
  0.149892E+01  0.299027E+05  0.296692E+05  0.000000E+00  0.000000E+00  0.000000E+00  0.298667E+05
  0.154973E+01  0.282806E+05  0.280597E+05  0.000000E+00  0.000000E+00  0.000000E+00  0.282465E+05
  0.160226E+01  0.267437E+05  0.265349E+05  0.000000E+00  0.000000E+00  0.000000E+00  0.267115E+05
  0.165656E+01  0.252881E+05  0.250906E+05  0.000000E+00  0.000000E+00  0.000000E+00  0.252576E+05
  0.171271E+01  0.239092E+05  0.237226E+05  0.000000E+00  0.000000E+00  0.000000E+00  0.238804E+05
  0.177077E+01  0.226034E+05  0.224269E+05  0.000000E+00  0.000000E+00  0.000000E+00  0.225762E+05
  0.183079E+01  0.213668E+05  0.212000E+05  0.000000E+00  0.000000E+00  0.000000E+00  0.213411E+05
  0.189284E+01  0.201961E+05  0.200384E+05  0.000000E+00  0.000000E+00  0.000000E+00  0.201718E+05
  0.195700E+01  0.190878E+05  0.189388E+05  0.000000E+00  0.000000E+00  0.000000E+00  0.190648E+05
  0.202333E+01  0.180388E+05  0.178980E+05  0.000000E+00  0.000000E+00  0.000000E+00  0.180171E+05
  0.209191E+01  0.170459E+05  0.169128E+05  0.000000E+00  0.000000E+00  0.000000E+00  0.170254E+05
  0.216282E+01  0.161062E+05  0.159804E+05  0.000000E+00  0.000000E+00  0.000000E+00  0.160868E+05
  0.223613E+01  0.152170E+05  0.150982E+05  0.000000E+00  0.000000E+00  0.000000E+00  0.151986E+05
  0.231192E+01  0.143757E+05  0.142634E+05  0.000000E+00  0.000000E+00  0.000000E+00  0.143584E+05
  0.239028E+01  0.135798E+05  0.134738E+05  0.000000E+00  0.000000E+00  0.000000E+00  0.135634E+05
  0.247130E+01  0.128269E+05  0.127267E+05  0.000000E+00  0.000000E+00  0.000000E+00  0.128114E+05
  0.255507E+01  0.121147E+05  0.120201E+05  0.000000E+00  0.000000E+00  0.000000E+00  0.121001E+05
  0.264167E+01  0.114412E+05  0.113518E+05  0.000000E+00  0.000000E+00  0.000000E+00  0.114274E+05
  0.273121E+01  0.108043E+05  0.107199E+05  0.000000E+00  0.000000E+00  0.000000E+00  0.107913E+05
  0.282379E+01  0.102021E+05  0.101224E+05  0.000000E+00  0.000000E+00  0.000000E+00  0.101898E+05
  0.291950E+01  0.963265E+04  0.955743E+04  0.000000E+00  0.000000E+00  0.000000E+00  0.962104E+04
  0.301846E+01  0.909430E+04  0.902328E+04  0.000000E+00  0.000000E+00  0.000000E+00  0.908334E+04
  0.312077E+01  0.858542E+04  0.851837E+04  0.000000E+00  0.000000E+00  0.000000E+00  0.857507E+04
  0.322655E+01  0.810444E+04  0.804115E+04  0.000000E+00  0.000000E+00  0.000000E+00  0.809468E+04
  0.333591E+01  0.764986E+04  0.759011E+04  0.000000E+00  0.000000E+00  0.000000E+00  0.764064E+04
  0.344898E+01  0.722023E+04  0.716384E+04  0.000000E+00  0.000000E+00  0.000000E+00  0.721153E+04
  0.356588E+01  0.681427E+04  0.676104E+04  0.000000E+00  0.000000E+00  0.000000E+00  0.680605E+04
  0.368675E+01  0.643068E+04  0.638045E+04  0.000000E+00  0.000000E+00  0.000000E+00  0.642293E+04
  0.381172E+01  0.606828E+04  0.602087E+04  0.000000E+00  0.000000E+00  0.000000E+00  0.606096E+04
  0.394091E+01  0.572592E+04  0.568118E+04  0.000000E+00  0.000000E+00  0.000000E+00  0.571901E+04
  0.407449E+01  0.540249E+04  0.536028E+04  0.000000E+00  0.000000E+00  0.000000E+00  0.539597E+04
  0.421259E+01  0.509702E+04  0.505719E+04  0.000000E+00  0.000000E+00  0.000000E+00  0.509087E+04
  0.435538E+01  0.480851E+04  0.477093E+04  0.000000E+00  0.000000E+00  0.000000E+00  0.480271E+04
  0.450301E+01  0.453603E+04  0.450058E+04  0.000000E+00  0.000000E+00  0.000000E+00  0.453056E+04
  0.465564E+01  0.427872E+04  0.424528E+04  0.000000E+00  0.000000E+00  0.000000E+00  0.427356E+04
  0.481344E+01  0.403576E+04  0.400422E+04  0.000000E+00  0.000000E+00  0.000000E+00  0.403090E+04
  0.497659E+01  0.380637E+04  0.377661E+04  0.000000E+00  0.000000E+00  0.000000E+00  0.380178E+04
  0.514527E+01  0.358979E+04  0.356172E+04  0.000000E+00  0.000000E+00  0.000000E+00  0.358546E+04
  0.531968E+01  0.338533E+04  0.335886E+04  0.000000E+00  0.000000E+00  0.000000E+00  0.338125E+04
  0.549998E+01  0.319234E+04  0.316737E+04  0.000000E+00  0.000000E+00  0.000000E+00  0.318849E+04
  0.568641E+01  0.301017E+04  0.298662E+04  0.000000E+00  0.000000E+00  0.000000E+00  0.300653E+04
  0.587915E+01  0.283823E+04  0.281602E+04  0.000000E+00  0.000000E+00  0.000000E+00  0.283480E+04
  0.607843E+01  0.267596E+04  0.265501E+04  0.000000E+00  0.000000E+00  0.000000E+00  0.267272E+04
  0.628446E+01  0.252282E+04  0.250307E+04  0.000000E+00  0.000000E+00  0.000000E+00  0.251977E+04
  0.649747E+01  0.237832E+04  0.235970E+04  0.000000E+00  0.000000E+00  0.000000E+00  0.237545E+04
  0.671770E+01  0.224197E+04  0.222441E+04  0.000000E+00  0.000000E+00  0.000000E+00  0.223926E+04
  0.694539E+01  0.211333E+04  0.209677E+04  0.000000E+00  0.000000E+00  0.000000E+00  0.211077E+04
  0.718081E+01  0.199196E+04  0.197635E+04  0.000000E+00  0.000000E+00  0.000000E+00  0.198955E+04
  0.742420E+01  0.187746E+04  0.186274E+04  0.000000E+00  0.000000E+00  0.000000E+00  0.187519E+04
  0.767585E+01  0.176945E+04  0.175558E+04  0.000000E+00  0.000000E+00  0.000000E+00  0.176731E+04
  0.793602E+01  0.166757E+04  0.165449E+04  0.000000E+00  0.000000E+00  0.000000E+00  0.166555E+04
  0.820502E+01  0.157147E+04  0.155914E+04  0.000000E+00  0.000000E+00  0.000000E+00  0.156957E+04
  0.848312E+01  0.148084E+04  0.146922E+04  0.000000E+00  0.000000E+00  0.000000E+00  0.147905E+04
  0.877066E+01  0.139537E+04  0.138441E+04  0.000000E+00  0.000000E+00  0.000000E+00  0.139368E+04
  0.906794E+01  0.131477E+04  0.130444E+04  0.000000E+00  0.000000E+00  0.000000E+00  0.131317E+04
  0.937530E+01  0.123876E+04  0.122902E+04  0.000000E+00  0.000000E+00  0.000000E+00  0.123726E+04
  0.969308E+01  0.116709E+04  0.115791E+04  0.000000E+00  0.000000E+00  0.000000E+00  0.116567E+04
  0.100216E+02  0.109951E+04  0.109086E+04  0.000000E+00  0.000000E+00  0.000000E+00  0.109818E+04
  0.103613E+02  0.103580E+04  0.102765E+04  0.000000E+00  0.000000E+00  0.000000E+00  0.103454E+04
  0.107125E+02  0.975738E+03  0.968050E+03  0.000000E+00  0.000000E+00  0.000000E+00  0.974551E+03
  0.110756E+02  0.919114E+03  0.911868E+03  0.000000E+00  0.000000E+00  0.000000E+00  0.917996E+03
  0.114510E+02  0.865738E+03  0.858907E+03  0.000000E+00  0.000000E+00  0.000000E+00  0.864684E+03
  0.118392E+02  0.815425E+03  0.808986E+03  0.000000E+00  0.000000E+00  0.000000E+00  0.814432E+03
  0.122404E+02  0.768003E+03  0.761933E+03  0.000000E+00  0.000000E+00  0.000000E+00  0.767066E+03
  0.126553E+02  0.723307E+03  0.717585E+03  0.000000E+00  0.000000E+00  0.000000E+00  0.722424E+03
  0.130843E+02  0.681183E+03  0.675789E+03  0.000000E+00  0.000000E+00  0.000000E+00  0.680351E+03
  0.135278E+02  0.641484E+03  0.636399E+03  0.000000E+00  0.000000E+00  0.000000E+00  0.640699E+03
  0.139863E+02  0.604074E+03  0.599281E+03  0.000000E+00  0.000000E+00  0.000000E+00  0.603334E+03
  0.144604E+02  0.568821E+03  0.564302E+03  0.000000E+00  0.000000E+00  0.000000E+00  0.568123E+03
  0.149505E+02  0.535604E+03  0.531344E+03  0.000000E+00  0.000000E+00  0.000000E+00  0.534947E+03
  0.154573E+02  0.504305E+03  0.500289E+03  0.000000E+00  0.000000E+00  0.000000E+00  0.503686E+03
  0.159812E+02  0.474817E+03  0.471029E+03  0.000000E+00  0.000000E+00  0.000000E+00  0.474232E+03
  0.165229E+02  0.447035E+03  0.443464E+03  0.000000E+00  0.000000E+00  0.000000E+00  0.446484E+03
  0.170829E+02  0.420862E+03  0.417494E+03  0.000000E+00  0.000000E+00  0.000000E+00  0.420342E+03
  0.176619E+02  0.396206E+03  0.393030E+03  0.000000E+00  0.000000E+00  0.000000E+00  0.395716E+03
  0.182606E+02  0.372979E+03  0.369984E+03  0.000000E+00  0.000000E+00  0.000000E+00  0.372517E+03
  0.188795E+02  0.351101E+03  0.348276E+03  0.000000E+00  0.000000E+00  0.000000E+00  0.350665E+03
  0.195195E+02  0.330493E+03  0.327828E+03  0.000000E+00  0.000000E+00  0.000000E+00  0.330082E+03
  0.201811E+02  0.311084E+03  0.308569E+03  0.000000E+00  0.000000E+00  0.000000E+00  0.310696E+03
  0.208651E+02  0.292803E+03  0.290430E+03  0.000000E+00  0.000000E+00  0.000000E+00  0.292437E+03
  0.215723E+02  0.275586E+03  0.273348E+03  0.000000E+00  0.000000E+00  0.000000E+00  0.275241E+03
  0.223035E+02  0.259372E+03  0.257259E+03  0.000000E+00  0.000000E+00  0.000000E+00  0.259046E+03
  0.230595E+02  0.244103E+03  0.242109E+03  0.000000E+00  0.000000E+00  0.000000E+00  0.243796E+03
  0.238411E+02  0.229725E+03  0.227842E+03  0.000000E+00  0.000000E+00  0.000000E+00  0.229434E+03
  0.246492E+02  0.216186E+03  0.214408E+03  0.000000E+00  0.000000E+00  0.000000E+00  0.215911E+03
  0.254847E+02  0.203437E+03  0.201758E+03  0.000000E+00  0.000000E+00  0.000000E+00  0.203178E+03
  0.263485E+02  0.191433E+03  0.189848E+03  0.000000E+00  0.000000E+00  0.000000E+00  0.191189E+03
  0.272416E+02  0.180132E+03  0.178634E+03  0.000000E+00  0.000000E+00  0.000000E+00  0.179901E+03
  0.281650E+02  0.169491E+03  0.168076E+03  0.000000E+00  0.000000E+00  0.000000E+00  0.169273E+03
  0.291196E+02  0.159474E+03  0.158136E+03  0.000000E+00  0.000000E+00  0.000000E+00  0.159268E+03
  0.301066E+02  0.150044E+03  0.148778E+03  0.000000E+00  0.000000E+00  0.000000E+00  0.149848E+03
  0.311271E+02  0.141166E+03  0.139970E+03  0.000000E+00  0.000000E+00  0.000000E+00  0.140981E+03
  0.321822E+02  0.132809E+03  0.131677E+03  0.000000E+00  0.000000E+00  0.000000E+00  0.132634E+03
  0.332730E+02  0.124943E+03  0.123872E+03  0.000000E+00  0.000000E+00  0.000000E+00  0.124777E+03
  0.344008E+02  0.117538E+03  0.116524E+03  0.000000E+00  0.000000E+00  0.000000E+00  0.117382E+03
  0.355668E+02  0.110569E+03  0.109609E+03  0.000000E+00  0.000000E+00  0.000000E+00  0.110421E+03
  0.367723E+02  0.104009E+03  0.103100E+03  0.000000E+00  0.000000E+00  0.000000E+00  0.103869E+03
  0.380187E+02  0.978352E+02  0.969735E+02  0.000000E+00  0.000000E+00  0.000000E+00  0.977023E+02
  0.393074E+02  0.920248E+02  0.912078E+02  0.000000E+00  0.000000E+00  0.000000E+00  0.918987E+02
  0.406397E+02  0.865566E+02  0.857818E+02  0.000000E+00  0.000000E+00  0.000000E+00  0.864370E+02
  0.420172E+02  0.814105E+02  0.806753E+02  0.000000E+00  0.000000E+00  0.000000E+00  0.812971E+02
  0.434414E+02  0.765678E+02  0.758698E+02  0.000000E+00  0.000000E+00  0.000000E+00  0.764601E+02
  0.449138E+02  0.720109E+02  0.713479E+02  0.000000E+00  0.000000E+00  0.000000E+00  0.719086E+02
  0.464362E+02  0.677228E+02  0.670928E+02  0.000000E+00  0.000000E+00  0.000000E+00  0.676256E+02
  0.480101E+02  0.636881E+02  0.630889E+02  0.000000E+00  0.000000E+00  0.000000E+00  0.635956E+02
  0.496375E+02  0.598915E+02  0.593215E+02  0.000000E+00  0.000000E+00  0.000000E+00  0.598036E+02
  0.513199E+02  0.563195E+02  0.557768E+02  0.000000E+00  0.000000E+00  0.000000E+00  0.562358E+02
  0.530594E+02  0.529587E+02  0.524417E+02  0.000000E+00  0.000000E+00  0.000000E+00  0.528789E+02
  0.548579E+02  0.497968E+02  0.493039E+02  0.000000E+00  0.000000E+00  0.000000E+00  0.497207E+02
  0.567173E+02  0.468219E+02  0.463518E+02  0.000000E+00  0.000000E+00  0.000000E+00  0.467494E+02
  0.586397E+02  0.440234E+02  0.435745E+02  0.000000E+00  0.000000E+00  0.000000E+00  0.439541E+02
  0.606273E+02  0.413906E+02  0.409618E+02  0.000000E+00  0.000000E+00  0.000000E+00  0.413244E+02
  0.626823E+02  0.389139E+02  0.385039E+02  0.000000E+00  0.000000E+00  0.000000E+00  0.388506E+02
  0.648069E+02  0.365841E+02  0.361917E+02  0.000000E+00  0.000000E+00  0.000000E+00  0.365235E+02
  0.670036E+02  0.343925E+02  0.340168E+02  0.000000E+00  0.000000E+00  0.000000E+00  0.343345E+02
  0.692747E+02  0.323310E+02  0.319709E+02  0.000000E+00  0.000000E+00  0.000000E+00  0.322755E+02
  0.716227E+02  0.303920E+02  0.300465E+02  0.000000E+00  0.000000E+00  0.000000E+00  0.303387E+02
  0.740504E+02  0.285682E+02  0.282365E+02  0.000000E+00  0.000000E+00  0.000000E+00  0.285170E+02
  0.765604E+02  0.268528E+02  0.265339E+02  0.000000E+00  0.000000E+00  0.000000E+00  0.268036E+02
  0.791553E+02  0.252394E+02  0.249327E+02  0.000000E+00  0.000000E+00  0.000000E+00  0.251921E+02
  0.818384E+02  0.237220E+02  0.234267E+02  0.000000E+00  0.000000E+00  0.000000E+00  0.236764E+02
  0.846122E+02  0.222949E+02  0.220103E+02  0.000000E+00  0.000000E+00  0.000000E+00  0.222510E+02
  0.874802E+02  0.209528E+02  0.206782E+02  0.000000E+00  0.000000E+00  0.000000E+00  0.209104E+02
  0.904453E+02  0.196907E+02  0.194255E+02  0.000000E+00  0.000000E+00  0.000000E+00  0.196497E+02
  0.935109E+02  0.185037E+02  0.182474E+02  0.000000E+00  0.000000E+00  0.000000E+00  0.184642E+02
  0.966806E+02  0.173875E+02  0.171395E+02  0.000000E+00  0.000000E+00  0.000000E+00  0.173493E+02
  0.999576E+02  0.163380E+02  0.160977E+02  0.000000E+00  0.000000E+00  0.000000E+00  0.163009E+02
  0.103346E+03  0.153510E+02  0.151181E+02  0.000000E+00  0.000000E+00  0.000000E+00  0.153151E+02
  0.106849E+03  0.144229E+02  0.141968E+02  0.000000E+00  0.000000E+00  0.000000E+00  0.143880E+02
  0.110470E+03  0.135503E+02  0.133307E+02  0.000000E+00  0.000000E+00  0.000000E+00  0.135164E+02
  0.114215E+03  0.127299E+02  0.125163E+02  0.000000E+00  0.000000E+00  0.000000E+00  0.126969E+02
  0.118086E+03  0.119584E+02  0.117505E+02  0.000000E+00  0.000000E+00  0.000000E+00  0.119263E+02
  0.122089E+03  0.112331E+02  0.110305E+02  0.000000E+00  0.000000E+00  0.000000E+00  0.112018E+02
  0.126227E+03  0.105511E+02  0.103536E+02  0.000000E+00  0.000000E+00  0.000000E+00  0.105207E+02
  0.130505E+03  0.991003E+01  0.971717E+01  0.000000E+00  0.000000E+00  0.000000E+00  0.988026E+01
  0.134928E+03  0.930729E+01  0.911886E+01  0.000000E+00  0.000000E+00  0.000000E+00  0.927821E+01
  0.139502E+03  0.874061E+01  0.855636E+01  0.000000E+00  0.000000E+00  0.000000E+00  0.871218E+01
  0.144230E+03  0.820792E+01  0.802759E+01  0.000000E+00  0.000000E+00  0.000000E+00  0.818009E+01
  0.149119E+03  0.770716E+01  0.753053E+01  0.000000E+00  0.000000E+00  0.000000E+00  0.767990E+01
  0.154173E+03  0.723643E+01  0.706329E+01  0.000000E+00  0.000000E+00  0.000000E+00  0.720971E+01
  0.159399E+03  0.679391E+01  0.662406E+01  0.000000E+00  0.000000E+00  0.000000E+00  0.676770E+01
  0.164802E+03  0.637797E+01  0.621124E+01  0.000000E+00  0.000000E+00  0.000000E+00  0.635224E+01
  0.170388E+03  0.598701E+01  0.582323E+01  0.000000E+00  0.000000E+00  0.000000E+00  0.596174E+01
  0.176164E+03  0.561952E+01  0.545853E+01  0.000000E+00  0.000000E+00  0.000000E+00  0.559467E+01
  0.182135E+03  0.527413E+01  0.511580E+01  0.000000E+00  0.000000E+00  0.000000E+00  0.524970E+01
  0.188308E+03  0.494952E+01  0.479372E+01  0.000000E+00  0.000000E+00  0.000000E+00  0.492547E+01
  0.194691E+03  0.464443E+01  0.449104E+01  0.000000E+00  0.000000E+00  0.000000E+00  0.462076E+01
  0.201290E+03  0.435770E+01  0.420662E+01  0.000000E+00  0.000000E+00  0.000000E+00  0.433438E+01
