  0.108800E-04  0.340315E+06  0.340315E+06  0.453750E+06  0.453750E+06  0.000000E+00  0.340315E+06
  0.112487E-04  0.340315E+06  0.340315E+06  0.453750E+06  0.453749E+06  0.000000E+00  0.340315E+06
  0.116300E-04  0.340315E+06  0.340315E+06  0.453749E+06  0.453749E+06  0.000000E+00  0.340315E+06
  0.120242E-04  0.340315E+06  0.340315E+06  0.453749E+06  0.453749E+06  0.000000E+00  0.340315E+06
  0.124318E-04  0.340315E+06  0.340315E+06  0.453749E+06  0.453749E+06  0.000000E+00  0.340315E+06
  0.128531E-04  0.340315E+06  0.340315E+06  0.453749E+06  0.453748E+06  0.000000E+00  0.340315E+06
  0.132888E-04  0.340315E+06  0.340315E+06  0.453748E+06  0.453748E+06  0.000000E+00  0.340315E+06
  0.137392E-04  0.340315E+06  0.340315E+06  0.453748E+06  0.453748E+06  0.000000E+00  0.340315E+06
  0.142049E-04  0.340315E+06  0.340315E+06  0.453748E+06  0.453747E+06  0.000000E+00  0.340315E+06
  0.146864E-04  0.340315E+06  0.340315E+06  0.453747E+06  0.453747E+06  0.000000E+00  0.340315E+06
  0.151842E-04  0.340315E+06  0.340315E+06  0.453747E+06  0.453746E+06  0.000000E+00  0.340315E+06
  0.156989E-04  0.340315E+06  0.340315E+06  0.453746E+06  0.453746E+06  0.000000E+00  0.340315E+06
  0.162310E-04  0.340315E+06  0.340315E+06  0.453746E+06  0.453745E+06  0.000000E+00  0.340315E+06
  0.167811E-04  0.340315E+06  0.340315E+06  0.453745E+06  0.453745E+06  0.000000E+00  0.340315E+06
  0.173499E-04  0.340315E+06  0.340315E+06  0.453745E+06  0.453744E+06  0.000000E+00  0.340315E+06
  0.179380E-04  0.340315E+06  0.340315E+06  0.453744E+06  0.453744E+06  0.000000E+00  0.340315E+06
  0.185460E-04  0.340315E+06  0.340315E+06  0.453744E+06  0.453743E+06  0.000000E+00  0.340315E+06
  0.191746E-04  0.340315E+06  0.340314E+06  0.453743E+06  0.453742E+06  0.000000E+00  0.340315E+06
  0.198246E-04  0.340315E+06  0.340314E+06  0.453742E+06  0.453741E+06  0.000000E+00  0.340315E+06
  0.204965E-04  0.340314E+06  0.340314E+06  0.453741E+06  0.453741E+06  0.000000E+00  0.340314E+06
  0.211913E-04  0.340314E+06  0.340314E+06  0.453741E+06  0.453740E+06  0.000000E+00  0.340314E+06
  0.219095E-04  0.340314E+06  0.340314E+06  0.453740E+06  0.453739E+06  0.000000E+00  0.340314E+06
  0.226522E-04  0.340314E+06  0.340314E+06  0.453739E+06  0.453738E+06  0.000000E+00  0.340314E+06
  0.234200E-04  0.340314E+06  0.340314E+06  0.453738E+06  0.453737E+06  0.000000E+00  0.340314E+06
  0.242138E-04  0.340314E+06  0.340314E+06  0.453737E+06  0.453736E+06  0.000000E+00  0.340314E+06
  0.250345E-04  0.340314E+06  0.340314E+06  0.453736E+06  0.453734E+06  0.000000E+00  0.340314E+06
  0.258831E-04  0.340314E+06  0.340314E+06  0.453734E+06  0.453733E+06  0.000000E+00  0.340314E+06
  0.267604E-04  0.340314E+06  0.340314E+06  0.453733E+06  0.453732E+06  0.000000E+00  0.340314E+06
  0.276674E-04  0.340314E+06  0.340314E+06  0.453732E+06  0.453730E+06  0.000000E+00  0.340314E+06
  0.286052E-04  0.340314E+06  0.340314E+06  0.453730E+06  0.453729E+06  0.000000E+00  0.340314E+06
  0.295748E-04  0.340314E+06  0.340314E+06  0.453729E+06  0.453727E+06  0.000000E+00  0.340314E+06
  0.305772E-04  0.340314E+06  0.340314E+06  0.453727E+06  0.453725E+06  0.000000E+00  0.340314E+06
  0.316136E-04  0.340314E+06  0.340314E+06  0.453725E+06  0.453723E+06  0.000000E+00  0.340314E+06
  0.326852E-04  0.340314E+06  0.340314E+06  0.453723E+06  0.453721E+06  0.000000E+00  0.340314E+06
  0.337931E-04  0.340314E+06  0.340314E+06  0.453721E+06  0.453719E+06  0.000000E+00  0.340314E+06
  0.349385E-04  0.340314E+06  0.340314E+06  0.453719E+06  0.453717E+06  0.000000E+00  0.340314E+06
  0.361227E-04  0.340314E+06  0.340313E+06  0.453716E+06  0.453714E+06  0.000000E+00  0.340314E+06
  0.373471E-04  0.340314E+06  0.340313E+06  0.453714E+06  0.453711E+06  0.000000E+00  0.340314E+06
  0.386130E-04  0.340313E+06  0.340313E+06  0.453711E+06  0.453708E+06  0.000000E+00  0.340313E+06
  0.399218E-04  0.340313E+06  0.340313E+06  0.453708E+06  0.453705E+06  0.000000E+00  0.340313E+06
  0.412749E-04  0.340313E+06  0.340313E+06  0.453705E+06  0.453702E+06  0.000000E+00  0.340313E+06
  0.426740E-04  0.340313E+06  0.340313E+06  0.453702E+06  0.453699E+06  0.000000E+00  0.340313E+06
  0.441204E-04  0.340313E+06  0.340313E+06  0.453698E+06  0.453695E+06  0.000000E+00  0.340313E+06
  0.456159E-04  0.340313E+06  0.340312E+06  0.453695E+06  0.453691E+06  0.000000E+00  0.340313E+06
  0.471620E-04  0.340313E+06  0.340312E+06  0.453691E+06  0.453686E+06  0.000000E+00  0.340313E+06
  0.487606E-04  0.340313E+06  0.340312E+06  0.453686E+06  0.453682E+06  0.000000E+00  0.340313E+06
  0.504133E-04  0.340312E+06  0.340312E+06  0.453682E+06  0.453677E+06  0.000000E+00  0.340312E+06
  0.521221E-04  0.340312E+06  0.340312E+06  0.453677E+06  0.453672E+06  0.000000E+00  0.340312E+06
  0.538888E-04  0.340312E+06  0.340312E+06  0.453671E+06  0.453666E+06  0.000000E+00  0.340312E+06
  0.557153E-04  0.340312E+06  0.340311E+06  0.453666E+06  0.453660E+06  0.000000E+00  0.340312E+06
  0.576038E-04  0.340312E+06  0.340311E+06  0.453660E+06  0.453654E+06  0.000000E+00  0.340312E+06
  0.595563E-04  0.340311E+06  0.340311E+06  0.453653E+06  0.453647E+06  0.000000E+00  0.340311E+06
  0.615750E-04  0.340311E+06  0.340311E+06  0.453646E+06  0.453639E+06  0.000000E+00  0.340311E+06
  0.636621E-04  0.340311E+06  0.340310E+06  0.453639E+06  0.453632E+06  0.000000E+00  0.340311E+06
  0.658199E-04  0.340311E+06  0.340310E+06  0.453631E+06  0.453623E+06  0.000000E+00  0.340311E+06
  0.680509E-04  0.340310E+06  0.340310E+06  0.453623E+06  0.453614E+06  0.000000E+00  0.340310E+06
  0.703575E-04  0.340310E+06  0.340309E+06  0.453614E+06  0.453605E+06  0.000000E+00  0.340310E+06
  0.727422E-04  0.340310E+06  0.340309E+06  0.453604E+06  0.453594E+06  0.000000E+00  0.340310E+06
  0.752079E-04  0.340309E+06  0.340308E+06  0.453594E+06  0.453583E+06  0.000000E+00  0.340309E+06
  0.777570E-04  0.340309E+06  0.340308E+06  0.453583E+06  0.453572E+06  0.000000E+00  0.340309E+06
  0.803926E-04  0.340308E+06  0.340307E+06  0.453571E+06  0.453559E+06  0.000000E+00  0.340308E+06
  0.831175E-04  0.340308E+06  0.340307E+06  0.453559E+06  0.453546E+06  0.000000E+00  0.340308E+06
  0.859348E-04  0.340308E+06  0.340306E+06  0.453545E+06  0.453531E+06  0.000000E+00  0.340308E+06
  0.888476E-04  0.340307E+06  0.340306E+06  0.453531E+06  0.453516E+06  0.000000E+00  0.340307E+06
  0.918591E-04  0.340306E+06  0.340305E+06  0.453515E+06  0.453500E+06  0.000000E+00  0.340306E+06
  0.949726E-04  0.340306E+06  0.340304E+06  0.453499E+06  0.453482E+06  0.000000E+00  0.340306E+06
  0.981917E-04  0.340305E+06  0.340304E+06  0.453482E+06  0.453464E+06  0.000000E+00  0.340305E+06
  0.101520E-03  0.340305E+06  0.340303E+06  0.453463E+06  0.453444E+06  0.000000E+00  0.340305E+06
  0.104961E-03  0.340304E+06  0.340302E+06  0.453443E+06  0.453422E+06  0.000000E+00  0.340304E+06
  0.108519E-03  0.340303E+06  0.340301E+06  0.453421E+06  0.453400E+06  0.000000E+00  0.340303E+06
  0.112197E-03  0.340302E+06  0.340300E+06  0.453399E+06  0.453375E+06  0.000000E+00  0.340302E+06
  0.116000E-03  0.340302E+06  0.340299E+06  0.453374E+06  0.453349E+06  0.000000E+00  0.340301E+06
  0.119932E-03  0.340301E+06  0.340298E+06  0.453348E+06  0.453321E+06  0.000000E+00  0.340301E+06
  0.123997E-03  0.340300E+06  0.340297E+06  0.453320E+06  0.453292E+06  0.000000E+00  0.340300E+06
  0.128200E-03  0.340299E+06  0.340296E+06  0.453290E+06  0.453260E+06  0.000000E+00  0.340298E+06
  0.132545E-03  0.340297E+06  0.340295E+06  0.453258E+06  0.453226E+06  0.000000E+00  0.340297E+06
  0.137038E-03  0.340296E+06  0.340293E+06  0.453224E+06  0.453190E+06  0.000000E+00  0.340296E+06
  0.141683E-03  0.340295E+06  0.340292E+06  0.453188E+06  0.453151E+06  0.000000E+00  0.340295E+06
  0.146485E-03  0.340294E+06  0.340290E+06  0.453149E+06  0.453109E+06  0.000000E+00  0.340293E+06
  0.151450E-03  0.340292E+06  0.340288E+06  0.453107E+06  0.453065E+06  0.000000E+00  0.340292E+06
  0.156583E-03  0.340290E+06  0.340286E+06  0.453063E+06  0.453017E+06  0.000000E+00  0.340290E+06
  0.161891E-03  0.340289E+06  0.340285E+06  0.453015E+06  0.452967E+06  0.000000E+00  0.340289E+06
  0.167378E-03  0.340287E+06  0.340282E+06  0.452964E+06  0.452912E+06  0.000000E+00  0.340287E+06
  0.173051E-03  0.340285E+06  0.340280E+06  0.452910E+06  0.452855E+06  0.000000E+00  0.340285E+06
  0.178917E-03  0.340283E+06  0.340278E+06  0.452852E+06  0.452793E+06  0.000000E+00  0.340283E+06
  0.184981E-03  0.340281E+06  0.340275E+06  0.452790E+06  0.452727E+06  0.000000E+00  0.340281E+06
  0.191251E-03  0.340278E+06  0.340273E+06  0.452723E+06  0.452656E+06  0.000000E+00  0.340278E+06
  0.197734E-03  0.340276E+06  0.340270E+06  0.452652E+06  0.452580E+06  0.000000E+00  0.340276E+06
  0.204436E-03  0.340273E+06  0.340266E+06  0.452577E+06  0.452500E+06  0.000000E+00  0.340273E+06
  0.211366E-03  0.340270E+06  0.340263E+06  0.452496E+06  0.452413E+06  0.000000E+00  0.340270E+06
  0.218530E-03  0.340267E+06  0.340260E+06  0.452409E+06  0.452321E+06  0.000000E+00  0.340267E+06
  0.225937E-03  0.340264E+06  0.340256E+06  0.452317E+06  0.452222E+06  0.000000E+00  0.340264E+06
  0.233595E-03  0.340261E+06  0.340252E+06  0.452218E+06  0.452117E+06  0.000000E+00  0.340260E+06
  0.241513E-03  0.340257E+06  0.340247E+06  0.452112E+06  0.452004E+06  0.000000E+00  0.340257E+06
  0.249699E-03  0.340253E+06  0.340243E+06  0.451999E+06  0.451884E+06  0.000000E+00  0.340253E+06
  0.258162E-03  0.340249E+06  0.340238E+06  0.451878E+06  0.451755E+06  0.000000E+00  0.340248E+06
  0.266913E-03  0.340244E+06  0.340232E+06  0.451749E+06  0.451618E+06  0.000000E+00  0.340244E+06
  0.275960E-03  0.340239E+06  0.340227E+06  0.451612E+06  0.451471E+06  0.000000E+00  0.340239E+06
  0.285314E-03  0.340234E+06  0.340221E+06  0.451464E+06  0.451314E+06  0.000000E+00  0.340233E+06
  0.294984E-03  0.340228E+06  0.340214E+06  0.451307E+06  0.451147E+06  0.000000E+00  0.340228E+06
  0.304983E-03  0.340222E+06  0.340207E+06  0.451139E+06  0.450967E+06  0.000000E+00  0.340222E+06
  0.315320E-03  0.340216E+06  0.340200E+06  0.450959E+06  0.450776E+06  0.000000E+00  0.340215E+06
  0.326008E-03  0.340209E+06  0.340192E+06  0.450767E+06  0.450571E+06  0.000000E+00  0.340209E+06
  0.337058E-03  0.340202E+06  0.340183E+06  0.450561E+06  0.450353E+06  0.000000E+00  0.340201E+06
  0.348483E-03  0.340194E+06  0.340174E+06  0.450342E+06  0.450119E+06  0.000000E+00  0.340193E+06
  0.360295E-03  0.340186E+06  0.340165E+06  0.450108E+06  0.449869E+06  0.000000E+00  0.340185E+06
  0.372507E-03  0.340177E+06  0.340154E+06  0.449857E+06  0.449603E+06  0.000000E+00  0.340176E+06
  0.385133E-03  0.340167E+06  0.340143E+06  0.449590E+06  0.449318E+06  0.000000E+00  0.340167E+06
  0.398187E-03  0.340157E+06  0.340131E+06  0.449304E+06  0.449014E+06  0.000000E+00  0.340156E+06
  0.411684E-03  0.340146E+06  0.340119E+06  0.448999E+06  0.448689E+06  0.000000E+00  0.340145E+06
  0.425638E-03  0.340135E+06  0.340105E+06  0.448673E+06  0.448341E+06  0.000000E+00  0.340134E+06
  0.440065E-03  0.340122E+06  0.340091E+06  0.448324E+06  0.447970E+06  0.000000E+00  0.340121E+06
  0.454981E-03  0.340109E+06  0.340075E+06  0.447952E+06  0.447574E+06  0.000000E+00  0.340108E+06
  0.470403E-03  0.340095E+06  0.340059E+06  0.447555E+06  0.447151E+06  0.000000E+00  0.340094E+06
  0.486347E-03  0.340080E+06  0.340041E+06  0.447130E+06  0.446699E+06  0.000000E+00  0.340078E+06
  0.502832E-03  0.340064E+06  0.340022E+06  0.446677E+06  0.446217E+06  0.000000E+00  0.340062E+06
  0.519875E-03  0.340046E+06  0.340002E+06  0.446193E+06  0.445701E+06  0.000000E+00  0.340045E+06
  0.537497E-03  0.340028E+06  0.339981E+06  0.445676E+06  0.445151E+06  0.000000E+00  0.340026E+06
  0.555715E-03  0.340008E+06  0.339958E+06  0.445123E+06  0.444563E+06  0.000000E+00  0.340006E+06
  0.574551E-03  0.339987E+06  0.339933E+06  0.444534E+06  0.443936E+06  0.000000E+00  0.339985E+06
  0.594026E-03  0.339964E+06  0.339907E+06  0.443904E+06  0.443267E+06  0.000000E+00  0.339963E+06
  0.614160E-03  0.339940E+06  0.339879E+06  0.443233E+06  0.442552E+06  0.000000E+00  0.339938E+06
  0.634977E-03  0.339914E+06  0.339849E+06  0.442515E+06  0.441789E+06  0.000000E+00  0.339912E+06
  0.656500E-03  0.339887E+06  0.339817E+06  0.441750E+06  0.440975E+06  0.000000E+00  0.339885E+06
  0.678752E-03  0.339858E+06  0.339782E+06  0.440933E+06  0.440106E+06  0.000000E+00  0.339855E+06
  0.701758E-03  0.339826E+06  0.339746E+06  0.440061E+06  0.439179E+06  0.000000E+00  0.339824E+06
  0.725544E-03  0.339793E+06  0.339707E+06  0.439130E+06  0.438190E+06  0.000000E+00  0.339790E+06
  0.750137E-03  0.339757E+06  0.339665E+06  0.438138E+06  0.437136E+06  0.000000E+00  0.339754E+06
  0.775563E-03  0.339718E+06  0.339620E+06  0.437079E+06  0.436011E+06  0.000000E+00  0.339715E+06
  0.801851E-03  0.339678E+06  0.339573E+06  0.435950E+06  0.434811E+06  0.000000E+00  0.339674E+06
  0.829029E-03  0.339634E+06  0.339522E+06  0.434746E+06  0.433532E+06  0.000000E+00  0.339630E+06
  0.857129E-03  0.339587E+06  0.339467E+06  0.433462E+06  0.432169E+06  0.000000E+00  0.339583E+06
  0.886182E-03  0.339537E+06  0.339409E+06  0.432093E+06  0.430716E+06  0.000000E+00  0.339533E+06
  0.916219E-03  0.339484E+06  0.339347E+06  0.430634E+06  0.429167E+06  0.000000E+00  0.339480E+06
  0.947274E-03  0.339427E+06  0.339281E+06  0.429079E+06  0.427518E+06  0.000000E+00  0.339422E+06
  0.979383E-03  0.339366E+06  0.339210E+06  0.427423E+06  0.425761E+06  0.000000E+00  0.339361E+06
  0.101258E-02  0.339301E+06  0.339134E+06  0.425659E+06  0.423891E+06  0.000000E+00  0.339296E+06
  0.104690E-02  0.339232E+06  0.339054E+06  0.423780E+06  0.421899E+06  0.000000E+00  0.339226E+06
  0.108239E-02  0.339158E+06  0.338967E+06  0.421780E+06  0.419780E+06  0.000000E+00  0.339152E+06
  0.111907E-02  0.339079E+06  0.338875E+06  0.419651E+06  0.417526E+06  0.000000E+00  0.339073E+06
  0.115700E-02  0.338995E+06  0.338777E+06  0.417386E+06  0.415128E+06  0.000000E+00  0.338988E+06
  0.119622E-02  0.338905E+06  0.338672E+06  0.414977E+06  0.412579E+06  0.000000E+00  0.338897E+06
  0.123677E-02  0.338809E+06  0.338560E+06  0.412416E+06  0.409870E+06  0.000000E+00  0.338801E+06
  0.127869E-02  0.338706E+06  0.338440E+06  0.409693E+06  0.406992E+06  0.000000E+00  0.338698E+06
  0.132203E-02  0.338597E+06  0.338313E+06  0.406800E+06  0.403937E+06  0.000000E+00  0.338588E+06
  0.136684E-02  0.338480E+06  0.338176E+06  0.403728E+06  0.400693E+06  0.000000E+00  0.338470E+06
  0.141317E-02  0.338355E+06  0.338031E+06  0.400467E+06  0.397253E+06  0.000000E+00  0.338345E+06
  0.146107E-02  0.338222E+06  0.337876E+06  0.397007E+06  0.393605E+06  0.000000E+00  0.338211E+06
  0.151059E-02  0.338080E+06  0.337710E+06  0.393338E+06  0.389739E+06  0.000000E+00  0.338069E+06
  0.156179E-02  0.337929E+06  0.337533E+06  0.389450E+06  0.385646E+06  0.000000E+00  0.337917E+06
  0.161473E-02  0.337768E+06  0.337345E+06  0.385330E+06  0.381313E+06  0.000000E+00  0.337754E+06
  0.166946E-02  0.337596E+06  0.337144E+06  0.380970E+06  0.376732E+06  0.000000E+00  0.337582E+06
  0.172605E-02  0.337413E+06  0.336930E+06  0.376358E+06  0.371890E+06  0.000000E+00  0.337397E+06
  0.178455E-02  0.337217E+06  0.336702E+06  0.371483E+06  0.366778E+06  0.000000E+00  0.337201E+06
  0.184504E-02  0.337009E+06  0.336458E+06  0.366334E+06  0.361384E+06  0.000000E+00  0.336992E+06
  0.190758E-02  0.336787E+06  0.336199E+06  0.360900E+06  0.355699E+06  0.000000E+00  0.336769E+06
  0.197223E-02  0.336551E+06  0.335922E+06  0.355171E+06  0.349713E+06  0.000000E+00  0.336531E+06
  0.203908E-02  0.336299E+06  0.335628E+06  0.349137E+06  0.343417E+06  0.000000E+00  0.336278E+06
  0.210820E-02  0.336032E+06  0.335314E+06  0.342788E+06  0.336802E+06  0.000000E+00  0.336009E+06
  0.217966E-02  0.335746E+06  0.334980E+06  0.336115E+06  0.329861E+06  0.000000E+00  0.335722E+06
  0.225354E-02  0.335443E+06  0.334625E+06  0.329111E+06  0.322588E+06  0.000000E+00  0.335417E+06
  0.232992E-02  0.335121E+06  0.334246E+06  0.321768E+06  0.314977E+06  0.000000E+00  0.335093E+06
  0.240889E-02  0.334777E+06  0.333844E+06  0.314081E+06  0.307025E+06  0.000000E+00  0.334748E+06
  0.249054E-02  0.334413E+06  0.333416E+06  0.306046E+06  0.298731E+06  0.000000E+00  0.334381E+06
  0.257496E-02  0.334025E+06  0.332961E+06  0.297661E+06  0.290095E+06  0.000000E+00  0.333992E+06
  0.266224E-02  0.333614E+06  0.332477E+06  0.288926E+06  0.281120E+06  0.000000E+00  0.333578E+06
  0.275248E-02  0.333177E+06  0.331963E+06  0.279844E+06  0.271813E+06  0.000000E+00  0.333139E+06
  0.284577E-02  0.332713E+06  0.331418E+06  0.270420E+06  0.262182E+06  0.000000E+00  0.332672E+06
  0.294223E-02  0.332221E+06  0.330838E+06  0.260663E+06  0.252242E+06  0.000000E+00  0.332178E+06
  0.304196E-02  0.331700E+06  0.330224E+06  0.250585E+06  0.242007E+06  0.000000E+00  0.331653E+06
  0.314506E-02  0.331147E+06  0.329572E+06  0.240203E+06  0.231501E+06  0.000000E+00  0.331097E+06
  0.325166E-02  0.330562E+06  0.328881E+06  0.229537E+06  0.220747E+06  0.000000E+00  0.330509E+06
  0.336188E-02  0.329942E+06  0.328148E+06  0.218612E+06  0.209777E+06  0.000000E+00  0.329886E+06
  0.347583E-02  0.329287E+06  0.327373E+06  0.207460E+06  0.198627E+06  0.000000E+00  0.329226E+06
  0.359365E-02  0.328594E+06  0.326552E+06  0.196115E+06  0.187337E+06  0.000000E+00  0.328530E+06
  0.371545E-02  0.327862E+06  0.325684E+06  0.184620E+06  0.175955E+06  0.000000E+00  0.327793E+06
  0.384139E-02  0.327089E+06  0.324766E+06  0.173022E+06  0.164532E+06  0.000000E+00  0.327016E+06
  0.397159E-02  0.326274E+06  0.323797E+06  0.161373E+06  0.153127E+06  0.000000E+00  0.326196E+06
  0.410621E-02  0.325415E+06  0.322774E+06  0.149732E+06  0.141803E+06  0.000000E+00  0.325332E+06
  0.424539E-02  0.324510E+06  0.321695E+06  0.138165E+06  0.130626E+06  0.000000E+00  0.324421E+06
  0.438929E-02  0.323558E+06  0.320557E+06  0.126741E+06  0.119667E+06  0.000000E+00  0.323464E+06
  0.453806E-02  0.322557E+06  0.319359E+06  0.115533E+06  0.109002E+06  0.000000E+00  0.322456E+06
  0.469188E-02  0.321506E+06  0.318098E+06  0.104620E+06  0.987067E+05  0.000000E+00  0.321398E+06
  0.485091E-02  0.320403E+06  0.316773E+06  0.940822E+05  0.888565E+05  0.000000E+00  0.320288E+06
  0.501534E-02  0.319247E+06  0.315380E+06  0.839996E+05  0.795267E+05  0.000000E+00  0.319125E+06
  0.518533E-02  0.318036E+06  0.313919E+06  0.744532E+05  0.707881E+05  0.000000E+00  0.317906E+06
  0.536109E-02  0.316770E+06  0.312387E+06  0.655201E+05  0.627060E+05  0.000000E+00  0.316631E+06
  0.554280E-02  0.315446E+06  0.310782E+06  0.572724E+05  0.553370E+05  0.000000E+00  0.315300E+06
  0.573068E-02  0.314066E+06  0.309102E+06  0.497739E+05  0.487264E+05  0.000000E+00  0.313909E+06
  0.592492E-02  0.312626E+06  0.307346E+06  0.430777E+05  0.429058E+05  0.000000E+00  0.312460E+06
  0.612574E-02  0.311128E+06  0.305513E+06  0.372231E+05  0.378901E+05  0.000000E+00  0.310951E+06
  0.633338E-02  0.309570E+06  0.303600E+06  0.322322E+05  0.336756E+05  0.000000E+00  0.309381E+06
  0.654805E-02  0.307951E+06  0.301606E+06  0.281082E+05  0.302381E+05  0.000000E+00  0.307751E+06
  0.677000E-02  0.306272E+06  0.299530E+06  0.248320E+05  0.275319E+05  0.000000E+00  0.306059E+06
  0.699947E-02  0.304532E+06  0.297371E+06  0.223615E+05  0.254893E+05  0.000000E+00  0.304306E+06
  0.723671E-02  0.302731E+06  0.295128E+06  0.206300E+05  0.240226E+05  0.000000E+00  0.302492E+06
  0.748200E-02  0.300869E+06  0.292800E+06  0.195475E+05  0.230257E+05  0.000000E+00  0.300615E+06
  0.773561E-02  0.298947E+06  0.290385E+06  0.190023E+05  0.223790E+05  0.000000E+00  0.298678E+06
  0.799781E-02  0.296964E+06  0.287884E+06  0.188646E+05  0.219546E+05  0.000000E+00  0.296678E+06
  0.826889E-02  0.294921E+06  0.285295E+06  0.189918E+05  0.216236E+05  0.000000E+00  0.294618E+06
  0.854917E-02  0.292818E+06  0.282617E+06  0.192361E+05  0.212641E+05  0.000000E+00  0.292497E+06
  0.883894E-02  0.290655E+06  0.279851E+06  0.194529E+05  0.207705E+05  0.000000E+00  0.290314E+06
  0.913854E-02  0.288432E+06  0.276994E+06  0.195107E+05  0.200619E+05  0.000000E+00  0.288071E+06
  0.944829E-02  0.286149E+06  0.274046E+06  0.193016E+05  0.190898E+05  0.000000E+00  0.285768E+06
  0.976854E-02  0.283807E+06  0.271008E+06  0.187511E+05  0.178436E+05  0.000000E+00  0.283404E+06
  0.100996E-01  0.281406E+06  0.267877E+06  0.178263E+05  0.163524E+05  0.000000E+00  0.280980E+06
  0.104420E-01  0.278945E+06  0.264653E+06  0.165413E+05  0.146834E+05  0.000000E+00  0.278495E+06
  0.107959E-01  0.276426E+06  0.261336E+06  0.149579E+05  0.129343E+05  0.000000E+00  0.275950E+06
  0.111618E-01  0.273846E+06  0.257926E+06  0.131816E+05  0.112212E+05  0.000000E+00  0.273345E+06
  0.115402E-01  0.271208E+06  0.254422E+06  0.113507E+05  0.966286E+04  0.000000E+00  0.270679E+06
  0.119313E-01  0.268511E+06  0.250824E+06  0.962063E+04  0.836205E+04  0.000000E+00  0.267954E+06
  0.123357E-01  0.265754E+06  0.247133E+06  0.814277E+04  0.738743E+04  0.000000E+00  0.265168E+06
  0.127539E-01  0.262939E+06  0.243349E+06  0.704126E+04  0.675938E+04  0.000000E+00  0.262322E+06
  0.131862E-01  0.260065E+06  0.239473E+06  0.639083E+04  0.644326E+04  0.000000E+00  0.259417E+06
  0.136331E-01  0.257134E+06  0.235506E+06  0.619996E+04  0.635291E+04  0.000000E+00  0.256453E+06
  0.140952E-01  0.254145E+06  0.231451E+06  0.000000E+00  0.000000E+00  0.000000E+00  0.253430E+06
  0.145730E-01  0.251099E+06  0.227310E+06  0.000000E+00  0.000000E+00  0.000000E+00  0.250350E+06
  0.150669E-01  0.247997E+06  0.223086E+06  0.000000E+00  0.000000E+00  0.000000E+00  0.247213E+06
  0.155776E-01  0.244841E+06  0.218783E+06  0.000000E+00  0.000000E+00  0.000000E+00  0.244020E+06
  0.161056E-01  0.241631E+06  0.214405E+06  0.000000E+00  0.000000E+00  0.000000E+00  0.240773E+06
  0.166515E-01  0.238367E+06  0.209956E+06  0.000000E+00  0.000000E+00  0.000000E+00  0.237472E+06
  0.172159E-01  0.235052E+06  0.205442E+06  0.000000E+00  0.000000E+00  0.000000E+00  0.234119E+06
  0.177994E-01  0.231686E+06  0.200869E+06  0.000000E+00  0.000000E+00  0.000000E+00  0.230716E+06
  0.184028E-01  0.228271E+06  0.196246E+06  0.000000E+00  0.000000E+00  0.000000E+00  0.227262E+06
  0.190265E-01  0.224809E+06  0.191579E+06  0.000000E+00  0.000000E+00  0.000000E+00  0.223762E+06
  0.196714E-01  0.221300E+06  0.186879E+06  0.000000E+00  0.000000E+00  0.000000E+00  0.220216E+06
  0.203382E-01  0.217748E+06  0.182155E+06  0.000000E+00  0.000000E+00  0.000000E+00  0.216627E+06
  0.210276E-01  0.214153E+06  0.177418E+06  0.000000E+00  0.000000E+00  0.000000E+00  0.212996E+06
  0.217403E-01  0.210520E+06  0.172681E+06  0.000000E+00  0.000000E+00  0.000000E+00  0.209328E+06
  0.224772E-01  0.206848E+06  0.167957E+06  0.000000E+00  0.000000E+00  0.000000E+00  0.205624E+06
  0.232390E-01  0.203143E+06  0.163261E+06  0.000000E+00  0.000000E+00  0.000000E+00  0.201887E+06
  0.240267E-01  0.199406E+06  0.158606E+06  0.000000E+00  0.000000E+00  0.000000E+00  0.198121E+06
  0.248411E-01  0.195641E+06  0.154010E+06  0.000000E+00  0.000000E+00  0.000000E+00  0.194330E+06
  0.256831E-01  0.191851E+06  0.149490E+06  0.000000E+00  0.000000E+00  0.000000E+00  0.190517E+06
  0.265537E-01  0.188040E+06  0.145063E+06  0.000000E+00  0.000000E+00  0.000000E+00  0.186686E+06
  0.274537E-01  0.184212E+06  0.140746E+06  0.000000E+00  0.000000E+00  0.000000E+00  0.182843E+06
  0.283842E-01  0.180372E+06  0.136558E+06  0.000000E+00  0.000000E+00  0.000000E+00  0.178992E+06
  0.293463E-01  0.176523E+06  0.132516E+06  0.000000E+00  0.000000E+00  0.000000E+00  0.175137E+06
  0.303410E-01  0.172672E+06  0.128639E+06  0.000000E+00  0.000000E+00  0.000000E+00  0.171285E+06
  0.313694E-01  0.168822E+06  0.124941E+06  0.000000E+00  0.000000E+00  0.000000E+00  0.167440E+06
  0.324327E-01  0.164981E+06  0.121438E+06  0.000000E+00  0.000000E+00  0.000000E+00  0.163609E+06
  0.335320E-01  0.161152E+06  0.118142E+06  0.000000E+00  0.000000E+00  0.000000E+00  0.159797E+06
  0.346686E-01  0.157342E+06  0.115063E+06  0.000000E+00  0.000000E+00  0.000000E+00  0.156011E+06
  0.358437E-01  0.153557E+06  0.112207E+06  0.000000E+00  0.000000E+00  0.000000E+00  0.152254E+06
  0.370586E-01  0.149801E+06  0.109577E+06  0.000000E+00  0.000000E+00  0.000000E+00  0.148534E+06
  0.383147E-01  0.146067E+06  0.107155E+06  0.000000E+00  0.000000E+00  0.000000E+00  0.144841E+06
  0.396134E-01  0.142350E+06  0.104922E+06  0.000000E+00  0.000000E+00  0.000000E+00  0.141171E+06
  0.409561E-01  0.138682E+06  0.102896E+06  0.000000E+00  0.000000E+00  0.000000E+00  0.137555E+06
  0.423443E-01  0.135068E+06  0.101059E+06  0.000000E+00  0.000000E+00  0.000000E+00  0.133997E+06
  0.437796E-01  0.131512E+06  0.993837E+05  0.000000E+00  0.000000E+00  0.000000E+00  0.130500E+06
  0.452635E-01  0.128013E+06  0.978349E+05  0.000000E+00  0.000000E+00  0.000000E+00  0.127062E+06
  0.467977E-01  0.124568E+06  0.963699E+05  0.000000E+00  0.000000E+00  0.000000E+00  0.123680E+06
  0.483839E-01  0.121172E+06  0.949399E+05  0.000000E+00  0.000000E+00  0.000000E+00  0.120346E+06
  0.500239E-01  0.117821E+06  0.934933E+05  0.000000E+00  0.000000E+00  0.000000E+00  0.117055E+06
  0.517194E-01  0.114510E+06  0.919784E+05  0.000000E+00  0.000000E+00  0.000000E+00  0.113801E+06
  0.534725E-01  0.111238E+06  0.903477E+05  0.000000E+00  0.000000E+00  0.000000E+00  0.110580E+06
  0.552850E-01  0.108006E+06  0.885608E+05  0.000000E+00  0.000000E+00  0.000000E+00  0.107393E+06
  0.571588E-01  0.104820E+06  0.865898E+05  0.000000E+00  0.000000E+00  0.000000E+00  0.104246E+06
  0.590963E-01  0.101699E+06  0.844270E+05  0.000000E+00  0.000000E+00  0.000000E+00  0.101155E+06
  0.610993E-01  0.987184E+05  0.821513E+05  0.000000E+00  0.000000E+00  0.000000E+00  0.981966E+05
  0.631703E-01  0.957048E+05  0.795599E+05  0.000000E+00  0.000000E+00  0.000000E+00  0.951963E+05
  0.653114E-01  0.927347E+05  0.767590E+05  0.000000E+00  0.000000E+00  0.000000E+00  0.922316E+05
  0.675252E-01  0.898050E+05  0.737781E+05  0.000000E+00  0.000000E+00  0.000000E+00  0.893002E+05
  0.698139E-01  0.869142E+05  0.706642E+05  0.000000E+00  0.000000E+00  0.000000E+00  0.864024E+05
  0.721803E-01  0.840641E+05  0.674818E+05  0.000000E+00  0.000000E+00  0.000000E+00  0.835419E+05
  0.746268E-01  0.812612E+05  0.643097E+05  0.000000E+00  0.000000E+00  0.000000E+00  0.807273E+05
  0.771564E-01  0.785153E+05  0.612372E+05  0.000000E+00  0.000000E+00  0.000000E+00  0.779711E+05
  0.797716E-01  0.758371E+05  0.583507E+05  0.000000E+00  0.000000E+00  0.000000E+00  0.752864E+05
  0.824755E-01  0.732339E+05  0.557237E+05  0.000000E+00  0.000000E+00  0.000000E+00  0.726824E+05
  0.852709E-01  0.707078E+05  0.534064E+05  0.000000E+00  0.000000E+00  0.000000E+00  0.701629E+05
  0.881612E-01  0.682551E+05  0.514176E+05  0.000000E+00  0.000000E+00  0.000000E+00  0.677248E+05
  0.911495E-01  0.658702E+05  0.497440E+05  0.000000E+00  0.000000E+00  0.000000E+00  0.653623E+05
  0.942390E-01  0.635489E+05  0.483429E+05  0.000000E+00  0.000000E+00  0.000000E+00  0.630700E+05
  0.974333E-01  0.612904E+05  0.471471E+05  0.000000E+00  0.000000E+00  0.000000E+00  0.608450E+05
  0.100736E+00  0.590957E+05  0.460707E+05  0.000000E+00  0.000000E+00  0.000000E+00  0.586855E+05
  0.104150E+00  0.569630E+05  0.450162E+05  0.000000E+00  0.000000E+00  0.000000E+00  0.565868E+05
  0.107680E+00  0.548868E+05  0.438879E+05  0.000000E+00  0.000000E+00  0.000000E+00  0.545403E+05
  0.111330E+00  0.528593E+05  0.426095E+05  0.000000E+00  0.000000E+00  0.000000E+00  0.525365E+05
  0.115104E+00  0.508764E+05  0.411420E+05  0.000000E+00  0.000000E+00  0.000000E+00  0.505698E+05
  0.119005E+00  0.489386E+05  0.394931E+05  0.000000E+00  0.000000E+00  0.000000E+00  0.486411E+05
  0.123039E+00  0.470481E+05  0.377130E+05  0.000000E+00  0.000000E+00  0.000000E+00  0.467541E+05
  0.127209E+00  0.452060E+05  0.358817E+05  0.000000E+00  0.000000E+00  0.000000E+00  0.449124E+05
  0.131521E+00  0.434139E+05  0.340944E+05  0.000000E+00  0.000000E+00  0.000000E+00  0.431204E+05
  0.135979E+00  0.416784E+05  0.324431E+05  0.000000E+00  0.000000E+00  0.000000E+00  0.413875E+05
  0.140588E+00  0.400090E+05  0.309940E+05  0.000000E+00  0.000000E+00  0.000000E+00  0.397251E+05
  0.145353E+00  0.384091E+05  0.297622E+05  0.000000E+00  0.000000E+00  0.000000E+00  0.381367E+05
  0.150280E+00  0.368712E+05  0.287058E+05  0.000000E+00  0.000000E+00  0.000000E+00  0.366140E+05
  0.155374E+00  0.353859E+05  0.277481E+05  0.000000E+00  0.000000E+00  0.000000E+00  0.351454E+05
  0.160640E+00  0.339490E+05  0.268094E+05  0.000000E+00  0.000000E+00  0.000000E+00  0.337241E+05
  0.166085E+00  0.325579E+05  0.258284E+05  0.000000E+00  0.000000E+00  0.000000E+00  0.323459E+05
  0.171715E+00  0.312073E+05  0.247764E+05  0.000000E+00  0.000000E+00  0.000000E+00  0.310048E+05
  0.177535E+00  0.298950E+05  0.236692E+05  0.000000E+00  0.000000E+00  0.000000E+00  0.296989E+05
  0.183553E+00  0.286251E+05  0.225601E+05  0.000000E+00  0.000000E+00  0.000000E+00  0.284341E+05
  0.189774E+00  0.274015E+05  0.215075E+05  0.000000E+00  0.000000E+00  0.000000E+00  0.272159E+05
  0.196206E+00  0.262256E+05  0.205473E+05  0.000000E+00  0.000000E+00  0.000000E+00  0.260467E+05
  0.202857E+00  0.250986E+05  0.196828E+05  0.000000E+00  0.000000E+00  0.000000E+00  0.249280E+05
  0.209733E+00  0.240166E+05  0.188842E+05  0.000000E+00  0.000000E+00  0.000000E+00  0.238550E+05
  0.216842E+00  0.229728E+05  0.181089E+05  0.000000E+00  0.000000E+00  0.000000E+00  0.228197E+05
  0.224192E+00  0.219671E+05  0.173336E+05  0.000000E+00  0.000000E+00  0.000000E+00  0.218212E+05
  0.231791E+00  0.209993E+05  0.165588E+05  0.000000E+00  0.000000E+00  0.000000E+00  0.208595E+05
  0.239647E+00  0.200654E+05  0.157984E+05  0.000000E+00  0.000000E+00  0.000000E+00  0.199310E+05
  0.247770E+00  0.191679E+05  0.150754E+05  0.000000E+00  0.000000E+00  0.000000E+00  0.190390E+05
  0.256168E+00  0.183082E+05  0.143994E+05  0.000000E+00  0.000000E+00  0.000000E+00  0.181851E+05
  0.264851E+00  0.174823E+05  0.137599E+05  0.000000E+00  0.000000E+00  0.000000E+00  0.173651E+05
  0.273828E+00  0.166902E+05  0.131453E+05  0.000000E+00  0.000000E+00  0.000000E+00  0.165785E+05
  0.283110E+00  0.159297E+05  0.125476E+05  0.000000E+00  0.000000E+00  0.000000E+00  0.158232E+05
  0.292706E+00  0.151989E+05  0.119679E+05  0.000000E+00  0.000000E+00  0.000000E+00  0.150971E+05
  0.302627E+00  0.144986E+05  0.114133E+05  0.000000E+00  0.000000E+00  0.000000E+00  0.144014E+05
  0.312884E+00  0.138269E+05  0.108848E+05  0.000000E+00  0.000000E+00  0.000000E+00  0.137343E+05
  0.323490E+00  0.131838E+05  0.103805E+05  0.000000E+00  0.000000E+00  0.000000E+00  0.130955E+05
  0.334454E+00  0.125672E+05  0.989589E+04  0.000000E+00  0.000000E+00  0.000000E+00  0.124831E+05
  0.345791E+00  0.119769E+05  0.943071E+04  0.000000E+00  0.000000E+00  0.000000E+00  0.118967E+05
  0.357512E+00  0.114114E+05  0.898504E+04  0.000000E+00  0.000000E+00  0.000000E+00  0.113350E+05
  0.369629E+00  0.108705E+05  0.855931E+04  0.000000E+00  0.000000E+00  0.000000E+00  0.107977E+05
  0.382158E+00  0.103527E+05  0.815186E+04  0.000000E+00  0.000000E+00  0.000000E+00  0.102833E+05
  0.395111E+00  0.985761E+04  0.776213E+04  0.000000E+00  0.000000E+00  0.000000E+00  0.979161E+04
  0.408504E+00  0.938397E+04  0.738915E+04  0.000000E+00  0.000000E+00  0.000000E+00  0.932114E+04
  0.422350E+00  0.893156E+04  0.703305E+04  0.000000E+00  0.000000E+00  0.000000E+00  0.887176E+04
  0.436666E+00  0.849902E+04  0.669253E+04  0.000000E+00  0.000000E+00  0.000000E+00  0.844212E+04
  0.451466E+00  0.808601E+04  0.636734E+04  0.000000E+00  0.000000E+00  0.000000E+00  0.803188E+04
  0.466769E+00  0.769157E+04  0.605679E+04  0.000000E+00  0.000000E+00  0.000000E+00  0.764008E+04
  0.482590E+00  0.731491E+04  0.576024E+04  0.000000E+00  0.000000E+00  0.000000E+00  0.726594E+04
  0.498948E+00  0.695548E+04  0.547726E+04  0.000000E+00  0.000000E+00  0.000000E+00  0.690892E+04
  0.515859E+00  0.661247E+04  0.520718E+04  0.000000E+00  0.000000E+00  0.000000E+00  0.656821E+04
  0.533344E+00  0.628511E+04  0.494943E+04  0.000000E+00  0.000000E+00  0.000000E+00  0.624304E+04
  0.551422E+00  0.597287E+04  0.470358E+04  0.000000E+00  0.000000E+00  0.000000E+00  0.593289E+04
  0.570113E+00  0.567513E+04  0.446915E+04  0.000000E+00  0.000000E+00  0.000000E+00  0.563715E+04
  0.589437E+00  0.539124E+04  0.424562E+04  0.000000E+00  0.000000E+00  0.000000E+00  0.535516E+04
  0.609416E+00  0.512064E+04  0.403255E+04  0.000000E+00  0.000000E+00  0.000000E+00  0.508637E+04
  0.630072E+00  0.486277E+04  0.382950E+04  0.000000E+00  0.000000E+00  0.000000E+00  0.483023E+04
  0.651428E+00  0.461716E+04  0.363610E+04  0.000000E+00  0.000000E+00  0.000000E+00  0.458626E+04
  0.673509E+00  0.438328E+04  0.345193E+04  0.000000E+00  0.000000E+00  0.000000E+00  0.435394E+04
  0.696337E+00  0.416061E+04  0.327660E+04  0.000000E+00  0.000000E+00  0.000000E+00  0.413277E+04
  0.719940E+00  0.394865E+04  0.310970E+04  0.000000E+00  0.000000E+00  0.000000E+00  0.392223E+04
  0.744342E+00  0.374692E+04  0.295084E+04  0.000000E+00  0.000000E+00  0.000000E+00  0.372184E+04
  0.769572E+00  0.355492E+04  0.279965E+04  0.000000E+00  0.000000E+00  0.000000E+00  0.353113E+04
  0.795656E+00  0.337222E+04  0.265579E+04  0.000000E+00  0.000000E+00  0.000000E+00  0.334966E+04
  0.822625E+00  0.319840E+04  0.251891E+04  0.000000E+00  0.000000E+00  0.000000E+00  0.317700E+04
  0.850508E+00  0.303309E+04  0.238873E+04  0.000000E+00  0.000000E+00  0.000000E+00  0.301280E+04
  0.879336E+00  0.287590E+04  0.226495E+04  0.000000E+00  0.000000E+00  0.000000E+00  0.285666E+04
  0.909141E+00  0.272650E+04  0.214729E+04  0.000000E+00  0.000000E+00  0.000000E+00  0.270825E+04
  0.939957E+00  0.258452E+04  0.203549E+04  0.000000E+00  0.000000E+00  0.000000E+00  0.256723E+04
  0.971817E+00  0.244961E+04  0.192924E+04  0.000000E+00  0.000000E+00  0.000000E+00  0.243322E+04
  0.100476E+01  0.232140E+04  0.182828E+04  0.000000E+00  0.000000E+00  0.000000E+00  0.230587E+04
  0.103881E+01  0.219962E+04  0.173237E+04  0.000000E+00  0.000000E+00  0.000000E+00  0.218490E+04
  0.107402E+01  0.208392E+04  0.164126E+04  0.000000E+00  0.000000E+00  0.000000E+00  0.206998E+04
  0.111043E+01  0.197408E+04  0.155476E+04  0.000000E+00  0.000000E+00  0.000000E+00  0.196087E+04
  0.114807E+01  0.186980E+04  0.147263E+04  0.000000E+00  0.000000E+00  0.000000E+00  0.185729E+04
  0.118698E+01  0.177082E+04  0.139468E+04  0.000000E+00  0.000000E+00  0.000000E+00  0.175898E+04
  0.122721E+01  0.167688E+04  0.132070E+04  0.000000E+00  0.000000E+00  0.000000E+00  0.166566E+04
  0.126881E+01  0.158772E+04  0.125048E+04  0.000000E+00  0.000000E+00  0.000000E+00  0.157709E+04
  0.131182E+01  0.150312E+04  0.118385E+04  0.000000E+00  0.000000E+00  0.000000E+00  0.149306E+04
  0.135628E+01  0.142286E+04  0.112065E+04  0.000000E+00  0.000000E+00  0.000000E+00  0.141335E+04
  0.140225E+01  0.134675E+04  0.106070E+04  0.000000E+00  0.000000E+00  0.000000E+00  0.133774E+04
  0.144978E+01  0.127456E+04  0.100385E+04  0.000000E+00  0.000000E+00  0.000000E+00  0.126603E+04
  0.149892E+01  0.120609E+04  0.949931E+03  0.000000E+00  0.000000E+00  0.000000E+00  0.119803E+04
  0.154973E+01  0.114118E+04  0.898808E+03  0.000000E+00  0.000000E+00  0.000000E+00  0.113355E+04
  0.160226E+01  0.107965E+04  0.850345E+03  0.000000E+00  0.000000E+00  0.000000E+00  0.107243E+04
  0.165656E+01  0.102133E+04  0.804414E+03  0.000000E+00  0.000000E+00  0.000000E+00  0.101450E+04
  0.171271E+01  0.966053E+03  0.760880E+03  0.000000E+00  0.000000E+00  0.000000E+00  0.959591E+03
  0.177077E+01  0.913676E+03  0.719629E+03  0.000000E+00  0.000000E+00  0.000000E+00  0.907564E+03
  0.183079E+01  0.864053E+03  0.680547E+03  0.000000E+00  0.000000E+00  0.000000E+00  0.858274E+03
  0.189284E+01  0.817047E+03  0.643525E+03  0.000000E+00  0.000000E+00  0.000000E+00  0.811582E+03
  0.195700E+01  0.772522E+03  0.608457E+03  0.000000E+00  0.000000E+00  0.000000E+00  0.767354E+03
  0.202333E+01  0.730355E+03  0.575247E+03  0.000000E+00  0.000000E+00  0.000000E+00  0.725470E+03
  0.209191E+01  0.690425E+03  0.543798E+03  0.000000E+00  0.000000E+00  0.000000E+00  0.685807E+03
  0.216282E+01  0.652617E+03  0.514021E+03  0.000000E+00  0.000000E+00  0.000000E+00  0.648252E+03
  0.223613E+01  0.616821E+03  0.485827E+03  0.000000E+00  0.000000E+00  0.000000E+00  0.612695E+03
  0.231192E+01  0.582935E+03  0.459139E+03  0.000000E+00  0.000000E+00  0.000000E+00  0.579036E+03
  0.239028E+01  0.550860E+03  0.433876E+03  0.000000E+00  0.000000E+00  0.000000E+00  0.547176E+03
  0.247130E+01  0.520504E+03  0.409967E+03  0.000000E+00  0.000000E+00  0.000000E+00  0.517022E+03
  0.255507E+01  0.491777E+03  0.387341E+03  0.000000E+00  0.000000E+00  0.000000E+00  0.488487E+03
  0.264167E+01  0.464596E+03  0.365933E+03  0.000000E+00  0.000000E+00  0.000000E+00  0.461488E+03
  0.273121E+01  0.438881E+03  0.345680E+03  0.000000E+00  0.000000E+00  0.000000E+00  0.435946E+03
  0.282379E+01  0.414555E+03  0.326520E+03  0.000000E+00  0.000000E+00  0.000000E+00  0.411783E+03
  0.291950E+01  0.391547E+03  0.308398E+03  0.000000E+00  0.000000E+00  0.000000E+00  0.388929E+03
  0.301846E+01  0.369787E+03  0.291259E+03  0.000000E+00  0.000000E+00  0.000000E+00  0.367313E+03
  0.312077E+01  0.349208E+03  0.275051E+03  0.000000E+00  0.000000E+00  0.000000E+00  0.346872E+03
  0.322655E+01  0.329748E+03  0.259724E+03  0.000000E+00  0.000000E+00  0.000000E+00  0.327543E+03
  0.333591E+01  0.311349E+03  0.245231E+03  0.000000E+00  0.000000E+00  0.000000E+00  0.309266E+03
  0.344898E+01  0.293953E+03  0.231529E+03  0.000000E+00  0.000000E+00  0.000000E+00  0.291986E+03
  0.356588E+01  0.277507E+03  0.218577E+03  0.000000E+00  0.000000E+00  0.000000E+00  0.275651E+03
  0.368675E+01  0.261962E+03  0.206333E+03  0.000000E+00  0.000000E+00  0.000000E+00  0.260210E+03
  0.381172E+01  0.247270E+03  0.194760E+03  0.000000E+00  0.000000E+00  0.000000E+00  0.245616E+03
  0.394091E+01  0.233386E+03  0.183825E+03  0.000000E+00  0.000000E+00  0.000000E+00  0.231825E+03
  0.407449E+01  0.220266E+03  0.173491E+03  0.000000E+00  0.000000E+00  0.000000E+00  0.218793E+03
  0.421259E+01  0.207870E+03  0.163727E+03  0.000000E+00  0.000000E+00  0.000000E+00  0.206480E+03
  0.435538E+01  0.196158E+03  0.154502E+03  0.000000E+00  0.000000E+00  0.000000E+00  0.194846E+03
  0.450301E+01  0.185093E+03  0.145786E+03  0.000000E+00  0.000000E+00  0.000000E+00  0.183855E+03
  0.465564E+01  0.174640E+03  0.137553E+03  0.000000E+00  0.000000E+00  0.000000E+00  0.173472E+03
  0.481344E+01  0.164766E+03  0.129775E+03  0.000000E+00  0.000000E+00  0.000000E+00  0.163664E+03
  0.497659E+01  0.155440E+03  0.122430E+03  0.000000E+00  0.000000E+00  0.000000E+00  0.154400E+03
  0.514527E+01  0.146632E+03  0.115493E+03  0.000000E+00  0.000000E+00  0.000000E+00  0.145652E+03
  0.531968E+01  0.138316E+03  0.108942E+03  0.000000E+00  0.000000E+00  0.000000E+00  0.137391E+03
  0.549998E+01  0.130463E+03  0.102757E+03  0.000000E+00  0.000000E+00  0.000000E+00  0.129590E+03
  0.568641E+01  0.123048E+03  0.969163E+02  0.000000E+00  0.000000E+00  0.000000E+00  0.122225E+03
  0.587915E+01  0.116048E+03  0.914023E+02  0.000000E+00  0.000000E+00  0.000000E+00  0.115272E+03
  0.607843E+01  0.109439E+03  0.861964E+02  0.000000E+00  0.000000E+00  0.000000E+00  0.108707E+03
  0.628446E+01  0.103200E+03  0.812821E+02  0.000000E+00  0.000000E+00  0.000000E+00  0.102509E+03
  0.649747E+01  0.973109E+02  0.766435E+02  0.000000E+00  0.000000E+00  0.000000E+00  0.966600E+02
  0.671770E+01  0.917529E+02  0.722656E+02  0.000000E+00  0.000000E+00  0.000000E+00  0.911391E+02
  0.694539E+01  0.865077E+02  0.681341E+02  0.000000E+00  0.000000E+00  0.000000E+00  0.859290E+02
  0.718081E+01  0.815578E+02  0.642351E+02  0.000000E+00  0.000000E+00  0.000000E+00  0.810122E+02
  0.742420E+01  0.768868E+02  0.605558E+02  0.000000E+00  0.000000E+00  0.000000E+00  0.763724E+02
  0.767585E+01  0.724790E+02  0.570838E+02  0.000000E+00  0.000000E+00  0.000000E+00  0.719941E+02
  0.793602E+01  0.683202E+02  0.538080E+02  0.000000E+00  0.000000E+00  0.000000E+00  0.678631E+02
  0.820502E+01  0.643965E+02  0.507173E+02  0.000000E+00  0.000000E+00  0.000000E+00  0.639657E+02
  0.848312E+01  0.606953E+02  0.478019E+02  0.000000E+00  0.000000E+00  0.000000E+00  0.602892E+02
  0.877066E+01  0.572038E+02  0.450517E+02  0.000000E+00  0.000000E+00  0.000000E+00  0.568211E+02
  0.906794E+01  0.539105E+02  0.424576E+02  0.000000E+00  0.000000E+00  0.000000E+00  0.535498E+02
  0.937530E+01  0.508039E+02  0.400105E+02  0.000000E+00  0.000000E+00  0.000000E+00  0.504640E+02
  0.969308E+01  0.478739E+02  0.377026E+02  0.000000E+00  0.000000E+00  0.000000E+00  0.475536E+02
  0.100216E+02  0.451107E+02  0.355259E+02  0.000000E+00  0.000000E+00  0.000000E+00  0.448088E+02
  0.103613E+02  0.425050E+02  0.334734E+02  0.000000E+00  0.000000E+00  0.000000E+00  0.422205E+02
  0.107125E+02  0.400480E+02  0.315380E+02  0.000000E+00  0.000000E+00  0.000000E+00  0.397800E+02
  0.110756E+02  0.377311E+02  0.297130E+02  0.000000E+00  0.000000E+00  0.000000E+00  0.374786E+02
  0.114510E+02  0.355465E+02  0.279921E+02  0.000000E+00  0.000000E+00  0.000000E+00  0.353086E+02
  0.118392E+02  0.334868E+02  0.263696E+02  0.000000E+00  0.000000E+00  0.000000E+00  0.332626E+02
  0.122404E+02  0.315451E+02  0.248401E+02  0.000000E+00  0.000000E+00  0.000000E+00  0.313339E+02
  0.126553E+02  0.297146E+02  0.233982E+02  0.000000E+00  0.000000E+00  0.000000E+00  0.295157E+02
  0.130843E+02  0.279892E+02  0.220391E+02  0.000000E+00  0.000000E+00  0.000000E+00  0.278018E+02
  0.135278E+02  0.263626E+02  0.207578E+02  0.000000E+00  0.000000E+00  0.000000E+00  0.261861E+02
  0.139863E+02  0.248295E+02  0.195501E+02  0.000000E+00  0.000000E+00  0.000000E+00  0.246632E+02
  0.144604E+02  0.233845E+02  0.184118E+02  0.000000E+00  0.000000E+00  0.000000E+00  0.232279E+02
  0.149505E+02  0.220228E+02  0.173392E+02  0.000000E+00  0.000000E+00  0.000000E+00  0.218753E+02
  0.154573E+02  0.207395E+02  0.163282E+02  0.000000E+00  0.000000E+00  0.000000E+00  0.206005E+02
  0.159812E+02  0.195300E+02  0.153755E+02  0.000000E+00  0.000000E+00  0.000000E+00  0.193992E+02
  0.165229E+02  0.183904E+02  0.144777E+02  0.000000E+00  0.000000E+00  0.000000E+00  0.182671E+02
  0.170829E+02  0.173166E+02  0.136318E+02  0.000000E+00  0.000000E+00  0.000000E+00  0.172005E+02
  0.176619E+02  0.163048E+02  0.128348E+02  0.000000E+00  0.000000E+00  0.000000E+00  0.161955E+02
  0.182606E+02  0.153515E+02  0.120838E+02  0.000000E+00  0.000000E+00  0.000000E+00  0.152486E+02
  0.188795E+02  0.144534E+02  0.113763E+02  0.000000E+00  0.000000E+00  0.000000E+00  0.143564E+02
  0.195195E+02  0.136073E+02  0.107098E+02  0.000000E+00  0.000000E+00  0.000000E+00  0.135160E+02
  0.201811E+02  0.128102E+02  0.100819E+02  0.000000E+00  0.000000E+00  0.000000E+00  0.127243E+02
  0.208651E+02  0.120594E+02  0.949036E+01  0.000000E+00  0.000000E+00  0.000000E+00  0.119784E+02
  0.215723E+02  0.113521E+02  0.893318E+01  0.000000E+00  0.000000E+00  0.000000E+00  0.112759E+02
  0.223035E+02  0.106859E+02  0.840837E+01  0.000000E+00  0.000000E+00  0.000000E+00  0.106142E+02
  0.230595E+02  0.100585E+02  0.791408E+01  0.000000E+00  0.000000E+00  0.000000E+00  0.999094E+01
  0.238411E+02  0.946750E+01  0.744851E+01  0.000000E+00  0.000000E+00  0.000000E+00  0.940391E+01
  0.246492E+02  0.891093E+01  0.701004E+01  0.000000E+00  0.000000E+00  0.000000E+00  0.885106E+01
  0.254847E+02  0.838679E+01  0.659711E+01  0.000000E+00  0.000000E+00  0.000000E+00  0.833042E+01
  0.263485E+02  0.789320E+01  0.620825E+01  0.000000E+00  0.000000E+00  0.000000E+00  0.784014E+01
  0.272416E+02  0.742840E+01  0.584206E+01  0.000000E+00  0.000000E+00  0.000000E+00  0.737843E+01
  0.281650E+02  0.699072E+01  0.549724E+01  0.000000E+00  0.000000E+00  0.000000E+00  0.694368E+01
  0.291196E+02  0.657863E+01  0.517257E+01  0.000000E+00  0.000000E+00  0.000000E+00  0.653434E+01
  0.301066E+02  0.619059E+01  0.486686E+01  0.000000E+00  0.000000E+00  0.000000E+00  0.614890E+01
  0.311271E+02  0.582526E+01  0.457902E+01  0.000000E+00  0.000000E+00  0.000000E+00  0.578600E+01
  0.321822E+02  0.548131E+01  0.430803E+01  0.000000E+00  0.000000E+00  0.000000E+00  0.544435E+01
  0.332730E+02  0.515750E+01  0.405291E+01  0.000000E+00  0.000000E+00  0.000000E+00  0.512271E+01
  0.344008E+02  0.485264E+01  0.381271E+01  0.000000E+00  0.000000E+00  0.000000E+00  0.481989E+01
  0.355668E+02  0.456568E+01  0.358661E+01  0.000000E+00  0.000000E+00  0.000000E+00  0.453485E+01
  0.367723E+02  0.429554E+01  0.337377E+01  0.000000E+00  0.000000E+00  0.000000E+00  0.426651E+01
  0.380187E+02  0.404126E+01  0.317341E+01  0.000000E+00  0.000000E+00  0.000000E+00  0.401393E+01
  0.393074E+02  0.380192E+01  0.298482E+01  0.000000E+00  0.000000E+00  0.000000E+00  0.377618E+01
  0.406397E+02  0.357664E+01  0.280730E+01  0.000000E+00  0.000000E+00  0.000000E+00  0.355241E+01
  0.420172E+02  0.336460E+01  0.264022E+01  0.000000E+00  0.000000E+00  0.000000E+00  0.334178E+01
  0.434414E+02  0.316504E+01  0.248297E+01  0.000000E+00  0.000000E+00  0.000000E+00  0.314356E+01
  0.449138E+02  0.297723E+01  0.233497E+01  0.000000E+00  0.000000E+00  0.000000E+00  0.295700E+01
  0.464362E+02  0.280048E+01  0.219568E+01  0.000000E+00  0.000000E+00  0.000000E+00  0.278143E+01
  0.480101E+02  0.263415E+01  0.206461E+01  0.000000E+00  0.000000E+00  0.000000E+00  0.261621E+01
  0.496375E+02  0.247762E+01  0.194125E+01  0.000000E+00  0.000000E+00  0.000000E+00  0.246072E+01
  0.513199E+02  0.233033E+01  0.182517E+01  0.000000E+00  0.000000E+00  0.000000E+00  0.231442E+01
  0.530594E+02  0.219173E+01  0.171594E+01  0.000000E+00  0.000000E+00  0.000000E+00  0.217674E+01
  0.548579E+02  0.206131E+01  0.161316E+01  0.000000E+00  0.000000E+00  0.000000E+00  0.204720E+01
  0.567173E+02  0.193861E+01  0.151644E+01  0.000000E+00  0.000000E+00  0.000000E+00  0.192531E+01
  0.586397E+02  0.182315E+01  0.142544E+01  0.000000E+00  0.000000E+00  0.000000E+00  0.181063E+01
  0.606273E+02  0.171453E+01  0.133982E+01  0.000000E+00  0.000000E+00  0.000000E+00  0.170273E+01
  0.626823E+02  0.161233E+01  0.125927E+01  0.000000E+00  0.000000E+00  0.000000E+00  0.160121E+01
  0.648069E+02  0.151619E+01  0.118348E+01  0.000000E+00  0.000000E+00  0.000000E+00  0.150571E+01
  0.670036E+02  0.142574E+01  0.111218E+01  0.000000E+00  0.000000E+00  0.000000E+00  0.141586E+01
  0.692747E+02  0.134065E+01  0.104510E+01  0.000000E+00  0.000000E+00  0.000000E+00  0.133134E+01
  0.716227E+02  0.126060E+01  0.981991E+00  0.000000E+00  0.000000E+00  0.000000E+00  0.125183E+01
  0.740504E+02  0.118531E+01  0.922627E+00  0.000000E+00  0.000000E+00  0.000000E+00  0.117703E+01
  0.765604E+02  0.111448E+01  0.866783E+00  0.000000E+00  0.000000E+00  0.000000E+00  0.110668E+01
  0.791553E+02  0.104786E+01  0.814252E+00  0.000000E+00  0.000000E+00  0.000000E+00  0.104050E+01
  0.818384E+02  0.985193E+00  0.764839E+00  0.000000E+00  0.000000E+00  0.000000E+00  0.978252E+00
  0.846122E+02  0.926253E+00  0.718361E+00  0.000000E+00  0.000000E+00  0.000000E+00  0.919705E+00
  0.874802E+02  0.870817E+00  0.674643E+00  0.000000E+00  0.000000E+00  0.000000E+00  0.864638E+00
  0.904453E+02  0.818680E+00  0.633524E+00  0.000000E+00  0.000000E+00  0.000000E+00  0.812848E+00
  0.935109E+02  0.769645E+00  0.594849E+00  0.000000E+00  0.000000E+00  0.000000E+00  0.764140E+00
  0.966806E+02  0.723527E+00  0.558473E+00  0.000000E+00  0.000000E+00  0.000000E+00  0.718329E+00
  0.999576E+02  0.680159E+00  0.524264E+00  0.000000E+00  0.000000E+00  0.000000E+00  0.675249E+00
  0.103346E+03  0.639375E+00  0.492090E+00  0.000000E+00  0.000000E+00  0.000000E+00  0.634736E+00
  0.106849E+03  0.601020E+00  0.461831E+00  0.000000E+00  0.000000E+00  0.000000E+00  0.596636E+00
  0.110470E+03  0.564954E+00  0.433376E+00  0.000000E+00  0.000000E+00  0.000000E+00  0.560810E+00
  0.114215E+03  0.531040E+00  0.406617E+00  0.000000E+00  0.000000E+00  0.000000E+00  0.527121E+00
  0.118086E+03  0.499151E+00  0.381454E+00  0.000000E+00  0.000000E+00  0.000000E+00  0.495444E+00
  0.122089E+03  0.469164E+00  0.357790E+00  0.000000E+00  0.000000E+00  0.000000E+00  0.465656E+00
  0.126227E+03  0.440969E+00  0.335540E+00  0.000000E+00  0.000000E+00  0.000000E+00  0.437649E+00
  0.130505E+03  0.414460E+00  0.314618E+00  0.000000E+00  0.000000E+00  0.000000E+00  0.411315E+00
  0.134928E+03  0.389535E+00  0.294945E+00  0.000000E+00  0.000000E+00  0.000000E+00  0.386556E+00
  0.139502E+03  0.366100E+00  0.276447E+00  0.000000E+00  0.000000E+00  0.000000E+00  0.363276E+00
  0.144230E+03  0.344068E+00  0.259056E+00  0.000000E+00  0.000000E+00  0.000000E+00  0.341390E+00
  0.149119E+03  0.323354E+00  0.242705E+00  0.000000E+00  0.000000E+00  0.000000E+00  0.320814E+00
  0.154173E+03  0.303881E+00  0.227333E+00  0.000000E+00  0.000000E+00  0.000000E+00  0.301470E+00
  0.159399E+03  0.285574E+00  0.212880E+00  0.000000E+00  0.000000E+00  0.000000E+00  0.283284E+00
  0.164802E+03  0.268364E+00  0.199294E+00  0.000000E+00  0.000000E+00  0.000000E+00  0.266188E+00
  0.170388E+03  0.252185E+00  0.186523E+00  0.000000E+00  0.000000E+00  0.000000E+00  0.250117E+00
  0.176164E+03  0.236976E+00  0.174517E+00  0.000000E+00  0.000000E+00  0.000000E+00  0.235009E+00
  0.182135E+03  0.222680E+00  0.163233E+00  0.000000E+00  0.000000E+00  0.000000E+00  0.220808E+00
  0.188308E+03  0.209242E+00  0.152626E+00  0.000000E+00  0.000000E+00  0.000000E+00  0.207459E+00
  0.194691E+03  0.196611E+00  0.142658E+00  0.000000E+00  0.000000E+00  0.000000E+00  0.194912E+00
  0.201290E+03  0.184737E+00  0.133290E+00  0.000000E+00  0.000000E+00  0.000000E+00  0.183117E+00
