  0.108800E-04  0.340315E+06  0.340315E+06  0.453750E+06  0.453750E+06  0.000000E+00  0.340315E+06
  0.112487E-04  0.340315E+06  0.340315E+06  0.453750E+06  0.453749E+06  0.000000E+00  0.340315E+06
  0.116300E-04  0.340315E+06  0.340315E+06  0.453749E+06  0.453749E+06  0.000000E+00  0.340315E+06
  0.120242E-04  0.340315E+06  0.340315E+06  0.453749E+06  0.453749E+06  0.000000E+00  0.340315E+06
  0.124318E-04  0.340315E+06  0.340315E+06  0.453749E+06  0.453749E+06  0.000000E+00  0.340315E+06
  0.128531E-04  0.340315E+06  0.340315E+06  0.453749E+06  0.453748E+06  0.000000E+00  0.340315E+06
  0.132888E-04  0.340315E+06  0.340315E+06  0.453748E+06  0.453748E+06  0.000000E+00  0.340315E+06
  0.137392E-04  0.340315E+06  0.340315E+06  0.453748E+06  0.453748E+06  0.000000E+00  0.340315E+06
  0.142049E-04  0.340315E+06  0.340315E+06  0.453748E+06  0.453747E+06  0.000000E+00  0.340315E+06
  0.146864E-04  0.340315E+06  0.340315E+06  0.453747E+06  0.453747E+06  0.000000E+00  0.340315E+06
  0.151842E-04  0.340315E+06  0.340315E+06  0.453747E+06  0.453746E+06  0.000000E+00  0.340315E+06
  0.156989E-04  0.340315E+06  0.340315E+06  0.453746E+06  0.453746E+06  0.000000E+00  0.340315E+06
  0.162310E-04  0.340315E+06  0.340315E+06  0.453746E+06  0.453745E+06  0.000000E+00  0.340315E+06
  0.167811E-04  0.340315E+06  0.340315E+06  0.453745E+06  0.453745E+06  0.000000E+00  0.340315E+06
  0.173499E-04  0.340315E+06  0.340315E+06  0.453745E+06  0.453744E+06  0.000000E+00  0.340315E+06
  0.179380E-04  0.340315E+06  0.340315E+06  0.453744E+06  0.453744E+06  0.000000E+00  0.340315E+06
  0.185460E-04  0.340315E+06  0.340315E+06  0.453744E+06  0.453743E+06  0.000000E+00  0.340315E+06
  0.191746E-04  0.340315E+06  0.340315E+06  0.453743E+06  0.453742E+06  0.000000E+00  0.340315E+06
  0.198246E-04  0.340315E+06  0.340314E+06  0.453742E+06  0.453741E+06  0.000000E+00  0.340315E+06
  0.204965E-04  0.340314E+06  0.340314E+06  0.453742E+06  0.453741E+06  0.000000E+00  0.340314E+06
  0.211913E-04  0.340314E+06  0.340314E+06  0.453741E+06  0.453740E+06  0.000000E+00  0.340314E+06
  0.219095E-04  0.340314E+06  0.340314E+06  0.453740E+06  0.453739E+06  0.000000E+00  0.340314E+06
  0.226522E-04  0.340314E+06  0.340314E+06  0.453739E+06  0.453738E+06  0.000000E+00  0.340314E+06
  0.234200E-04  0.340314E+06  0.340314E+06  0.453738E+06  0.453737E+06  0.000000E+00  0.340314E+06
  0.242138E-04  0.340314E+06  0.340314E+06  0.453737E+06  0.453736E+06  0.000000E+00  0.340314E+06
  0.250345E-04  0.340314E+06  0.340314E+06  0.453736E+06  0.453734E+06  0.000000E+00  0.340314E+06
  0.258831E-04  0.340314E+06  0.340314E+06  0.453735E+06  0.453733E+06  0.000000E+00  0.340314E+06
  0.267604E-04  0.340314E+06  0.340314E+06  0.453733E+06  0.453732E+06  0.000000E+00  0.340314E+06
  0.276674E-04  0.340314E+06  0.340314E+06  0.453732E+06  0.453730E+06  0.000000E+00  0.340314E+06
  0.286052E-04  0.340314E+06  0.340314E+06  0.453730E+06  0.453729E+06  0.000000E+00  0.340314E+06
  0.295748E-04  0.340314E+06  0.340314E+06  0.453729E+06  0.453727E+06  0.000000E+00  0.340314E+06
  0.305772E-04  0.340314E+06  0.340314E+06  0.453727E+06  0.453725E+06  0.000000E+00  0.340314E+06
  0.316136E-04  0.340314E+06  0.340314E+06  0.453725E+06  0.453723E+06  0.000000E+00  0.340314E+06
  0.326852E-04  0.340314E+06  0.340314E+06  0.453723E+06  0.453721E+06  0.000000E+00  0.340314E+06
  0.337931E-04  0.340314E+06  0.340314E+06  0.453721E+06  0.453719E+06  0.000000E+00  0.340314E+06
  0.349385E-04  0.340314E+06  0.340314E+06  0.453719E+06  0.453717E+06  0.000000E+00  0.340314E+06
  0.361227E-04  0.340314E+06  0.340314E+06  0.453717E+06  0.453714E+06  0.000000E+00  0.340314E+06
  0.373471E-04  0.340314E+06  0.340313E+06  0.453714E+06  0.453711E+06  0.000000E+00  0.340314E+06
  0.386130E-04  0.340313E+06  0.340313E+06  0.453712E+06  0.453708E+06  0.000000E+00  0.340313E+06
  0.399218E-04  0.340313E+06  0.340313E+06  0.453709E+06  0.453705E+06  0.000000E+00  0.340313E+06
  0.412749E-04  0.340313E+06  0.340313E+06  0.453706E+06  0.453702E+06  0.000000E+00  0.340313E+06
  0.426740E-04  0.340313E+06  0.340313E+06  0.453702E+06  0.453699E+06  0.000000E+00  0.340313E+06
  0.441204E-04  0.340313E+06  0.340313E+06  0.453699E+06  0.453695E+06  0.000000E+00  0.340313E+06
  0.456159E-04  0.340313E+06  0.340313E+06  0.453695E+06  0.453691E+06  0.000000E+00  0.340313E+06
  0.471620E-04  0.340313E+06  0.340313E+06  0.453691E+06  0.453686E+06  0.000000E+00  0.340313E+06
  0.487606E-04  0.340313E+06  0.340312E+06  0.453687E+06  0.453682E+06  0.000000E+00  0.340313E+06
  0.504133E-04  0.340312E+06  0.340312E+06  0.453682E+06  0.453677E+06  0.000000E+00  0.340312E+06
  0.521221E-04  0.340312E+06  0.340312E+06  0.453678E+06  0.453672E+06  0.000000E+00  0.340312E+06
  0.538888E-04  0.340312E+06  0.340312E+06  0.453672E+06  0.453666E+06  0.000000E+00  0.340312E+06
  0.557153E-04  0.340312E+06  0.340312E+06  0.453667E+06  0.453660E+06  0.000000E+00  0.340312E+06
  0.576038E-04  0.340312E+06  0.340311E+06  0.453661E+06  0.453654E+06  0.000000E+00  0.340312E+06
  0.595563E-04  0.340311E+06  0.340311E+06  0.453654E+06  0.453647E+06  0.000000E+00  0.340311E+06
  0.615750E-04  0.340311E+06  0.340311E+06  0.453648E+06  0.453639E+06  0.000000E+00  0.340311E+06
  0.636621E-04  0.340311E+06  0.340311E+06  0.453640E+06  0.453632E+06  0.000000E+00  0.340311E+06
  0.658199E-04  0.340311E+06  0.340310E+06  0.453633E+06  0.453623E+06  0.000000E+00  0.340311E+06
  0.680509E-04  0.340310E+06  0.340310E+06  0.453624E+06  0.453614E+06  0.000000E+00  0.340310E+06
  0.703575E-04  0.340310E+06  0.340310E+06  0.453615E+06  0.453605E+06  0.000000E+00  0.340310E+06
  0.727422E-04  0.340310E+06  0.340309E+06  0.453606E+06  0.453594E+06  0.000000E+00  0.340310E+06
  0.752079E-04  0.340309E+06  0.340309E+06  0.453596E+06  0.453583E+06  0.000000E+00  0.340309E+06
  0.777570E-04  0.340309E+06  0.340308E+06  0.453585E+06  0.453572E+06  0.000000E+00  0.340309E+06
  0.803926E-04  0.340309E+06  0.340308E+06  0.453573E+06  0.453559E+06  0.000000E+00  0.340308E+06
  0.831175E-04  0.340308E+06  0.340308E+06  0.453561E+06  0.453546E+06  0.000000E+00  0.340308E+06
  0.859348E-04  0.340308E+06  0.340307E+06  0.453548E+06  0.453531E+06  0.000000E+00  0.340308E+06
  0.888476E-04  0.340307E+06  0.340306E+06  0.453533E+06  0.453516E+06  0.000000E+00  0.340307E+06
  0.918591E-04  0.340307E+06  0.340306E+06  0.453518E+06  0.453500E+06  0.000000E+00  0.340307E+06
  0.949726E-04  0.340306E+06  0.340305E+06  0.453502E+06  0.453482E+06  0.000000E+00  0.340306E+06
  0.981917E-04  0.340305E+06  0.340305E+06  0.453485E+06  0.453464E+06  0.000000E+00  0.340305E+06
  0.101520E-03  0.340305E+06  0.340304E+06  0.453466E+06  0.453444E+06  0.000000E+00  0.340305E+06
  0.104961E-03  0.340304E+06  0.340303E+06  0.453446E+06  0.453422E+06  0.000000E+00  0.340304E+06
  0.108519E-03  0.340303E+06  0.340302E+06  0.453425E+06  0.453400E+06  0.000000E+00  0.340303E+06
  0.112197E-03  0.340303E+06  0.340302E+06  0.453403E+06  0.453375E+06  0.000000E+00  0.340302E+06
  0.116000E-03  0.340302E+06  0.340301E+06  0.453379E+06  0.453349E+06  0.000000E+00  0.340302E+06
  0.119932E-03  0.340301E+06  0.340300E+06  0.453353E+06  0.453321E+06  0.000000E+00  0.340301E+06
  0.123997E-03  0.340300E+06  0.340299E+06  0.453325E+06  0.453292E+06  0.000000E+00  0.340300E+06
  0.128200E-03  0.340299E+06  0.340297E+06  0.453296E+06  0.453260E+06  0.000000E+00  0.340299E+06
  0.132545E-03  0.340298E+06  0.340296E+06  0.453264E+06  0.453226E+06  0.000000E+00  0.340297E+06
  0.137038E-03  0.340296E+06  0.340295E+06  0.453230E+06  0.453189E+06  0.000000E+00  0.340296E+06
  0.141683E-03  0.340295E+06  0.340294E+06  0.453194E+06  0.453151E+06  0.000000E+00  0.340295E+06
  0.146485E-03  0.340294E+06  0.340292E+06  0.453156E+06  0.453109E+06  0.000000E+00  0.340294E+06
  0.151450E-03  0.340292E+06  0.340290E+06  0.453115E+06  0.453065E+06  0.000000E+00  0.340292E+06
  0.156583E-03  0.340291E+06  0.340289E+06  0.453071E+06  0.453017E+06  0.000000E+00  0.340290E+06
  0.161891E-03  0.340289E+06  0.340287E+06  0.453024E+06  0.452967E+06  0.000000E+00  0.340289E+06
  0.167378E-03  0.340287E+06  0.340285E+06  0.452974E+06  0.452912E+06  0.000000E+00  0.340287E+06
  0.173051E-03  0.340286E+06  0.340283E+06  0.452920E+06  0.452855E+06  0.000000E+00  0.340285E+06
  0.178917E-03  0.340283E+06  0.340281E+06  0.452863E+06  0.452793E+06  0.000000E+00  0.340283E+06
  0.184981E-03  0.340281E+06  0.340278E+06  0.452801E+06  0.452726E+06  0.000000E+00  0.340281E+06
  0.191251E-03  0.340279E+06  0.340276E+06  0.452736E+06  0.452656E+06  0.000000E+00  0.340278E+06
  0.197734E-03  0.340276E+06  0.340273E+06  0.452666E+06  0.452580E+06  0.000000E+00  0.340276E+06
  0.204436E-03  0.340274E+06  0.340270E+06  0.452591E+06  0.452499E+06  0.000000E+00  0.340273E+06
  0.211366E-03  0.340271E+06  0.340267E+06  0.452511E+06  0.452413E+06  0.000000E+00  0.340270E+06
  0.218530E-03  0.340268E+06  0.340264E+06  0.452425E+06  0.452321E+06  0.000000E+00  0.340267E+06
  0.225937E-03  0.340265E+06  0.340261E+06  0.452334E+06  0.452222E+06  0.000000E+00  0.340264E+06
  0.233595E-03  0.340261E+06  0.340257E+06  0.452236E+06  0.452117E+06  0.000000E+00  0.340261E+06
  0.241513E-03  0.340258E+06  0.340253E+06  0.452131E+06  0.452004E+06  0.000000E+00  0.340257E+06
  0.249699E-03  0.340254E+06  0.340249E+06  0.452020E+06  0.451884E+06  0.000000E+00  0.340253E+06
  0.258162E-03  0.340249E+06  0.340244E+06  0.451900E+06  0.451755E+06  0.000000E+00  0.340249E+06
  0.266913E-03  0.340245E+06  0.340239E+06  0.451773E+06  0.451618E+06  0.000000E+00  0.340244E+06
  0.275960E-03  0.340240E+06  0.340234E+06  0.451637E+06  0.451471E+06  0.000000E+00  0.340239E+06
  0.285314E-03  0.340235E+06  0.340228E+06  0.451491E+06  0.451314E+06  0.000000E+00  0.340234E+06
  0.294984E-03  0.340229E+06  0.340222E+06  0.451336E+06  0.451146E+06  0.000000E+00  0.340228E+06
  0.304983E-03  0.340224E+06  0.340216E+06  0.451169E+06  0.450967E+06  0.000000E+00  0.340222E+06
  0.315320E-03  0.340217E+06  0.340209E+06  0.450992E+06  0.450776E+06  0.000000E+00  0.340216E+06
  0.326008E-03  0.340210E+06  0.340202E+06  0.450802E+06  0.450571E+06  0.000000E+00  0.340209E+06
  0.337058E-03  0.340203E+06  0.340194E+06  0.450599E+06  0.450352E+06  0.000000E+00  0.340202E+06
  0.348483E-03  0.340196E+06  0.340186E+06  0.450382E+06  0.450119E+06  0.000000E+00  0.340194E+06
  0.360295E-03  0.340187E+06  0.340177E+06  0.450151E+06  0.449869E+06  0.000000E+00  0.340186E+06
  0.372507E-03  0.340179E+06  0.340167E+06  0.449903E+06  0.449603E+06  0.000000E+00  0.340177E+06
  0.385133E-03  0.340169E+06  0.340157E+06  0.449639E+06  0.449318E+06  0.000000E+00  0.340167E+06
  0.398187E-03  0.340159E+06  0.340146E+06  0.449357E+06  0.449013E+06  0.000000E+00  0.340157E+06
  0.411684E-03  0.340148E+06  0.340135E+06  0.449055E+06  0.448688E+06  0.000000E+00  0.340146E+06
  0.425638E-03  0.340137E+06  0.340122E+06  0.448733E+06  0.448341E+06  0.000000E+00  0.340135E+06
  0.440065E-03  0.340125E+06  0.340109E+06  0.448388E+06  0.447970E+06  0.000000E+00  0.340122E+06
  0.454981E-03  0.340112E+06  0.340095E+06  0.448020E+06  0.447574E+06  0.000000E+00  0.340109E+06
  0.470403E-03  0.340098E+06  0.340080E+06  0.447628E+06  0.447151E+06  0.000000E+00  0.340095E+06
  0.486347E-03  0.340083E+06  0.340063E+06  0.447208E+06  0.446699E+06  0.000000E+00  0.340080E+06
  0.502832E-03  0.340067E+06  0.340046E+06  0.446760E+06  0.446216E+06  0.000000E+00  0.340064E+06
  0.519875E-03  0.340050E+06  0.340028E+06  0.446281E+06  0.445701E+06  0.000000E+00  0.340046E+06
  0.537497E-03  0.340032E+06  0.340008E+06  0.445770E+06  0.445151E+06  0.000000E+00  0.340028E+06
  0.555715E-03  0.340012E+06  0.339987E+06  0.445224E+06  0.444563E+06  0.000000E+00  0.340008E+06
  0.574551E-03  0.339991E+06  0.339964E+06  0.444642E+06  0.443936E+06  0.000000E+00  0.339987E+06
  0.594026E-03  0.339969E+06  0.339940E+06  0.444019E+06  0.443266E+06  0.000000E+00  0.339964E+06
  0.614160E-03  0.339945E+06  0.339914E+06  0.443355E+06  0.442551E+06  0.000000E+00  0.339940E+06
  0.634977E-03  0.339920E+06  0.339887E+06  0.442646E+06  0.441788E+06  0.000000E+00  0.339915E+06
  0.656500E-03  0.339893E+06  0.339857E+06  0.441889E+06  0.440974E+06  0.000000E+00  0.339887E+06
  0.678752E-03  0.339864E+06  0.339826E+06  0.441082E+06  0.440105E+06  0.000000E+00  0.339858E+06
  0.701758E-03  0.339832E+06  0.339792E+06  0.440220E+06  0.439178E+06  0.000000E+00  0.339826E+06
  0.725544E-03  0.339799E+06  0.339756E+06  0.439300E+06  0.438189E+06  0.000000E+00  0.339793E+06
  0.750137E-03  0.339764E+06  0.339718E+06  0.438318E+06  0.437135E+06  0.000000E+00  0.339757E+06
  0.775563E-03  0.339726E+06  0.339677E+06  0.437272E+06  0.436010E+06  0.000000E+00  0.339719E+06
  0.801851E-03  0.339686E+06  0.339633E+06  0.436155E+06  0.434810E+06  0.000000E+00  0.339678E+06
  0.829029E-03  0.339643E+06  0.339586E+06  0.434964E+06  0.433531E+06  0.000000E+00  0.339634E+06
  0.857129E-03  0.339597E+06  0.339536E+06  0.433694E+06  0.432167E+06  0.000000E+00  0.339587E+06
  0.886182E-03  0.339547E+06  0.339483E+06  0.432341E+06  0.430714E+06  0.000000E+00  0.339537E+06
  0.916219E-03  0.339495E+06  0.339426E+06  0.430898E+06  0.429166E+06  0.000000E+00  0.339484E+06
  0.947274E-03  0.339439E+06  0.339365E+06  0.429360E+06  0.427516E+06  0.000000E+00  0.339427E+06
  0.979383E-03  0.339379E+06  0.339300E+06  0.427722E+06  0.425760E+06  0.000000E+00  0.339366E+06
  0.101258E-02  0.339314E+06  0.339230E+06  0.425977E+06  0.423889E+06  0.000000E+00  0.339301E+06
  0.104690E-02  0.339246E+06  0.339156E+06  0.424118E+06  0.421898E+06  0.000000E+00  0.339232E+06
  0.108239E-02  0.339173E+06  0.339077E+06  0.422139E+06  0.419778E+06  0.000000E+00  0.339158E+06
  0.111907E-02  0.339095E+06  0.338992E+06  0.420033E+06  0.417524E+06  0.000000E+00  0.339079E+06
  0.115700E-02  0.339012E+06  0.338902E+06  0.417792E+06  0.415126E+06  0.000000E+00  0.338995E+06
  0.119622E-02  0.338923E+06  0.338805E+06  0.415408E+06  0.412577E+06  0.000000E+00  0.338905E+06
  0.123677E-02  0.338828E+06  0.338702E+06  0.412873E+06  0.409868E+06  0.000000E+00  0.338808E+06
  0.127869E-02  0.338727E+06  0.338593E+06  0.410178E+06  0.406990E+06  0.000000E+00  0.338706E+06
  0.132203E-02  0.338618E+06  0.338475E+06  0.407314E+06  0.403934E+06  0.000000E+00  0.338596E+06
  0.136684E-02  0.338503E+06  0.338350E+06  0.404273E+06  0.400690E+06  0.000000E+00  0.338479E+06
  0.141317E-02  0.338380E+06  0.338216E+06  0.401044E+06  0.397249E+06  0.000000E+00  0.338355E+06
  0.146107E-02  0.338249E+06  0.338074E+06  0.397617E+06  0.393601E+06  0.000000E+00  0.338222E+06
  0.151059E-02  0.338109E+06  0.337922E+06  0.393983E+06  0.389736E+06  0.000000E+00  0.338080E+06
  0.156179E-02  0.337959E+06  0.337759E+06  0.390131E+06  0.385642E+06  0.000000E+00  0.337928E+06
  0.161473E-02  0.337800E+06  0.337586E+06  0.386050E+06  0.381309E+06  0.000000E+00  0.337767E+06
  0.166946E-02  0.337630E+06  0.337402E+06  0.381729E+06  0.376727E+06  0.000000E+00  0.337595E+06
  0.172605E-02  0.337449E+06  0.337205E+06  0.377157E+06  0.371885E+06  0.000000E+00  0.337411E+06
  0.178455E-02  0.337256E+06  0.336995E+06  0.372324E+06  0.366772E+06  0.000000E+00  0.337215E+06
  0.184504E-02  0.337050E+06  0.336772E+06  0.367218E+06  0.361378E+06  0.000000E+00  0.337007E+06
  0.190758E-02  0.336831E+06  0.336533E+06  0.361828E+06  0.355693E+06  0.000000E+00  0.336785E+06
  0.197223E-02  0.336597E+06  0.336279E+06  0.356144E+06  0.349707E+06  0.000000E+00  0.336548E+06
  0.203908E-02  0.336348E+06  0.336009E+06  0.350156E+06  0.343410E+06  0.000000E+00  0.336296E+06
  0.210820E-02  0.336084E+06  0.335721E+06  0.343853E+06  0.336795E+06  0.000000E+00  0.336028E+06
  0.217966E-02  0.335802E+06  0.335414E+06  0.337227E+06  0.329853E+06  0.000000E+00  0.335742E+06
  0.225354E-02  0.335502E+06  0.335087E+06  0.330269E+06  0.322579E+06  0.000000E+00  0.335438E+06
  0.232992E-02  0.335183E+06  0.334740E+06  0.322972E+06  0.314968E+06  0.000000E+00  0.335114E+06
  0.240889E-02  0.334843E+06  0.334370E+06  0.315331E+06  0.307015E+06  0.000000E+00  0.334770E+06
  0.249054E-02  0.334482E+06  0.333977E+06  0.307339E+06  0.298720E+06  0.000000E+00  0.334404E+06
  0.257496E-02  0.334099E+06  0.333559E+06  0.298996E+06  0.290083E+06  0.000000E+00  0.334016E+06
  0.266224E-02  0.333692E+06  0.333115E+06  0.290301E+06  0.281108E+06  0.000000E+00  0.333603E+06
  0.275248E-02  0.333259E+06  0.332643E+06  0.281256E+06  0.271800E+06  0.000000E+00  0.333164E+06
  0.284577E-02  0.332800E+06  0.332142E+06  0.271865E+06  0.262169E+06  0.000000E+00  0.332698E+06
  0.294223E-02  0.332313E+06  0.331610E+06  0.262136E+06  0.252227E+06  0.000000E+00  0.332204E+06
  0.304196E-02  0.331796E+06  0.331045E+06  0.252081E+06  0.241992E+06  0.000000E+00  0.331680E+06
  0.314506E-02  0.331248E+06  0.330446E+06  0.241715E+06  0.231484E+06  0.000000E+00  0.331125E+06
  0.325166E-02  0.330668E+06  0.329812E+06  0.231058E+06  0.220729E+06  0.000000E+00  0.330536E+06
  0.336188E-02  0.330054E+06  0.329139E+06  0.220135E+06  0.209758E+06  0.000000E+00  0.329913E+06
  0.347583E-02  0.329404E+06  0.328427E+06  0.208974E+06  0.198606E+06  0.000000E+00  0.329253E+06
  0.359365E-02  0.328717E+06  0.327673E+06  0.197611E+06  0.187316E+06  0.000000E+00  0.328556E+06
  0.371545E-02  0.327990E+06  0.326876E+06  0.186086E+06  0.175932E+06  0.000000E+00  0.327818E+06
  0.384139E-02  0.327223E+06  0.326034E+06  0.174446E+06  0.164509E+06  0.000000E+00  0.327039E+06
  0.397159E-02  0.326413E+06  0.325144E+06  0.162742E+06  0.153102E+06  0.000000E+00  0.326217E+06
  0.410621E-02  0.325559E+06  0.324204E+06  0.151034E+06  0.141776E+06  0.000000E+00  0.325350E+06
  0.424539E-02  0.324660E+06  0.323213E+06  0.139385E+06  0.130597E+06  0.000000E+00  0.324437E+06
  0.438929E-02  0.323713E+06  0.322169E+06  0.127864E+06  0.119638E+06  0.000000E+00  0.323475E+06
  0.453806E-02  0.322717E+06  0.321069E+06  0.116545E+06  0.108971E+06  0.000000E+00  0.322462E+06
  0.469188E-02  0.321670E+06  0.319911E+06  0.105508E+06  0.986742E+05  0.000000E+00  0.321398E+06
  0.485091E-02  0.320571E+06  0.318695E+06  0.948319E+05  0.888226E+05  0.000000E+00  0.320281E+06
  0.501534E-02  0.319418E+06  0.317416E+06  0.846005E+05  0.794913E+05  0.000000E+00  0.319109E+06
  0.518533E-02  0.318210E+06  0.316075E+06  0.748958E+05  0.707514E+05  0.000000E+00  0.317880E+06
  0.536109E-02  0.316945E+06  0.314668E+06  0.657975E+05  0.626680E+05  0.000000E+00  0.316594E+06
  0.554280E-02  0.315623E+06  0.313195E+06  0.573810E+05  0.552977E+05  0.000000E+00  0.315248E+06
  0.573068E-02  0.314242E+06  0.311653E+06  0.497139E+05  0.486860E+05  0.000000E+00  0.313842E+06
  0.592492E-02  0.312801E+06  0.310040E+06  0.428538E+05  0.428643E+05  0.000000E+00  0.312375E+06
  0.612574E-02  0.311299E+06  0.308357E+06  0.368448E+05  0.378477E+05  0.000000E+00  0.310845E+06
  0.633338E-02  0.309736E+06  0.306600E+06  0.317147E+05  0.336324E+05  0.000000E+00  0.309252E+06
  0.654805E-02  0.308111E+06  0.304769E+06  0.274721E+05  0.301943E+05  0.000000E+00  0.307595E+06
  0.677000E-02  0.306423E+06  0.302862E+06  0.241034E+05  0.274875E+05  0.000000E+00  0.305873E+06
  0.699947E-02  0.304671E+06  0.300879E+06  0.215715E+05  0.254446E+05  0.000000E+00  0.304086E+06
  0.723671E-02  0.302856E+06  0.298817E+06  0.198141E+05  0.239775E+05  0.000000E+00  0.302233E+06
  0.748200E-02  0.300977E+06  0.296677E+06  0.187442E+05  0.229804E+05  0.000000E+00  0.300314E+06
  0.773561E-02  0.299034E+06  0.294457E+06  0.182512E+05  0.223335E+05  0.000000E+00  0.298328E+06
  0.799781E-02  0.297027E+06  0.292155E+06  0.182044E+05  0.219088E+05  0.000000E+00  0.296275E+06
  0.826889E-02  0.294955E+06  0.289772E+06  0.184579E+05  0.215773E+05  0.000000E+00  0.294155E+06
  0.854917E-02  0.292818E+06  0.287305E+06  0.188573E+05  0.212173E+05  0.000000E+00  0.291967E+06
  0.883894E-02  0.290617E+06  0.284754E+06  0.192485E+05  0.207228E+05  0.000000E+00  0.289712E+06
  0.913854E-02  0.288350E+06  0.282118E+06  0.194881E+05  0.200129E+05  0.000000E+00  0.287388E+06
  0.944829E-02  0.286018E+06  0.279395E+06  0.194538E+05  0.190391E+05  0.000000E+00  0.284996E+06
  0.976854E-02  0.283620E+06  0.276584E+06  0.190556E+05  0.177906E+05  0.000000E+00  0.282534E+06
  0.100996E-01  0.281155E+06  0.273683E+06  0.182455E+05  0.162967E+05  0.000000E+00  0.280002E+06
  0.104420E-01  0.278624E+06  0.270692E+06  0.170240E+05  0.146245E+05  0.000000E+00  0.277400E+06
  0.107959E-01  0.276025E+06  0.267607E+06  0.154439E+05  0.128716E+05  0.000000E+00  0.274726E+06
  0.111618E-01  0.273358E+06  0.264429E+06  0.136074E+05  0.111545E+05  0.000000E+00  0.271980E+06
  0.115402E-01  0.270622E+06  0.261155E+06  0.116577E+05  0.959206E+04  0.000000E+00  0.269161E+06
  0.119313E-01  0.267817E+06  0.257784E+06  0.976366E+04  0.828721E+04  0.000000E+00  0.266268E+06
  0.123357E-01  0.264941E+06  0.254314E+06  0.809905E+04  0.730886E+04  0.000000E+00  0.263301E+06
  0.127539E-01  0.261995E+06  0.250744E+06  0.681744E+04  0.667768E+04  0.000000E+00  0.260258E+06
  0.131862E-01  0.258977E+06  0.247072E+06  0.602668E+04  0.635922E+04  0.000000E+00  0.257140E+06
  0.136331E-01  0.255889E+06  0.243299E+06  0.576688E+04  0.626741E+04  0.000000E+00  0.253946E+06
  0.140952E-01  0.252727E+06  0.239423E+06  0.000000E+00  0.000000E+00  0.000000E+00  0.250674E+06
  0.145730E-01  0.249494E+06  0.235443E+06  0.000000E+00  0.000000E+00  0.000000E+00  0.247326E+06
  0.150669E-01  0.246189E+06  0.231360E+06  0.000000E+00  0.000000E+00  0.000000E+00  0.243900E+06
  0.155776E-01  0.242812E+06  0.227175E+06  0.000000E+00  0.000000E+00  0.000000E+00  0.240398E+06
  0.161056E-01  0.239363E+06  0.222886E+06  0.000000E+00  0.000000E+00  0.000000E+00  0.236820E+06
  0.166515E-01  0.235842E+06  0.218496E+06  0.000000E+00  0.000000E+00  0.000000E+00  0.233165E+06
  0.172159E-01  0.232250E+06  0.214005E+06  0.000000E+00  0.000000E+00  0.000000E+00  0.229435E+06
  0.177994E-01  0.228588E+06  0.209416E+06  0.000000E+00  0.000000E+00  0.000000E+00  0.225629E+06
  0.184028E-01  0.224856E+06  0.204732E+06  0.000000E+00  0.000000E+00  0.000000E+00  0.221750E+06
  0.190265E-01  0.221055E+06  0.199955E+06  0.000000E+00  0.000000E+00  0.000000E+00  0.217799E+06
  0.196714E-01  0.217187E+06  0.195090E+06  0.000000E+00  0.000000E+00  0.000000E+00  0.213777E+06
  0.203382E-01  0.213254E+06  0.190141E+06  0.000000E+00  0.000000E+00  0.000000E+00  0.209687E+06
  0.210276E-01  0.209256E+06  0.185115E+06  0.000000E+00  0.000000E+00  0.000000E+00  0.205530E+06
  0.217403E-01  0.205198E+06  0.180019E+06  0.000000E+00  0.000000E+00  0.000000E+00  0.201312E+06
  0.224772E-01  0.201081E+06  0.174861E+06  0.000000E+00  0.000000E+00  0.000000E+00  0.197034E+06
  0.232390E-01  0.196909E+06  0.169650E+06  0.000000E+00  0.000000E+00  0.000000E+00  0.192702E+06
  0.240267E-01  0.192686E+06  0.164398E+06  0.000000E+00  0.000000E+00  0.000000E+00  0.188320E+06
  0.248411E-01  0.188417E+06  0.159116E+06  0.000000E+00  0.000000E+00  0.000000E+00  0.183895E+06
  0.256831E-01  0.184106E+06  0.153819E+06  0.000000E+00  0.000000E+00  0.000000E+00  0.179432E+06
  0.265537E-01  0.179759E+06  0.148521E+06  0.000000E+00  0.000000E+00  0.000000E+00  0.174938E+06
  0.274537E-01  0.175384E+06  0.143239E+06  0.000000E+00  0.000000E+00  0.000000E+00  0.170423E+06
  0.283842E-01  0.170986E+06  0.137993E+06  0.000000E+00  0.000000E+00  0.000000E+00  0.165894E+06
  0.293463E-01  0.166575E+06  0.132802E+06  0.000000E+00  0.000000E+00  0.000000E+00  0.161362E+06
  0.303410E-01  0.162158E+06  0.127687E+06  0.000000E+00  0.000000E+00  0.000000E+00  0.156838E+06
  0.313694E-01  0.157746E+06  0.122671E+06  0.000000E+00  0.000000E+00  0.000000E+00  0.152333E+06
  0.324327E-01  0.153349E+06  0.117778E+06  0.000000E+00  0.000000E+00  0.000000E+00  0.147859E+06
  0.335320E-01  0.148978E+06  0.113032E+06  0.000000E+00  0.000000E+00  0.000000E+00  0.143431E+06
  0.346686E-01  0.144645E+06  0.108459E+06  0.000000E+00  0.000000E+00  0.000000E+00  0.139060E+06
  0.358437E-01  0.140361E+06  0.104084E+06  0.000000E+00  0.000000E+00  0.000000E+00  0.134762E+06
  0.370586E-01  0.136139E+06  0.999309E+05  0.000000E+00  0.000000E+00  0.000000E+00  0.130551E+06
  0.383147E-01  0.131971E+06  0.960023E+05  0.000000E+00  0.000000E+00  0.000000E+00  0.126420E+06
  0.396134E-01  0.127878E+06  0.923265E+05  0.000000E+00  0.000000E+00  0.000000E+00  0.122391E+06
  0.409561E-01  0.123882E+06  0.889341E+05  0.000000E+00  0.000000E+00  0.000000E+00  0.118489E+06
  0.423443E-01  0.119999E+06  0.858428E+05  0.000000E+00  0.000000E+00  0.000000E+00  0.114728E+06
  0.437796E-01  0.116240E+06  0.830636E+05  0.000000E+00  0.000000E+00  0.000000E+00  0.111120E+06
  0.452635E-01  0.112614E+06  0.806004E+05  0.000000E+00  0.000000E+00  0.000000E+00  0.107673E+06
  0.467977E-01  0.109125E+06  0.784480E+05  0.000000E+00  0.000000E+00  0.000000E+00  0.104391E+06
  0.483839E-01  0.105774E+06  0.765920E+05  0.000000E+00  0.000000E+00  0.000000E+00  0.101271E+06
  0.500239E-01  0.102559E+06  0.750082E+05  0.000000E+00  0.000000E+00  0.000000E+00  0.983067E+05
  0.517194E-01  0.994716E+05  0.736635E+05  0.000000E+00  0.000000E+00  0.000000E+00  0.954886E+05
  0.534725E-01  0.965048E+05  0.725169E+05  0.000000E+00  0.000000E+00  0.000000E+00  0.928027E+05
  0.552850E-01  0.936495E+05  0.715209E+05  0.000000E+00  0.000000E+00  0.000000E+00  0.902343E+05
  0.571588E-01  0.908984E+05  0.706258E+05  0.000000E+00  0.000000E+00  0.000000E+00  0.877697E+05
  0.590963E-01  0.882533E+05  0.697871E+05  0.000000E+00  0.000000E+00  0.000000E+00  0.854034E+05
  0.610993E-01  0.857603E+05  0.690054E+05  0.000000E+00  0.000000E+00  0.000000E+00  0.831745E+05
  0.631703E-01  0.832685E+05  0.680774E+05  0.000000E+00  0.000000E+00  0.000000E+00  0.809240E+05
  0.653114E-01  0.808162E+05  0.669982E+05  0.000000E+00  0.000000E+00  0.000000E+00  0.786837E+05
  0.675252E-01  0.783831E+05  0.657079E+05  0.000000E+00  0.000000E+00  0.000000E+00  0.764269E+05
  0.698139E-01  0.759492E+05  0.641557E+05  0.000000E+00  0.000000E+00  0.000000E+00  0.741291E+05
  0.721803E-01  0.734975E+05  0.623055E+05  0.000000E+00  0.000000E+00  0.000000E+00  0.717703E+05
  0.746268E-01  0.710162E+05  0.601414E+05  0.000000E+00  0.000000E+00  0.000000E+00  0.693379E+05
  0.771564E-01  0.685006E+05  0.576720E+05  0.000000E+00  0.000000E+00  0.000000E+00  0.668294E+05
  0.797716E-01  0.659544E+05  0.549326E+05  0.000000E+00  0.000000E+00  0.000000E+00  0.642534E+05
  0.824755E-01  0.633887E+05  0.519847E+05  0.000000E+00  0.000000E+00  0.000000E+00  0.616287E+05
  0.852709E-01  0.608211E+05  0.489133E+05  0.000000E+00  0.000000E+00  0.000000E+00  0.589833E+05
  0.881612E-01  0.582733E+05  0.458204E+05  0.000000E+00  0.000000E+00  0.000000E+00  0.563515E+05
  0.911495E-01  0.557711E+05  0.428194E+05  0.000000E+00  0.000000E+00  0.000000E+00  0.537722E+05
  0.942390E-01  0.533431E+05  0.400262E+05  0.000000E+00  0.000000E+00  0.000000E+00  0.512879E+05
  0.974333E-01  0.510208E+05  0.375498E+05  0.000000E+00  0.000000E+00  0.000000E+00  0.489418E+05
  0.100736E+00  0.488346E+05  0.354793E+05  0.000000E+00  0.000000E+00  0.000000E+00  0.467735E+05
  0.104150E+00  0.468088E+05  0.338689E+05  0.000000E+00  0.000000E+00  0.000000E+00  0.448118E+05
  0.107680E+00  0.449543E+05  0.327243E+05  0.000000E+00  0.000000E+00  0.000000E+00  0.430668E+05
  0.111330E+00  0.432656E+05  0.319960E+05  0.000000E+00  0.000000E+00  0.000000E+00  0.415264E+05
  0.115104E+00  0.417226E+05  0.315831E+05  0.000000E+00  0.000000E+00  0.000000E+00  0.401577E+05
  0.119005E+00  0.402940E+05  0.313449E+05  0.000000E+00  0.000000E+00  0.000000E+00  0.389129E+05
  0.123039E+00  0.389409E+05  0.311181E+05  0.000000E+00  0.000000E+00  0.000000E+00  0.377336E+05
  0.127209E+00  0.376160E+05  0.307361E+05  0.000000E+00  0.000000E+00  0.000000E+00  0.365543E+05
  0.131521E+00  0.362695E+05  0.300553E+05  0.000000E+00  0.000000E+00  0.000000E+00  0.353105E+05
  0.135979E+00  0.348626E+05  0.289889E+05  0.000000E+00  0.000000E+00  0.000000E+00  0.339561E+05
  0.140588E+00  0.333856E+05  0.275385E+05  0.000000E+00  0.000000E+00  0.000000E+00  0.324832E+05
  0.145353E+00  0.318618E+05  0.257999E+05  0.000000E+00  0.000000E+00  0.000000E+00  0.309262E+05
  0.150280E+00  0.303324E+05  0.239371E+05  0.000000E+00  0.000000E+00  0.000000E+00  0.293455E+05
  0.155374E+00  0.288411E+05  0.221408E+05  0.000000E+00  0.000000E+00  0.000000E+00  0.278070E+05
  0.160640E+00  0.274309E+05  0.205916E+05  0.000000E+00  0.000000E+00  0.000000E+00  0.263754E+05
  0.166085E+00  0.261463E+05  0.194259E+05  0.000000E+00  0.000000E+00  0.000000E+00  0.251091E+05
  0.171715E+00  0.250146E+05  0.186890E+05  0.000000E+00  0.000000E+00  0.000000E+00  0.240384E+05
  0.177535E+00  0.240227E+05  0.183033E+05  0.000000E+00  0.000000E+00  0.000000E+00  0.231400E+05
  0.183553E+00  0.231211E+05  0.180893E+05  0.000000E+00  0.000000E+00  0.000000E+00  0.223445E+05
  0.189774E+00  0.222528E+05  0.178352E+05  0.000000E+00  0.000000E+00  0.000000E+00  0.215710E+05
  0.196206E+00  0.213700E+05  0.173661E+05  0.000000E+00  0.000000E+00  0.000000E+00  0.207521E+05
  0.202857E+00  0.204410E+05  0.165986E+05  0.000000E+00  0.000000E+00  0.000000E+00  0.198480E+05
  0.209733E+00  0.194660E+05  0.155774E+05  0.000000E+00  0.000000E+00  0.000000E+00  0.188659E+05
  0.216842E+00  0.184824E+05  0.144626E+05  0.000000E+00  0.000000E+00  0.000000E+00  0.178620E+05
  0.224192E+00  0.175433E+05  0.134549E+05  0.000000E+00  0.000000E+00  0.000000E+00  0.169123E+05
  0.231791E+00  0.166937E+05  0.127037E+05  0.000000E+00  0.000000E+00  0.000000E+00  0.160779E+05
  0.239647E+00  0.159503E+05  0.122376E+05  0.000000E+00  0.000000E+00  0.000000E+00  0.153773E+05
  0.247770E+00  0.152878E+05  0.119473E+05  0.000000E+00  0.000000E+00  0.000000E+00  0.147723E+05
  0.256168E+00  0.146552E+05  0.116513E+05  0.000000E+00  0.000000E+00  0.000000E+00  0.141916E+05
  0.264851E+00  0.140103E+05  0.112083E+05  0.000000E+00  0.000000E+00  0.000000E+00  0.135779E+05
  0.273828E+00  0.133402E+05  0.105948E+05  0.000000E+00  0.000000E+00  0.000000E+00  0.129165E+05
  0.283110E+00  0.126654E+05  0.991098E+04  0.000000E+00  0.000000E+00  0.000000E+00  0.122403E+05
  0.292706E+00  0.120279E+05  0.930722E+04  0.000000E+00  0.000000E+00  0.000000E+00  0.116080E+05
  0.302627E+00  0.114545E+05  0.886838E+04  0.000000E+00  0.000000E+00  0.000000E+00  0.110553E+05
  0.312884E+00  0.109375E+05  0.855603E+04  0.000000E+00  0.000000E+00  0.000000E+00  0.105700E+05
  0.323490E+00  0.104486E+05  0.825670E+04  0.000000E+00  0.000000E+00  0.000000E+00  0.101103E+05
  0.334454E+00  0.995713E+04  0.787843E+04  0.000000E+00  0.000000E+00  0.000000E+00  0.963633E+04
  0.345791E+00  0.946218E+04  0.743319E+04  0.000000E+00  0.000000E+00  0.000000E+00  0.914904E+04
  0.357512E+00  0.898581E+04  0.700765E+04  0.000000E+00  0.000000E+00  0.000000E+00  0.868052E+04
  0.369629E+00  0.854780E+04  0.666674E+04  0.000000E+00  0.000000E+00  0.000000E+00  0.825749E+04
  0.382158E+00  0.814449E+04  0.639004E+04  0.000000E+00  0.000000E+00  0.000000E+00  0.787372E+04
  0.395111E+00  0.775720E+04  0.610999E+04  0.000000E+00  0.000000E+00  0.000000E+00  0.750298E+04
  0.408504E+00  0.737441E+04  0.579578E+04  0.000000E+00  0.000000E+00  0.000000E+00  0.713078E+04
  0.422350E+00  0.700369E+04  0.548183E+04  0.000000E+00  0.000000E+00  0.000000E+00  0.676882E+04
  0.436666E+00  0.665637E+04  0.520886E+04  0.000000E+00  0.000000E+00  0.000000E+00  0.643298E+04
  0.451466E+00  0.633191E+04  0.496974E+04  0.000000E+00  0.000000E+00  0.000000E+00  0.612169E+04
  0.466769E+00  0.602003E+04  0.473016E+04  0.000000E+00  0.000000E+00  0.000000E+00  0.582096E+04
  0.482590E+00  0.571749E+04  0.448439E+04  0.000000E+00  0.000000E+00  0.000000E+00  0.552719E+04
  0.498948E+00  0.542979E+04  0.425449E+04  0.000000E+00  0.000000E+00  0.000000E+00  0.524840E+04
  0.515859E+00  0.515887E+04  0.404694E+04  0.000000E+00  0.000000E+00  0.000000E+00  0.498727E+04
  0.533344E+00  0.490044E+04  0.384682E+04  0.000000E+00  0.000000E+00  0.000000E+00  0.473784E+04
  0.551422E+00  0.465220E+04  0.364913E+04  0.000000E+00  0.000000E+00  0.000000E+00  0.449740E+04
  0.570113E+00  0.441623E+04  0.346314E+04  0.000000E+00  0.000000E+00  0.000000E+00  0.426914E+04
  0.589437E+00  0.419261E+04  0.328964E+04  0.000000E+00  0.000000E+00  0.000000E+00  0.405325E+04
  0.609416E+00  0.397916E+04  0.312215E+04  0.000000E+00  0.000000E+00  0.000000E+00  0.384690E+04
  0.630072E+00  0.377557E+04  0.296156E+04  0.000000E+00  0.000000E+00  0.000000E+00  0.364995E+04
  0.651428E+00  0.358232E+04  0.281045E+04  0.000000E+00  0.000000E+00  0.000000E+00  0.346320E+04
  0.673509E+00  0.339844E+04  0.266643E+04  0.000000E+00  0.000000E+00  0.000000E+00  0.328547E+04
  0.696337E+00  0.322334E+04  0.252877E+04  0.000000E+00  0.000000E+00  0.000000E+00  0.311615E+04
  0.719940E+00  0.305696E+04  0.239839E+04  0.000000E+00  0.000000E+00  0.000000E+00  0.295532E+04
  0.744342E+00  0.289875E+04  0.227435E+04  0.000000E+00  0.000000E+00  0.000000E+00  0.280239E+04
  0.769572E+00  0.274831E+04  0.215628E+04  0.000000E+00  0.000000E+00  0.000000E+00  0.265694E+04
  0.795656E+00  0.260534E+04  0.204417E+04  0.000000E+00  0.000000E+00  0.000000E+00  0.251873E+04
  0.822625E+00  0.246944E+04  0.193755E+04  0.000000E+00  0.000000E+00  0.000000E+00  0.238736E+04
  0.850508E+00  0.234033E+04  0.183627E+04  0.000000E+00  0.000000E+00  0.000000E+00  0.226254E+04
  0.879336E+00  0.221766E+04  0.174004E+04  0.000000E+00  0.000000E+00  0.000000E+00  0.214395E+04
  0.909141E+00  0.210115E+04  0.164863E+04  0.000000E+00  0.000000E+00  0.000000E+00  0.203131E+04
  0.939957E+00  0.199053E+04  0.156186E+04  0.000000E+00  0.000000E+00  0.000000E+00  0.192437E+04
  0.971817E+00  0.188550E+04  0.147947E+04  0.000000E+00  0.000000E+00  0.000000E+00  0.182284E+04
  0.100476E+01  0.178579E+04  0.140124E+04  0.000000E+00  0.000000E+00  0.000000E+00  0.172644E+04
  0.103881E+01  0.169115E+04  0.132699E+04  0.000000E+00  0.000000E+00  0.000000E+00  0.163495E+04
  0.107402E+01  0.160132E+04  0.125651E+04  0.000000E+00  0.000000E+00  0.000000E+00  0.154810E+04
  0.111043E+01  0.151608E+04  0.118964E+04  0.000000E+00  0.000000E+00  0.000000E+00  0.146570E+04
  0.114807E+01  0.143521E+04  0.112619E+04  0.000000E+00  0.000000E+00  0.000000E+00  0.138752E+04
  0.118698E+01  0.135851E+04  0.106601E+04  0.000000E+00  0.000000E+00  0.000000E+00  0.131337E+04
  0.122721E+01  0.128577E+04  0.100894E+04  0.000000E+00  0.000000E+00  0.000000E+00  0.124305E+04
  0.126881E+01  0.121679E+04  0.954816E+03  0.000000E+00  0.000000E+00  0.000000E+00  0.117636E+04
  0.131182E+01  0.115138E+04  0.903498E+03  0.000000E+00  0.000000E+00  0.000000E+00  0.111312E+04
  0.135628E+01  0.108937E+04  0.854842E+03  0.000000E+00  0.000000E+00  0.000000E+00  0.105317E+04
  0.140225E+01  0.103058E+04  0.808720E+03  0.000000E+00  0.000000E+00  0.000000E+00  0.996343E+03
  0.144978E+01  0.974872E+03  0.765006E+03  0.000000E+00  0.000000E+00  0.000000E+00  0.942483E+03
  0.149892E+01  0.922079E+03  0.723582E+03  0.000000E+00  0.000000E+00  0.000000E+00  0.891445E+03
  0.154973E+01  0.872058E+03  0.684333E+03  0.000000E+00  0.000000E+00  0.000000E+00  0.843086E+03
  0.160226E+01  0.824667E+03  0.647148E+03  0.000000E+00  0.000000E+00  0.000000E+00  0.797271E+03
  0.165656E+01  0.779780E+03  0.611928E+03  0.000000E+00  0.000000E+00  0.000000E+00  0.753876E+03
  0.171271E+01  0.737263E+03  0.578566E+03  0.000000E+00  0.000000E+00  0.000000E+00  0.712771E+03
  0.177077E+01  0.696996E+03  0.546969E+03  0.000000E+00  0.000000E+00  0.000000E+00  0.673842E+03
  0.183079E+01  0.658865E+03  0.517048E+03  0.000000E+00  0.000000E+00  0.000000E+00  0.636979E+03
  0.189284E+01  0.622765E+03  0.488720E+03  0.000000E+00  0.000000E+00  0.000000E+00  0.602077E+03
  0.195700E+01  0.588590E+03  0.461903E+03  0.000000E+00  0.000000E+00  0.000000E+00  0.569038E+03
  0.202333E+01  0.556243E+03  0.436521E+03  0.000000E+00  0.000000E+00  0.000000E+00  0.537766E+03
  0.209191E+01  0.525624E+03  0.412494E+03  0.000000E+00  0.000000E+00  0.000000E+00  0.508165E+03
  0.216282E+01  0.496647E+03  0.389756E+03  0.000000E+00  0.000000E+00  0.000000E+00  0.480151E+03
  0.223613E+01  0.469228E+03  0.368239E+03  0.000000E+00  0.000000E+00  0.000000E+00  0.453642E+03
  0.231192E+01  0.443285E+03  0.347881E+03  0.000000E+00  0.000000E+00  0.000000E+00  0.428562E+03
  0.239028E+01  0.418743E+03  0.328623E+03  0.000000E+00  0.000000E+00  0.000000E+00  0.404835E+03
  0.247130E+01  0.395527E+03  0.310404E+03  0.000000E+00  0.000000E+00  0.000000E+00  0.382390E+03
  0.255507E+01  0.373566E+03  0.293170E+03  0.000000E+00  0.000000E+00  0.000000E+00  0.361159E+03
  0.264167E+01  0.352798E+03  0.276872E+03  0.000000E+00  0.000000E+00  0.000000E+00  0.341080E+03
  0.273121E+01  0.333159E+03  0.261461E+03  0.000000E+00  0.000000E+00  0.000000E+00  0.322094E+03
  0.282379E+01  0.314588E+03  0.246888E+03  0.000000E+00  0.000000E+00  0.000000E+00  0.304140E+03
  0.291950E+01  0.297030E+03  0.233109E+03  0.000000E+00  0.000000E+00  0.000000E+00  0.287165E+03
  0.301846E+01  0.280429E+03  0.220081E+03  0.000000E+00  0.000000E+00  0.000000E+00  0.271116E+03
  0.312077E+01  0.264738E+03  0.207767E+03  0.000000E+00  0.000000E+00  0.000000E+00  0.255945E+03
  0.322655E+01  0.249906E+03  0.196128E+03  0.000000E+00  0.000000E+00  0.000000E+00  0.241607E+03
  0.333591E+01  0.235889E+03  0.185127E+03  0.000000E+00  0.000000E+00  0.000000E+00  0.228055E+03
  0.344898E+01  0.222641E+03  0.174730E+03  0.000000E+00  0.000000E+00  0.000000E+00  0.215247E+03
  0.356588E+01  0.210123E+03  0.164906E+03  0.000000E+00  0.000000E+00  0.000000E+00  0.203145E+03
  0.368675E+01  0.198295E+03  0.155624E+03  0.000000E+00  0.000000E+00  0.000000E+00  0.191709E+03
  0.381172E+01  0.187120E+03  0.146854E+03  0.000000E+00  0.000000E+00  0.000000E+00  0.180906E+03
  0.394091E+01  0.176563E+03  0.138569E+03  0.000000E+00  0.000000E+00  0.000000E+00  0.170699E+03
  0.407449E+01  0.166590E+03  0.130742E+03  0.000000E+00  0.000000E+00  0.000000E+00  0.161057E+03
  0.421259E+01  0.157170E+03  0.123349E+03  0.000000E+00  0.000000E+00  0.000000E+00  0.151951E+03
  0.435538E+01  0.148274E+03  0.116368E+03  0.000000E+00  0.000000E+00  0.000000E+00  0.143350E+03
  0.450301E+01  0.139872E+03  0.109774E+03  0.000000E+00  0.000000E+00  0.000000E+00  0.135227E+03
  0.465564E+01  0.131938E+03  0.103547E+03  0.000000E+00  0.000000E+00  0.000000E+00  0.127556E+03
  0.481344E+01  0.124446E+03  0.976670E+02  0.000000E+00  0.000000E+00  0.000000E+00  0.120313E+03
  0.497659E+01  0.117373E+03  0.921156E+02  0.000000E+00  0.000000E+00  0.000000E+00  0.113475E+03
  0.514527E+01  0.110694E+03  0.868744E+02  0.000000E+00  0.000000E+00  0.000000E+00  0.107018E+03
  0.531968E+01  0.104390E+03  0.819263E+02  0.000000E+00  0.000000E+00  0.000000E+00  0.100923E+03
  0.549998E+01  0.984386E+02  0.772558E+02  0.000000E+00  0.000000E+00  0.000000E+00  0.951694E+02
  0.568641E+01  0.928212E+02  0.728471E+02  0.000000E+00  0.000000E+00  0.000000E+00  0.897386E+02
  0.587915E+01  0.875194E+02  0.686860E+02  0.000000E+00  0.000000E+00  0.000000E+00  0.846128E+02
  0.607843E+01  0.825156E+02  0.647588E+02  0.000000E+00  0.000000E+00  0.000000E+00  0.797752E+02
  0.628446E+01  0.777937E+02  0.610529E+02  0.000000E+00  0.000000E+00  0.000000E+00  0.752101E+02
  0.649747E+01  0.733379E+02  0.575558E+02  0.000000E+00  0.000000E+00  0.000000E+00  0.709023E+02
  0.671770E+01  0.691335E+02  0.542559E+02  0.000000E+00  0.000000E+00  0.000000E+00  0.668374E+02
  0.694539E+01  0.651668E+02  0.511427E+02  0.000000E+00  0.000000E+00  0.000000E+00  0.630025E+02
  0.718081E+01  0.614243E+02  0.482053E+02  0.000000E+00  0.000000E+00  0.000000E+00  0.593842E+02
  0.742420E+01  0.578937E+02  0.454343E+02  0.000000E+00  0.000000E+00  0.000000E+00  0.559708E+02
  0.767585E+01  0.545632E+02  0.428204E+02  0.000000E+00  0.000000E+00  0.000000E+00  0.527509E+02
  0.793602E+01  0.514217E+02  0.403547E+02  0.000000E+00  0.000000E+00  0.000000E+00  0.497137E+02
  0.820502E+01  0.484585E+02  0.380290E+02  0.000000E+00  0.000000E+00  0.000000E+00  0.468489E+02
  0.848312E+01  0.456640E+02  0.358357E+02  0.000000E+00  0.000000E+00  0.000000E+00  0.441472E+02
  0.877066E+01  0.430283E+02  0.337670E+02  0.000000E+00  0.000000E+00  0.000000E+00  0.415990E+02
  0.906794E+01  0.405429E+02  0.318163E+02  0.000000E+00  0.000000E+00  0.000000E+00  0.391961E+02
  0.937530E+01  0.381992E+02  0.299767E+02  0.000000E+00  0.000000E+00  0.000000E+00  0.369302E+02
  0.969308E+01  0.359892E+02  0.282422E+02  0.000000E+00  0.000000E+00  0.000000E+00  0.347936E+02
  0.100216E+02  0.339055E+02  0.266067E+02  0.000000E+00  0.000000E+00  0.000000E+00  0.327791E+02
  0.103613E+02  0.319409E+02  0.250648E+02  0.000000E+00  0.000000E+00  0.000000E+00  0.308797E+02
  0.107125E+02  0.300889E+02  0.236111E+02  0.000000E+00  0.000000E+00  0.000000E+00  0.290892E+02
  0.110756E+02  0.283429E+02  0.222407E+02  0.000000E+00  0.000000E+00  0.000000E+00  0.274011E+02
  0.114510E+02  0.266970E+02  0.209488E+02  0.000000E+00  0.000000E+00  0.000000E+00  0.258099E+02
  0.118392E+02  0.251456E+02  0.197311E+02  0.000000E+00  0.000000E+00  0.000000E+00  0.243100E+02
  0.122404E+02  0.236834E+02  0.185834E+02  0.000000E+00  0.000000E+00  0.000000E+00  0.228963E+02
  0.126553E+02  0.223051E+02  0.175016E+02  0.000000E+00  0.000000E+00  0.000000E+00  0.215638E+02
  0.130843E+02  0.210063E+02  0.164821E+02  0.000000E+00  0.000000E+00  0.000000E+00  0.203080E+02
  0.135278E+02  0.197821E+02  0.155213E+02  0.000000E+00  0.000000E+00  0.000000E+00  0.191245E+02
  0.139863E+02  0.186286E+02  0.146159E+02  0.000000E+00  0.000000E+00  0.000000E+00  0.180093E+02
  0.144604E+02  0.175416E+02  0.137626E+02  0.000000E+00  0.000000E+00  0.000000E+00  0.169584E+02
  0.149505E+02  0.165173E+02  0.129587E+02  0.000000E+00  0.000000E+00  0.000000E+00  0.159681E+02
  0.154573E+02  0.155522E+02  0.122011E+02  0.000000E+00  0.000000E+00  0.000000E+00  0.150351E+02
  0.159812E+02  0.146430E+02  0.114874E+02  0.000000E+00  0.000000E+00  0.000000E+00  0.141560E+02
  0.165229E+02  0.137863E+02  0.108150E+02  0.000000E+00  0.000000E+00  0.000000E+00  0.133278E+02
  0.170829E+02  0.129793E+02  0.101815E+02  0.000000E+00  0.000000E+00  0.000000E+00  0.125475E+02
  0.176619E+02  0.122190E+02  0.958475E+01  0.000000E+00  0.000000E+00  0.000000E+00  0.118125E+02
  0.182606E+02  0.115028E+02  0.902258E+01  0.000000E+00  0.000000E+00  0.000000E+00  0.111200E+02
  0.188795E+02  0.108282E+02  0.849305E+01  0.000000E+00  0.000000E+00  0.000000E+00  0.104678E+02
  0.195195E+02  0.101928E+02  0.799426E+01  0.000000E+00  0.000000E+00  0.000000E+00  0.985349E+01
  0.201811E+02  0.959430E+01  0.752447E+01  0.000000E+00  0.000000E+00  0.000000E+00  0.927486E+01
  0.208651E+02  0.903061E+01  0.708199E+01  0.000000E+00  0.000000E+00  0.000000E+00  0.872988E+01
  0.215723E+02  0.849975E+01  0.666527E+01  0.000000E+00  0.000000E+00  0.000000E+00  0.821663E+01
  0.223035E+02  0.799979E+01  0.627282E+01  0.000000E+00  0.000000E+00  0.000000E+00  0.773327E+01
  0.230595E+02  0.752899E+01  0.590324E+01  0.000000E+00  0.000000E+00  0.000000E+00  0.727809E+01
  0.238411E+02  0.708563E+01  0.555521E+01  0.000000E+00  0.000000E+00  0.000000E+00  0.684944E+01
  0.246492E+02  0.666817E+01  0.522750E+01  0.000000E+00  0.000000E+00  0.000000E+00  0.644583E+01
  0.254847E+02  0.627507E+01  0.491891E+01  0.000000E+00  0.000000E+00  0.000000E+00  0.606577E+01
  0.263485E+02  0.590495E+01  0.462836E+01  0.000000E+00  0.000000E+00  0.000000E+00  0.570793E+01
  0.272416E+02  0.555648E+01  0.435480E+01  0.000000E+00  0.000000E+00  0.000000E+00  0.537102E+01
  0.281650E+02  0.522839E+01  0.409724E+01  0.000000E+00  0.000000E+00  0.000000E+00  0.505382E+01
  0.291196E+02  0.491952E+01  0.385476E+01  0.000000E+00  0.000000E+00  0.000000E+00  0.475519E+01
  0.301066E+02  0.462874E+01  0.362648E+01  0.000000E+00  0.000000E+00  0.000000E+00  0.447406E+01
  0.311271E+02  0.435501E+01  0.341159E+01  0.000000E+00  0.000000E+00  0.000000E+00  0.420941E+01
  0.321822E+02  0.409733E+01  0.320929E+01  0.000000E+00  0.000000E+00  0.000000E+00  0.396028E+01
  0.332730E+02  0.385478E+01  0.301887E+01  0.000000E+00  0.000000E+00  0.000000E+00  0.372578E+01
  0.344008E+02  0.362647E+01  0.283963E+01  0.000000E+00  0.000000E+00  0.000000E+00  0.350504E+01
  0.355668E+02  0.341158E+01  0.267092E+01  0.000000E+00  0.000000E+00  0.000000E+00  0.329728E+01
  0.367723E+02  0.320932E+01  0.251212E+01  0.000000E+00  0.000000E+00  0.000000E+00  0.310173E+01
  0.380187E+02  0.301897E+01  0.236267E+01  0.000000E+00  0.000000E+00  0.000000E+00  0.291768E+01
  0.393074E+02  0.283981E+01  0.222201E+01  0.000000E+00  0.000000E+00  0.000000E+00  0.274447E+01
  0.406397E+02  0.267122E+01  0.208963E+01  0.000000E+00  0.000000E+00  0.000000E+00  0.258146E+01
  0.420172E+02  0.251255E+01  0.196505E+01  0.000000E+00  0.000000E+00  0.000000E+00  0.242805E+01
  0.434414E+02  0.236323E+01  0.184781E+01  0.000000E+00  0.000000E+00  0.000000E+00  0.228369E+01
  0.449138E+02  0.222273E+01  0.173749E+01  0.000000E+00  0.000000E+00  0.000000E+00  0.214785E+01
  0.464362E+02  0.209052E+01  0.163367E+01  0.000000E+00  0.000000E+00  0.000000E+00  0.202002E+01
  0.480101E+02  0.196612E+01  0.153599E+01  0.000000E+00  0.000000E+00  0.000000E+00  0.189974E+01
  0.496375E+02  0.184907E+01  0.144407E+01  0.000000E+00  0.000000E+00  0.000000E+00  0.178656E+01
  0.513199E+02  0.173893E+01  0.135759E+01  0.000000E+00  0.000000E+00  0.000000E+00  0.168008E+01
  0.530594E+02  0.163531E+01  0.127622E+01  0.000000E+00  0.000000E+00  0.000000E+00  0.157989E+01
  0.548579E+02  0.153783E+01  0.119966E+01  0.000000E+00  0.000000E+00  0.000000E+00  0.148564E+01
  0.567173E+02  0.144611E+01  0.112763E+01  0.000000E+00  0.000000E+00  0.000000E+00  0.139696E+01
  0.586397E+02  0.135983E+01  0.105986E+01  0.000000E+00  0.000000E+00  0.000000E+00  0.131353E+01
  0.606273E+02  0.127866E+01  0.996113E+00  0.000000E+00  0.000000E+00  0.000000E+00  0.123505E+01
  0.626823E+02  0.120230E+01  0.936140E+00  0.000000E+00  0.000000E+00  0.000000E+00  0.116122E+01
  0.648069E+02  0.113047E+01  0.879722E+00  0.000000E+00  0.000000E+00  0.000000E+00  0.109177E+01
  0.670036E+02  0.106290E+01  0.826649E+00  0.000000E+00  0.000000E+00  0.000000E+00  0.102644E+01
  0.692747E+02  0.999348E+00  0.776727E+00  0.000000E+00  0.000000E+00  0.000000E+00  0.964991E+00
  0.716227E+02  0.939568E+00  0.729767E+00  0.000000E+00  0.000000E+00  0.000000E+00  0.907189E+00
  0.740504E+02  0.883342E+00  0.685597E+00  0.000000E+00  0.000000E+00  0.000000E+00  0.852824E+00
  0.765604E+02  0.830458E+00  0.644050E+00  0.000000E+00  0.000000E+00  0.000000E+00  0.801689E+00
  0.791553E+02  0.780720E+00  0.604974E+00  0.000000E+00  0.000000E+00  0.000000E+00  0.753597E+00
  0.818384E+02  0.733941E+00  0.568220E+00  0.000000E+00  0.000000E+00  0.000000E+00  0.708365E+00
  0.846122E+02  0.689947E+00  0.533653E+00  0.000000E+00  0.000000E+00  0.000000E+00  0.665826E+00
  0.874802E+02  0.648573E+00  0.501142E+00  0.000000E+00  0.000000E+00  0.000000E+00  0.625820E+00
  0.904453E+02  0.609665E+00  0.470568E+00  0.000000E+00  0.000000E+00  0.000000E+00  0.588198E+00
  0.935109E+02  0.573076E+00  0.441814E+00  0.000000E+00  0.000000E+00  0.000000E+00  0.552818E+00
  0.966806E+02  0.538667E+00  0.414772E+00  0.000000E+00  0.000000E+00  0.000000E+00  0.519547E+00
  0.999576E+02  0.506313E+00  0.389343E+00  0.000000E+00  0.000000E+00  0.000000E+00  0.488261E+00
  0.103346E+03  0.475890E+00  0.365430E+00  0.000000E+00  0.000000E+00  0.000000E+00  0.458843E+00
  0.106849E+03  0.447281E+00  0.342943E+00  0.000000E+00  0.000000E+00  0.000000E+00  0.431179E+00
  0.110470E+03  0.420383E+00  0.321798E+00  0.000000E+00  0.000000E+00  0.000000E+00  0.405169E+00
  0.114215E+03  0.395092E+00  0.301915E+00  0.000000E+00  0.000000E+00  0.000000E+00  0.380712E+00
  0.118086E+03  0.371313E+00  0.283220E+00  0.000000E+00  0.000000E+00  0.000000E+00  0.357718E+00
  0.122089E+03  0.348955E+00  0.265641E+00  0.000000E+00  0.000000E+00  0.000000E+00  0.336097E+00
  0.126227E+03  0.327935E+00  0.249113E+00  0.000000E+00  0.000000E+00  0.000000E+00  0.315771E+00
  0.130505E+03  0.308174E+00  0.233574E+00  0.000000E+00  0.000000E+00  0.000000E+00  0.296661E+00
  0.134928E+03  0.289595E+00  0.218964E+00  0.000000E+00  0.000000E+00  0.000000E+00  0.278694E+00
  0.139502E+03  0.272128E+00  0.205228E+00  0.000000E+00  0.000000E+00  0.000000E+00  0.261803E+00
  0.144230E+03  0.255708E+00  0.192315E+00  0.000000E+00  0.000000E+00  0.000000E+00  0.245925E+00
  0.149119E+03  0.240273E+00  0.180175E+00  0.000000E+00  0.000000E+00  0.000000E+00  0.230998E+00
  0.154173E+03  0.225763E+00  0.168763E+00  0.000000E+00  0.000000E+00  0.000000E+00  0.216966E+00
  0.159399E+03  0.212123E+00  0.158034E+00  0.000000E+00  0.000000E+00  0.000000E+00  0.203775E+00
  0.164802E+03  0.199301E+00  0.147950E+00  0.000000E+00  0.000000E+00  0.000000E+00  0.191376E+00
  0.170388E+03  0.187250E+00  0.138471E+00  0.000000E+00  0.000000E+00  0.000000E+00  0.179722E+00
  0.176164E+03  0.175921E+00  0.129561E+00  0.000000E+00  0.000000E+00  0.000000E+00  0.168766E+00
  0.182135E+03  0.165273E+00  0.121188E+00  0.000000E+00  0.000000E+00  0.000000E+00  0.158469E+00
  0.188308E+03  0.155265E+00  0.113318E+00  0.000000E+00  0.000000E+00  0.000000E+00  0.148791E+00
  0.194691E+03  0.145859E+00  0.105922E+00  0.000000E+00  0.000000E+00  0.000000E+00  0.139695E+00
  0.201290E+03  0.137017E+00  0.989716E-01  0.000000E+00  0.000000E+00  0.000000E+00  0.131146E+00
