    0.10880E-04    0.32307E+01
    0.11249E-04    0.33360E+01
    0.11630E-04    0.34448E+01
    0.12024E-04    0.35571E+01
    0.12432E-04    0.36730E+01
    0.12853E-04    0.37928E+01
    0.13289E-04    0.39164E+01
    0.13739E-04    0.40441E+01
    0.14205E-04    0.41759E+01
    0.14686E-04    0.43121E+01
    0.15184E-04    0.44527E+01
    0.15699E-04    0.45978E+01
    0.16231E-04    0.47477E+01
    0.16781E-04    0.49025E+01
    0.17350E-04    0.50623E+01
    0.17938E-04    0.52273E+01
    0.18546E-04    0.53977E+01
    0.19175E-04    0.55737E+01
    0.19825E-04    0.57554E+01
    0.20497E-04    0.59430E+01
    0.21191E-04    0.61368E+01
    0.21910E-04    0.63368E+01
    0.22652E-04    0.65434E+01
    0.23420E-04    0.67567E+01
    0.24214E-04    0.69770E+01
    0.25035E-04    0.72044E+01
    0.25883E-04    0.74393E+01
    0.26760E-04    0.76818E+01
    0.27667E-04    0.79322E+01
    0.28605E-04    0.81908E+01
    0.29575E-04    0.84578E+01
    0.30577E-04    0.87335E+01
    0.31614E-04    0.90182E+01
    0.32685E-04    0.93122E+01
    0.33793E-04    0.96158E+01
    0.34938E-04    0.99292E+01
    0.36123E-04    0.10253E+02
    0.37347E-04    0.10587E+02
    0.38613E-04    0.10932E+02
    0.39922E-04    0.11289E+02
    0.41275E-04    0.11657E+02
    0.42674E-04    0.12037E+02
    0.44120E-04    0.12429E+02
    0.45616E-04    0.12834E+02
    0.47162E-04    0.13252E+02
    0.48761E-04    0.13684E+02
    0.50413E-04    0.14131E+02
    0.52122E-04    0.14591E+02
    0.53889E-04    0.15067E+02
    0.55715E-04    0.15558E+02
    0.57604E-04    0.16065E+02
    0.59556E-04    0.16589E+02
    0.61575E-04    0.17129E+02
    0.63662E-04    0.17688E+02
    0.65820E-04    0.18264E+02
    0.68051E-04    0.18860E+02
    0.70357E-04    0.19474E+02
    0.72742E-04    0.20109E+02
    0.75208E-04    0.20764E+02
    0.77757E-04    0.21441E+02
    0.80393E-04    0.22140E+02
    0.83118E-04    0.22862E+02
    0.85935E-04    0.23607E+02
    0.88848E-04    0.24376E+02
    0.91859E-04    0.25171E+02
    0.94973E-04    0.25991E+02
    0.98192E-04    0.26838E+02
    0.10152E-03    0.27712E+02
    0.10496E-03    0.28616E+02
    0.10852E-03    0.29548E+02
    0.11220E-03    0.30511E+02
    0.11600E-03    0.31505E+02
    0.11993E-03    0.32532E+02
    0.12400E-03    0.33592E+02
    0.12820E-03    0.34686E+02
    0.13255E-03    0.35816E+02
    0.13704E-03    0.36983E+02
    0.14168E-03    0.38188E+02
    0.14648E-03    0.39432E+02
    0.15145E-03    0.40716E+02
    0.15658E-03    0.42042E+02
    0.16189E-03    0.43412E+02
    0.16738E-03    0.44825E+02
    0.17305E-03    0.46285E+02
    0.17892E-03    0.47792E+02
    0.18498E-03    0.49348E+02
    0.19125E-03    0.50955E+02
    0.19773E-03    0.52614E+02
    0.20444E-03    0.54327E+02
    0.21137E-03    0.56095E+02
    0.21853E-03    0.57920E+02
    0.22594E-03    0.59805E+02
    0.23360E-03    0.61751E+02
    0.24151E-03    0.63760E+02
    0.24970E-03    0.65834E+02
    0.25816E-03    0.67975E+02
    0.26691E-03    0.70185E+02
    0.27596E-03    0.72467E+02
    0.28531E-03    0.74823E+02
    0.29498E-03    0.77255E+02
    0.30498E-03    0.79765E+02
    0.31532E-03    0.82356E+02
    0.32601E-03    0.85031E+02
    0.33706E-03    0.87792E+02
    0.34848E-03    0.90642E+02
    0.36029E-03    0.93583E+02
    0.37251E-03    0.96619E+02
    0.38513E-03    0.99753E+02
    0.39819E-03    0.10299E+03
    0.41168E-03    0.10632E+03
    0.42564E-03    0.10977E+03
    0.44006E-03    0.11332E+03
    0.45498E-03    0.11699E+03
    0.47040E-03    0.12078E+03
    0.48635E-03    0.12468E+03
    0.50283E-03    0.12871E+03
    0.51988E-03    0.13287E+03
    0.53750E-03    0.13716E+03
    0.55572E-03    0.14158E+03
    0.57455E-03    0.14614E+03
    0.59403E-03    0.15085E+03
    0.61416E-03    0.15571E+03
    0.63498E-03    0.16071E+03
    0.65650E-03    0.16588E+03
    0.67875E-03    0.17120E+03
    0.70176E-03    0.17669E+03
    0.72554E-03    0.18235E+03
    0.75014E-03    0.18819E+03
    0.77556E-03    0.19420E+03
    0.80185E-03    0.20040E+03
    0.82903E-03    0.20679E+03
    0.85713E-03    0.21337E+03
    0.88618E-03    0.22016E+03
    0.91622E-03    0.22714E+03
    0.94727E-03    0.23434E+03
    0.97938E-03    0.24175E+03
    0.10126E-02    0.24939E+03
    0.10469E-02    0.25725E+03
    0.10824E-02    0.26534E+03
    0.11191E-02    0.27366E+03
    0.11570E-02    0.28223E+03
    0.11962E-02    0.29105E+03
    0.12368E-02    0.30012E+03
    0.12787E-02    0.30946E+03
    0.13220E-02    0.31905E+03
    0.13668E-02    0.32892E+03
    0.14132E-02    0.33906E+03
    0.14611E-02    0.34948E+03
    0.15106E-02    0.36019E+03
    0.15618E-02    0.37119E+03
    0.16147E-02    0.38249E+03
    0.16695E-02    0.39410E+03
    0.17260E-02    0.40601E+03
    0.17846E-02    0.41823E+03
    0.18450E-02    0.43077E+03
    0.19076E-02    0.44364E+03
    0.19722E-02    0.45683E+03
    0.20391E-02    0.47035E+03
    0.21082E-02    0.48421E+03
    0.21797E-02    0.49841E+03
    0.22535E-02    0.51295E+03
    0.23299E-02    0.52784E+03
    0.24089E-02    0.54307E+03
    0.24905E-02    0.55866E+03
    0.25750E-02    0.57460E+03
    0.26622E-02    0.59089E+03
    0.27525E-02    0.60754E+03
    0.28458E-02    0.62454E+03
    0.29422E-02    0.64190E+03
    0.30420E-02    0.65960E+03
    0.31451E-02    0.67767E+03
    0.32517E-02    0.69608E+03
    0.33619E-02    0.71483E+03
    0.34758E-02    0.73393E+03
    0.35936E-02    0.75337E+03
    0.37155E-02    0.77314E+03
    0.38414E-02    0.79323E+03
    0.39716E-02    0.81364E+03
    0.41062E-02    0.83436E+03
    0.42454E-02    0.85537E+03
    0.43893E-02    0.87668E+03
    0.45381E-02    0.89825E+03
    0.46919E-02    0.92009E+03
    0.48509E-02    0.94218E+03
    0.50153E-02    0.96450E+03
    0.51853E-02    0.98703E+03
    0.53611E-02    0.10098E+04
    0.55428E-02    0.10327E+04
    0.57307E-02    0.10557E+04
    0.59249E-02    0.10789E+04
    0.61257E-02    0.11022E+04
    0.63334E-02    0.11255E+04
    0.65481E-02    0.11490E+04
    0.67700E-02    0.11724E+04
    0.69995E-02    0.11958E+04
    0.72367E-02    0.12192E+04
    0.74820E-02    0.12425E+04
    0.77356E-02    0.12657E+04
    0.79978E-02    0.12887E+04
    0.82689E-02    0.13115E+04
    0.85492E-02    0.13341E+04
    0.88389E-02    0.13564E+04
    0.91385E-02    0.13784E+04
    0.94483E-02    0.14000E+04
    0.97685E-02    0.14212E+04
    0.10100E-01    0.14420E+04
    0.10442E-01    0.14622E+04
    0.10796E-01    0.14818E+04
    0.11162E-01    0.15008E+04
    0.11540E-01    0.15191E+04
    0.11931E-01    0.15367E+04
    0.12336E-01    0.15535E+04
    0.12754E-01    0.15695E+04
    0.13186E-01    0.15845E+04
    0.13633E-01    0.15986E+04
    0.14095E-01    0.16116E+04
    0.14573E-01    0.16236E+04
    0.15067E-01    0.16344E+04
    0.15578E-01    0.16441E+04
    0.16106E-01    0.16525E+04
    0.16652E-01    0.16596E+04
    0.17216E-01    0.16654E+04
    0.17799E-01    0.16698E+04
    0.18403E-01    0.16727E+04
    0.19027E-01    0.16742E+04
    0.19671E-01    0.16742E+04
    0.20338E-01    0.16727E+04
    0.21028E-01    0.16696E+04
    0.21740E-01    0.16650E+04
    0.22477E-01    0.16588E+04
    0.23239E-01    0.16510E+04
    0.24027E-01    0.16417E+04
    0.24841E-01    0.16308E+04
    0.25683E-01    0.16184E+04
    0.26554E-01    0.16045E+04
    0.27454E-01    0.15892E+04
    0.28384E-01    0.15725E+04
    0.29346E-01    0.15545E+04
    0.30341E-01    0.15352E+04
    0.31369E-01    0.15148E+04
    0.32433E-01    0.14933E+04
    0.33532E-01    0.14709E+04
    0.34669E-01    0.14477E+04
    0.35844E-01    0.14237E+04
    0.37059E-01    0.13991E+04
    0.38315E-01    0.13737E+04
    0.39613E-01    0.13474E+04
    0.40956E-01    0.13209E+04
    0.42344E-01    0.12943E+04
    0.43780E-01    0.12676E+04
    0.45263E-01    0.12409E+04
    0.46798E-01    0.12140E+04
    0.48384E-01    0.11869E+04
    0.50024E-01    0.11594E+04
    0.51719E-01    0.11316E+04
    0.53472E-01    0.11032E+04
    0.55285E-01    0.10745E+04
    0.57159E-01    0.10454E+04
    0.59096E-01    0.10164E+04
    0.61099E-01    0.98903E+03
    0.63170E-01    0.95980E+03
    0.65311E-01    0.93031E+03
    0.67525E-01    0.90054E+03
    0.69814E-01    0.87051E+03
    0.72180E-01    0.84035E+03
    0.74627E-01    0.81024E+03
    0.77156E-01    0.78049E+03
    0.79772E-01    0.75138E+03
    0.82475E-01    0.72313E+03
    0.85271E-01    0.69583E+03
    0.88161E-01    0.66945E+03
    0.91150E-01    0.64388E+03
    0.94239E-01    0.61905E+03
    0.97433E-01    0.59493E+03
    0.10074E+00    0.57148E+03
    0.10415E+00    0.54866E+03
    0.10768E+00    0.52630E+03
    0.11133E+00    0.50426E+03
    0.11510E+00    0.48244E+03
    0.11901E+00    0.46089E+03
    0.12304E+00    0.43970E+03
    0.12721E+00    0.41897E+03
    0.13152E+00    0.39879E+03
    0.13598E+00    0.37936E+03
    0.14059E+00    0.36088E+03
    0.14535E+00    0.34345E+03
    0.15028E+00    0.32689E+03
    0.15537E+00    0.31101E+03
    0.16064E+00    0.29570E+03
    0.16609E+00    0.28089E+03
    0.17171E+00    0.26649E+03
    0.17753E+00    0.25249E+03
    0.18355E+00    0.23898E+03
    0.18977E+00    0.22608E+03
    0.19621E+00    0.21383E+03
    0.20286E+00    0.20224E+03
    0.20973E+00    0.19124E+03
    0.21684E+00    0.18070E+03
    0.22419E+00    0.17062E+03
    0.23179E+00    0.16100E+03
    0.23965E+00    0.15178E+03
    0.24777E+00    0.14301E+03
    0.25617E+00    0.13472E+03
    0.26485E+00    0.12685E+03
    0.27383E+00    0.11939E+03
    0.28311E+00    0.11230E+03
    0.29271E+00    0.10557E+03
    0.30263E+00    0.99191E+02
    0.31288E+00    0.93155E+02
    0.32349E+00    0.87452E+02
    0.33445E+00    0.82054E+02
    0.34579E+00    0.76956E+02
    0.35751E+00    0.72139E+02
    0.36963E+00    0.67595E+02
    0.38216E+00    0.63308E+02
    0.39511E+00    0.59269E+02
    0.40850E+00    0.55461E+02
    0.42235E+00    0.51880E+02
    0.43667E+00    0.48509E+02
    0.45147E+00    0.45340E+02
    0.46677E+00    0.42362E+02
    0.48259E+00    0.39563E+02
    0.49895E+00    0.36937E+02
    0.51586E+00    0.34472E+02
    0.53334E+00    0.32159E+02
    0.55142E+00    0.29990E+02
    0.57011E+00    0.27957E+02
    0.58944E+00    0.26052E+02
    0.60942E+00    0.24269E+02
    0.63007E+00    0.22600E+02
    0.65143E+00    0.21039E+02
    0.67351E+00    0.19579E+02
    0.69634E+00    0.18216E+02
    0.71994E+00    0.16942E+02
    0.74434E+00    0.15752E+02
    0.76957E+00    0.14642E+02
    0.79566E+00    0.13605E+02
    0.82263E+00    0.12637E+02
    0.85051E+00    0.11735E+02
    0.87934E+00    0.10894E+02
    0.90914E+00    0.10111E+02
    0.93996E+00    0.93817E+01
    0.97182E+00    0.87025E+01
    0.10048E+01    0.80702E+01
    0.10388E+01    0.74819E+01
    0.10740E+01    0.69345E+01
    0.11104E+01    0.64256E+01
    0.11481E+01    0.59525E+01
    0.11870E+01    0.55131E+01
    0.12272E+01    0.51048E+01
    0.12688E+01    0.47256E+01
    0.13118E+01    0.43735E+01
    0.13563E+01    0.40467E+01
    0.14023E+01    0.37435E+01
    0.14498E+01    0.34622E+01
    0.14989E+01    0.32014E+01
    0.15497E+01    0.29595E+01
    0.16023E+01    0.27353E+01
    0.16566E+01    0.25275E+01
    0.17127E+01    0.23351E+01
    0.17708E+01    0.21568E+01
    0.18308E+01    0.19918E+01
    0.18928E+01    0.18390E+01
    0.19570E+01    0.16977E+01
    0.20233E+01    0.15669E+01
    0.20919E+01    0.14459E+01
    0.21628E+01    0.13340E+01
    0.22361E+01    0.12305E+01
    0.23119E+01    0.11348E+01
    0.23903E+01    0.10464E+01
    0.24713E+01    0.96472E+00
    0.25551E+01    0.88924E+00
    0.26417E+01    0.81954E+00
    0.27312E+01    0.75517E+00
    0.28238E+01    0.69574E+00
    0.29195E+01    0.64089E+00
    0.30185E+01    0.59027E+00
    0.31208E+01    0.54356E+00
    0.32265E+01    0.50047E+00
    0.33359E+01    0.46072E+00
    0.34490E+01    0.42406E+00
    0.35659E+01    0.39026E+00
    0.36868E+01    0.35910E+00
    0.38117E+01    0.33038E+00
    0.39409E+01    0.30392E+00
    0.40745E+01    0.27953E+00
    0.42126E+01    0.25707E+00
    0.43554E+01    0.23638E+00
    0.45030E+01    0.21732E+00
    0.46556E+01    0.19978E+00
    0.48134E+01    0.18362E+00
    0.49766E+01    0.16875E+00
    0.51453E+01    0.15507E+00
    0.53197E+01    0.14247E+00
    0.55000E+01    0.13089E+00
    0.56864E+01    0.12023E+00
    0.58791E+01    0.11042E+00
    0.60784E+01    0.10141E+00
    0.62845E+01    0.93112E-01
    0.64975E+01    0.85488E-01
    0.67177E+01    0.78479E-01
    0.69454E+01    0.72037E-01
    0.71808E+01    0.66116E-01
    0.74242E+01    0.60675E-01
    0.76759E+01    0.55675E-01
    0.79360E+01    0.51082E-01
    0.82050E+01    0.46863E-01
    0.84831E+01    0.42988E-01
    0.87707E+01    0.39429E-01
    0.90679E+01    0.36161E-01
    0.93753E+01    0.33161E-01
    0.96931E+01    0.30406E-01
    0.10022E+02    0.27877E-01
    0.10361E+02    0.25557E-01
    0.10713E+02    0.23427E-01
    0.11076E+02    0.21473E-01
    0.11451E+02    0.19679E-01
    0.11839E+02    0.18034E-01
    0.12240E+02    0.16525E-01
    0.12655E+02    0.15141E-01
    0.13084E+02    0.13871E-01
    0.13528E+02    0.12707E-01
    0.13986E+02    0.11640E-01
    0.14460E+02    0.10661E-01
    0.14951E+02    0.97635E-02
    0.15457E+02    0.89410E-02
    0.15981E+02    0.81870E-02
    0.16523E+02    0.74960E-02
    0.17083E+02    0.68628E-02
    0.17662E+02    0.62826E-02
    0.18261E+02    0.57510E-02
    0.18880E+02    0.52639E-02
    0.19519E+02    0.48177E-02
    0.20181E+02    0.44090E-02
    0.20865E+02    0.40346E-02
    0.21572E+02    0.36918E-02
    0.22304E+02    0.33778E-02
    0.23060E+02    0.30903E-02
    0.23841E+02    0.28271E-02
    0.24649E+02    0.25861E-02
    0.25485E+02    0.23654E-02
    0.26349E+02    0.21635E-02
    0.27242E+02    0.19786E-02
    0.28165E+02    0.18094E-02
    0.29120E+02    0.16546E-02
    0.30107E+02    0.15129E-02
    0.31127E+02    0.13832E-02
    0.32182E+02    0.12646E-02
    0.33273E+02    0.11561E-02
    0.34401E+02    0.10568E-02
    0.35567E+02    0.96598E-03
    0.36772E+02    0.88290E-03
    0.38019E+02    0.80692E-03
    0.39307E+02    0.73743E-03
    0.40640E+02    0.67388E-03
    0.42017E+02    0.61577E-03
    0.43441E+02    0.56263E-03
    0.44914E+02    0.51405E-03
    0.46436E+02    0.46963E-03
    0.48010E+02    0.42903E-03
    0.49637E+02    0.39191E-03
    0.51320E+02    0.35798E-03
    0.53059E+02    0.32697E-03
    0.54858E+02    0.29863E-03
    0.56717E+02    0.27272E-03
    0.58640E+02    0.24905E-03
    0.60627E+02    0.22742E-03
    0.62682E+02    0.20766E-03
    0.64807E+02    0.18960E-03
    0.67004E+02    0.17311E-03
    0.69275E+02    0.15804E-03
    0.71623E+02    0.14427E-03
    0.74050E+02    0.13169E-03
    0.76560E+02    0.12021E-03
    0.79155E+02    0.10971E-03
    0.81838E+02    0.10013E-03
    0.84612E+02    0.91383E-04
    0.87480E+02    0.83393E-04
    0.90445E+02    0.76097E-04
    0.93511E+02    0.69435E-04
    0.96681E+02    0.63352E-04
    0.99958E+02    0.57799E-04
    0.10335E+03    0.52729E-04
    0.10685E+03    0.48101E-04
    0.11047E+03    0.43877E-04
    0.11421E+03    0.40021E-04
    0.11809E+03    0.36501E-04
    0.12209E+03    0.33289E-04
    0.12623E+03    0.30358E-04
    0.13051E+03    0.27683E-04
    0.13493E+03    0.25242E-04
    0.13950E+03    0.23015E-04
    0.14423E+03    0.20982E-04
    0.14912E+03    0.19128E-04
    0.15417E+03    0.17437E-04
    0.15940E+03    0.15894E-04
    0.16480E+03    0.14486E-04
    0.17039E+03    0.13202E-04
    0.17616E+03    0.12031E-04
    0.18213E+03    0.10963E-04
    0.18831E+03    0.99893E-05
    0.19469E+03    0.91011E-05
    0.20129E+03    0.82912E-05
