  0.108800E-04  0.623289E+07  0.623289E+07  0.830917E+07  0.830917E+07  0.000000E+00  0.623289E+07
  0.112487E-04  0.623289E+07  0.623289E+07  0.830908E+07  0.830908E+07  0.000000E+00  0.623289E+07
  0.116300E-04  0.623289E+07  0.623289E+07  0.830898E+07  0.830898E+07  0.000000E+00  0.623289E+07
  0.120242E-04  0.623289E+07  0.623289E+07  0.830888E+07  0.830887E+07  0.000000E+00  0.623289E+07
  0.124318E-04  0.623288E+07  0.623288E+07  0.830876E+07  0.830875E+07  0.000000E+00  0.623288E+07
  0.128531E-04  0.623288E+07  0.623288E+07  0.830864E+07  0.830863E+07  0.000000E+00  0.623288E+07
  0.132888E-04  0.623288E+07  0.623288E+07  0.830851E+07  0.830850E+07  0.000000E+00  0.623288E+07
  0.137392E-04  0.623288E+07  0.623288E+07  0.830837E+07  0.830836E+07  0.000000E+00  0.623288E+07
  0.142049E-04  0.623288E+07  0.623288E+07  0.830822E+07  0.830821E+07  0.000000E+00  0.623288E+07
  0.146864E-04  0.623288E+07  0.623288E+07  0.830806E+07  0.830805E+07  0.000000E+00  0.623288E+07
  0.151842E-04  0.623288E+07  0.623288E+07  0.830789E+07  0.830788E+07  0.000000E+00  0.623288E+07
  0.156989E-04  0.623288E+07  0.623288E+07  0.830771E+07  0.830770E+07  0.000000E+00  0.623288E+07
  0.162310E-04  0.623288E+07  0.623288E+07  0.830752E+07  0.830751E+07  0.000000E+00  0.623288E+07
  0.167811E-04  0.623288E+07  0.623288E+07  0.830731E+07  0.830730E+07  0.000000E+00  0.623288E+07
  0.173499E-04  0.623288E+07  0.623288E+07  0.830709E+07  0.830708E+07  0.000000E+00  0.623288E+07
  0.179380E-04  0.623288E+07  0.623288E+07  0.830685E+07  0.830684E+07  0.000000E+00  0.623288E+07
  0.185460E-04  0.623287E+07  0.623287E+07  0.830660E+07  0.830658E+07  0.000000E+00  0.623287E+07
  0.191746E-04  0.623287E+07  0.623287E+07  0.830633E+07  0.830631E+07  0.000000E+00  0.623287E+07
  0.198246E-04  0.623287E+07  0.623287E+07  0.830604E+07  0.830602E+07  0.000000E+00  0.623287E+07
  0.204965E-04  0.623287E+07  0.623287E+07  0.830573E+07  0.830571E+07  0.000000E+00  0.623287E+07
  0.211913E-04  0.623287E+07  0.623287E+07  0.830540E+07  0.830538E+07  0.000000E+00  0.623287E+07
  0.219095E-04  0.623287E+07  0.623287E+07  0.830505E+07  0.830502E+07  0.000000E+00  0.623287E+07
  0.226522E-04  0.623286E+07  0.623286E+07  0.830467E+07  0.830465E+07  0.000000E+00  0.623286E+07
  0.234200E-04  0.623286E+07  0.623286E+07  0.830427E+07  0.830424E+07  0.000000E+00  0.623286E+07
  0.242138E-04  0.623286E+07  0.623286E+07  0.830384E+07  0.830381E+07  0.000000E+00  0.623286E+07
  0.250345E-04  0.623286E+07  0.623286E+07  0.830338E+07  0.830334E+07  0.000000E+00  0.623286E+07
  0.258831E-04  0.623286E+07  0.623286E+07  0.830288E+07  0.830285E+07  0.000000E+00  0.623286E+07
  0.267604E-04  0.623285E+07  0.623285E+07  0.830236E+07  0.830232E+07  0.000000E+00  0.623285E+07
  0.276674E-04  0.623285E+07  0.623285E+07  0.830179E+07  0.830176E+07  0.000000E+00  0.623285E+07
  0.286052E-04  0.623285E+07  0.623285E+07  0.830119E+07  0.830115E+07  0.000000E+00  0.623285E+07
  0.295748E-04  0.623284E+07  0.623284E+07  0.830055E+07  0.830051E+07  0.000000E+00  0.623284E+07
  0.305772E-04  0.623284E+07  0.623284E+07  0.829986E+07  0.829982E+07  0.000000E+00  0.623284E+07
  0.316136E-04  0.623284E+07  0.623284E+07  0.829913E+07  0.829908E+07  0.000000E+00  0.623284E+07
  0.326852E-04  0.623283E+07  0.623283E+07  0.829834E+07  0.829829E+07  0.000000E+00  0.623283E+07
  0.337931E-04  0.623283E+07  0.623283E+07  0.829750E+07  0.829745E+07  0.000000E+00  0.623283E+07
  0.349385E-04  0.623282E+07  0.623282E+07  0.829660E+07  0.829655E+07  0.000000E+00  0.623282E+07
  0.361227E-04  0.623282E+07  0.623282E+07  0.829565E+07  0.829558E+07  0.000000E+00  0.623282E+07
  0.373471E-04  0.623281E+07  0.623281E+07  0.829462E+07  0.829455E+07  0.000000E+00  0.623281E+07
  0.386130E-04  0.623281E+07  0.623281E+07  0.829353E+07  0.829345E+07  0.000000E+00  0.623281E+07
  0.399218E-04  0.623280E+07  0.623280E+07  0.829235E+07  0.829228E+07  0.000000E+00  0.623280E+07
  0.412749E-04  0.623280E+07  0.623279E+07  0.829110E+07  0.829102E+07  0.000000E+00  0.623280E+07
  0.426740E-04  0.623279E+07  0.623279E+07  0.828977E+07  0.828968E+07  0.000000E+00  0.623279E+07
  0.441204E-04  0.623278E+07  0.623278E+07  0.828834E+07  0.828824E+07  0.000000E+00  0.623278E+07
  0.456159E-04  0.623277E+07  0.623277E+07  0.828681E+07  0.828671E+07  0.000000E+00  0.623277E+07
  0.471620E-04  0.623276E+07  0.623276E+07  0.828518E+07  0.828507E+07  0.000000E+00  0.623276E+07
  0.487606E-04  0.623276E+07  0.623276E+07  0.828343E+07  0.828332E+07  0.000000E+00  0.623276E+07
  0.504133E-04  0.623275E+07  0.623275E+07  0.828157E+07  0.828144E+07  0.000000E+00  0.623275E+07
  0.521221E-04  0.623274E+07  0.623274E+07  0.827957E+07  0.827944E+07  0.000000E+00  0.623274E+07
  0.538888E-04  0.623273E+07  0.623272E+07  0.827744E+07  0.827730E+07  0.000000E+00  0.623273E+07
  0.557153E-04  0.623271E+07  0.623271E+07  0.827517E+07  0.827502E+07  0.000000E+00  0.623271E+07
  0.576038E-04  0.623270E+07  0.623270E+07  0.827274E+07  0.827258E+07  0.000000E+00  0.623270E+07
  0.595563E-04  0.623269E+07  0.623269E+07  0.827014E+07  0.826996E+07  0.000000E+00  0.623269E+07
  0.615750E-04  0.623267E+07  0.623267E+07  0.826736E+07  0.826718E+07  0.000000E+00  0.623267E+07
  0.636621E-04  0.623266E+07  0.623266E+07  0.826439E+07  0.826420E+07  0.000000E+00  0.623266E+07
  0.658199E-04  0.623264E+07  0.623264E+07  0.826122E+07  0.826101E+07  0.000000E+00  0.623264E+07
  0.680509E-04  0.623262E+07  0.623262E+07  0.825783E+07  0.825761E+07  0.000000E+00  0.623262E+07
  0.703575E-04  0.623261E+07  0.623261E+07  0.825421E+07  0.825397E+07  0.000000E+00  0.623261E+07
  0.727422E-04  0.623259E+07  0.623259E+07  0.825034E+07  0.825008E+07  0.000000E+00  0.623259E+07
  0.752079E-04  0.623257E+07  0.623256E+07  0.824621E+07  0.824593E+07  0.000000E+00  0.623257E+07
  0.777570E-04  0.623254E+07  0.623254E+07  0.824179E+07  0.824150E+07  0.000000E+00  0.623254E+07
  0.803926E-04  0.623252E+07  0.623252E+07  0.823707E+07  0.823676E+07  0.000000E+00  0.623252E+07
  0.831175E-04  0.623249E+07  0.623249E+07  0.823203E+07  0.823170E+07  0.000000E+00  0.623249E+07
  0.859348E-04  0.623246E+07  0.623246E+07  0.822664E+07  0.822629E+07  0.000000E+00  0.623246E+07
  0.888476E-04  0.623244E+07  0.623243E+07  0.822089E+07  0.822051E+07  0.000000E+00  0.623244E+07
  0.918591E-04  0.623240E+07  0.623240E+07  0.821474E+07  0.821434E+07  0.000000E+00  0.623240E+07
  0.949726E-04  0.623237E+07  0.623237E+07  0.820818E+07  0.820775E+07  0.000000E+00  0.623237E+07
  0.981917E-04  0.623233E+07  0.623233E+07  0.820117E+07  0.820070E+07  0.000000E+00  0.623233E+07
  0.101520E-03  0.623230E+07  0.623229E+07  0.819368E+07  0.819318E+07  0.000000E+00  0.623230E+07
  0.104961E-03  0.623225E+07  0.623225E+07  0.818568E+07  0.818515E+07  0.000000E+00  0.623225E+07
  0.108519E-03  0.623221E+07  0.623221E+07  0.817714E+07  0.817658E+07  0.000000E+00  0.623221E+07
  0.112197E-03  0.623216E+07  0.623216E+07  0.816802E+07  0.816742E+07  0.000000E+00  0.623216E+07
  0.116000E-03  0.623211E+07  0.623211E+07  0.815828E+07  0.815764E+07  0.000000E+00  0.623211E+07
  0.119932E-03  0.623206E+07  0.623206E+07  0.814788E+07  0.814720E+07  0.000000E+00  0.623206E+07
  0.123997E-03  0.623200E+07  0.623200E+07  0.813678E+07  0.813605E+07  0.000000E+00  0.623200E+07
  0.128200E-03  0.623194E+07  0.623194E+07  0.812492E+07  0.812415E+07  0.000000E+00  0.623194E+07
  0.132545E-03  0.623188E+07  0.623187E+07  0.811227E+07  0.811144E+07  0.000000E+00  0.623187E+07
  0.137038E-03  0.623180E+07  0.623180E+07  0.809877E+07  0.809789E+07  0.000000E+00  0.623180E+07
  0.141683E-03  0.623173E+07  0.623172E+07  0.808436E+07  0.808342E+07  0.000000E+00  0.623173E+07
  0.146485E-03  0.623165E+07  0.623164E+07  0.806898E+07  0.806798E+07  0.000000E+00  0.623165E+07
  0.151450E-03  0.623156E+07  0.623156E+07  0.805258E+07  0.805151E+07  0.000000E+00  0.623156E+07
  0.156583E-03  0.623147E+07  0.623147E+07  0.803508E+07  0.803393E+07  0.000000E+00  0.623147E+07
  0.161891E-03  0.623138E+07  0.623137E+07  0.801641E+07  0.801519E+07  0.000000E+00  0.623137E+07
  0.167378E-03  0.623127E+07  0.623126E+07  0.799649E+07  0.799520E+07  0.000000E+00  0.623127E+07
  0.173051E-03  0.623116E+07  0.623115E+07  0.797526E+07  0.797388E+07  0.000000E+00  0.623116E+07
  0.178917E-03  0.623104E+07  0.623103E+07  0.795262E+07  0.795115E+07  0.000000E+00  0.623104E+07
  0.184981E-03  0.623091E+07  0.623090E+07  0.792849E+07  0.792693E+07  0.000000E+00  0.623091E+07
  0.191251E-03  0.623078E+07  0.623077E+07  0.790277E+07  0.790111E+07  0.000000E+00  0.623078E+07
  0.197734E-03  0.623063E+07  0.623062E+07  0.787537E+07  0.787359E+07  0.000000E+00  0.623063E+07
  0.204436E-03  0.623048E+07  0.623046E+07  0.784617E+07  0.784428E+07  0.000000E+00  0.623048E+07
  0.211366E-03  0.623031E+07  0.623030E+07  0.781507E+07  0.781307E+07  0.000000E+00  0.623031E+07
  0.218530E-03  0.623013E+07  0.623012E+07  0.778196E+07  0.777983E+07  0.000000E+00  0.623013E+07
  0.225937E-03  0.622994E+07  0.622993E+07  0.774672E+07  0.774445E+07  0.000000E+00  0.622994E+07
  0.233595E-03  0.622974E+07  0.622973E+07  0.770920E+07  0.770680E+07  0.000000E+00  0.622974E+07
  0.241513E-03  0.622952E+07  0.622951E+07  0.766930E+07  0.766674E+07  0.000000E+00  0.622952E+07
  0.249699E-03  0.622929E+07  0.622928E+07  0.762685E+07  0.762414E+07  0.000000E+00  0.622929E+07
  0.258162E-03  0.622905E+07  0.622903E+07  0.758173E+07  0.757885E+07  0.000000E+00  0.622905E+07
  0.266913E-03  0.622878E+07  0.622877E+07  0.753377E+07  0.753072E+07  0.000000E+00  0.622878E+07
  0.275960E-03  0.622850E+07  0.622848E+07  0.748282E+07  0.747960E+07  0.000000E+00  0.622850E+07
  0.285314E-03  0.622820E+07  0.622818E+07  0.742873E+07  0.742531E+07  0.000000E+00  0.622820E+07
  0.294984E-03  0.622788E+07  0.622786E+07  0.737131E+07  0.736769E+07  0.000000E+00  0.622788E+07
  0.304983E-03  0.622754E+07  0.622752E+07  0.731039E+07  0.730657E+07  0.000000E+00  0.622754E+07
  0.315320E-03  0.622718E+07  0.622715E+07  0.724581E+07  0.724177E+07  0.000000E+00  0.622718E+07
  0.326008E-03  0.622679E+07  0.622676E+07  0.717737E+07  0.717311E+07  0.000000E+00  0.622679E+07
  0.337058E-03  0.622637E+07  0.622634E+07  0.710488E+07  0.710039E+07  0.000000E+00  0.622637E+07
  0.348483E-03  0.622593E+07  0.622590E+07  0.702817E+07  0.702344E+07  0.000000E+00  0.622593E+07
  0.360295E-03  0.622545E+07  0.622542E+07  0.694704E+07  0.694207E+07  0.000000E+00  0.622545E+07
  0.372507E-03  0.622495E+07  0.622491E+07  0.686131E+07  0.685607E+07  0.000000E+00  0.622495E+07
  0.385133E-03  0.622441E+07  0.622437E+07  0.677077E+07  0.676528E+07  0.000000E+00  0.622441E+07
  0.398187E-03  0.622383E+07  0.622379E+07  0.667525E+07  0.666949E+07  0.000000E+00  0.622383E+07
  0.411684E-03  0.622322E+07  0.622318E+07  0.657456E+07  0.656854E+07  0.000000E+00  0.622322E+07
  0.425638E-03  0.622257E+07  0.622252E+07  0.646854E+07  0.646224E+07  0.000000E+00  0.622256E+07
  0.440065E-03  0.622187E+07  0.622182E+07  0.635702E+07  0.635044E+07  0.000000E+00  0.622187E+07
  0.454981E-03  0.622113E+07  0.622107E+07  0.623984E+07  0.623299E+07  0.000000E+00  0.622112E+07
  0.470403E-03  0.622033E+07  0.622028E+07  0.611687E+07  0.610975E+07  0.000000E+00  0.622033E+07
  0.486347E-03  0.621949E+07  0.621943E+07  0.598800E+07  0.598062E+07  0.000000E+00  0.621949E+07
  0.502832E-03  0.621859E+07  0.621853E+07  0.585314E+07  0.584550E+07  0.000000E+00  0.621859E+07
  0.519875E-03  0.621763E+07  0.621756E+07  0.571221E+07  0.570433E+07  0.000000E+00  0.621763E+07
  0.537497E-03  0.621661E+07  0.621654E+07  0.556520E+07  0.555708E+07  0.000000E+00  0.621661E+07
  0.555715E-03  0.621552E+07  0.621545E+07  0.541211E+07  0.540378E+07  0.000000E+00  0.621552E+07
  0.574551E-03  0.621437E+07  0.621428E+07  0.525299E+07  0.524447E+07  0.000000E+00  0.621436E+07
  0.594026E-03  0.621314E+07  0.621305E+07  0.508794E+07  0.507926E+07  0.000000E+00  0.621313E+07
  0.614160E-03  0.621183E+07  0.621173E+07  0.491713E+07  0.490832E+07  0.000000E+00  0.621182E+07
  0.634977E-03  0.621043E+07  0.621033E+07  0.474077E+07  0.473186E+07  0.000000E+00  0.621043E+07
  0.656500E-03  0.620895E+07  0.620884E+07  0.455915E+07  0.455019E+07  0.000000E+00  0.620895E+07
  0.678752E-03  0.620738E+07  0.620726E+07  0.437264E+07  0.436368E+07  0.000000E+00  0.620737E+07
  0.701758E-03  0.620571E+07  0.620558E+07  0.418168E+07  0.417277E+07  0.000000E+00  0.620570E+07
  0.725544E-03  0.620393E+07  0.620380E+07  0.398680E+07  0.397799E+07  0.000000E+00  0.620392E+07
  0.750137E-03  0.620204E+07  0.620190E+07  0.378861E+07  0.377999E+07  0.000000E+00  0.620204E+07
  0.775563E-03  0.620004E+07  0.619989E+07  0.358785E+07  0.357947E+07  0.000000E+00  0.620004E+07
  0.801851E-03  0.619792E+07  0.619776E+07  0.338532E+07  0.337725E+07  0.000000E+00  0.619791E+07
  0.829029E-03  0.619567E+07  0.619550E+07  0.318192E+07  0.317425E+07  0.000000E+00  0.619566E+07
  0.857129E-03  0.619328E+07  0.619310E+07  0.297865E+07  0.297146E+07  0.000000E+00  0.619327E+07
  0.886182E-03  0.619075E+07  0.619056E+07  0.277662E+07  0.276998E+07  0.000000E+00  0.619075E+07
  0.916219E-03  0.618808E+07  0.618787E+07  0.257698E+07  0.257098E+07  0.000000E+00  0.618807E+07
  0.947274E-03  0.618524E+07  0.618502E+07  0.238097E+07  0.237568E+07  0.000000E+00  0.618524E+07
  0.979383E-03  0.618225E+07  0.618201E+07  0.218988E+07  0.218538E+07  0.000000E+00  0.618224E+07
  0.101258E-02  0.617908E+07  0.617882E+07  0.200504E+07  0.200138E+07  0.000000E+00  0.617907E+07
  0.104690E-02  0.617573E+07  0.617546E+07  0.182775E+07  0.182498E+07  0.000000E+00  0.617572E+07
  0.108239E-02  0.617220E+07  0.617191E+07  0.165932E+07  0.165747E+07  0.000000E+00  0.617219E+07
  0.111907E-02  0.616847E+07  0.616816E+07  0.150096E+07  0.150006E+07  0.000000E+00  0.616846E+07
  0.115700E-02  0.616453E+07  0.616420E+07  0.135381E+07  0.135383E+07  0.000000E+00  0.616452E+07
  0.119622E-02  0.616039E+07  0.616004E+07  0.121883E+07  0.121976E+07  0.000000E+00  0.616038E+07
  0.123677E-02  0.615602E+07  0.615565E+07  0.109681E+07  0.109857E+07  0.000000E+00  0.615601E+07
  0.127869E-02  0.615142E+07  0.615102E+07  0.988277E+06  0.990785E+06  0.000000E+00  0.615141E+07
  0.132203E-02  0.614659E+07  0.614616E+07  0.893494E+06  0.896624E+06  0.000000E+00  0.614657E+07
  0.136684E-02  0.614150E+07  0.614105E+07  0.812388E+06  0.815990E+06  0.000000E+00  0.614149E+07
  0.141317E-02  0.613616E+07  0.613568E+07  0.744537E+06  0.748433E+06  0.000000E+00  0.613615E+07
  0.146107E-02  0.613055E+07  0.613003E+07  0.689152E+06  0.693144E+06  0.000000E+00  0.613054E+07
  0.151059E-02  0.612467E+07  0.612411E+07  0.645075E+06  0.648952E+06  0.000000E+00  0.612465E+07
  0.156179E-02  0.611850E+07  0.611790E+07  0.610805E+06  0.614353E+06  0.000000E+00  0.611848E+07
  0.161473E-02  0.611203E+07  0.611140E+07  0.584541E+06  0.587556E+06  0.000000E+00  0.611201E+07
  0.166946E-02  0.610525E+07  0.610458E+07  0.564260E+06  0.566560E+06  0.000000E+00  0.610523E+07
  0.172605E-02  0.609816E+07  0.609744E+07  0.547810E+06  0.549253E+06  0.000000E+00  0.609814E+07
  0.178455E-02  0.609074E+07  0.608997E+07  0.533042E+06  0.533537E+06  0.000000E+00  0.609072E+07
  0.184504E-02  0.608298E+07  0.608216E+07  0.517945E+06  0.517466E+06  0.000000E+00  0.608295E+07
  0.190758E-02  0.607486E+07  0.607399E+07  0.500800E+06  0.499395E+06  0.000000E+00  0.607484E+07
  0.197223E-02  0.606639E+07  0.606546E+07  0.480330E+06  0.478115E+06  0.000000E+00  0.606636E+07
  0.203908E-02  0.605754E+07  0.605654E+07  0.455815E+06  0.452975E+06  0.000000E+00  0.605751E+07
  0.210820E-02  0.604830E+07  0.604724E+07  0.427185E+06  0.423953E+06  0.000000E+00  0.604826E+07
  0.217966E-02  0.603866E+07  0.603753E+07  0.395042E+06  0.391671E+06  0.000000E+00  0.603862E+07
  0.225354E-02  0.602860E+07  0.602740E+07  0.360606E+06  0.357334E+06  0.000000E+00  0.602856E+07
  0.232992E-02  0.601812E+07  0.601683E+07  0.325583E+06  0.322593E+06  0.000000E+00  0.601808E+07
  0.240889E-02  0.600719E+07  0.600582E+07  0.291944E+06  0.289320E+06  0.000000E+00  0.600715E+07
  0.249054E-02  0.599581E+07  0.599435E+07  0.261644E+06  0.259339E+06  0.000000E+00  0.599576E+07
  0.257496E-02  0.598395E+07  0.598240E+07  0.236302E+06  0.234124E+06  0.000000E+00  0.598390E+07
  0.266224E-02  0.597161E+07  0.596996E+07  0.216901E+06  0.214519E+06  0.000000E+00  0.597156E+07
  0.275248E-02  0.595878E+07  0.595701E+07  0.203562E+06  0.200554E+06  0.000000E+00  0.595872E+07
  0.284577E-02  0.594542E+07  0.594354E+07  0.195462E+06  0.191383E+06  0.000000E+00  0.594536E+07
  0.294223E-02  0.593154E+07  0.592954E+07  0.000000E+00  0.000000E+00  0.000000E+00  0.593148E+07
  0.304196E-02  0.591711E+07  0.591498E+07  0.000000E+00  0.000000E+00  0.000000E+00  0.591705E+07
  0.314506E-02  0.590213E+07  0.589986E+07  0.000000E+00  0.000000E+00  0.000000E+00  0.590206E+07
  0.325166E-02  0.588657E+07  0.588415E+07  0.000000E+00  0.000000E+00  0.000000E+00  0.588649E+07
  0.336188E-02  0.587042E+07  0.586785E+07  0.000000E+00  0.000000E+00  0.000000E+00  0.587034E+07
  0.347583E-02  0.585366E+07  0.585093E+07  0.000000E+00  0.000000E+00  0.000000E+00  0.585358E+07
  0.359365E-02  0.583629E+07  0.583337E+07  0.000000E+00  0.000000E+00  0.000000E+00  0.583620E+07
  0.371545E-02  0.581827E+07  0.581518E+07  0.000000E+00  0.000000E+00  0.000000E+00  0.581818E+07
  0.384139E-02  0.579961E+07  0.579631E+07  0.000000E+00  0.000000E+00  0.000000E+00  0.579951E+07
  0.397159E-02  0.578028E+07  0.577677E+07  0.000000E+00  0.000000E+00  0.000000E+00  0.578017E+07
  0.410621E-02  0.576026E+07  0.575653E+07  0.000000E+00  0.000000E+00  0.000000E+00  0.576014E+07
  0.424539E-02  0.573955E+07  0.573558E+07  0.000000E+00  0.000000E+00  0.000000E+00  0.573942E+07
  0.438929E-02  0.571812E+07  0.571391E+07  0.000000E+00  0.000000E+00  0.000000E+00  0.571799E+07
  0.453806E-02  0.569597E+07  0.569149E+07  0.000000E+00  0.000000E+00  0.000000E+00  0.569583E+07
  0.469188E-02  0.567307E+07  0.566831E+07  0.000000E+00  0.000000E+00  0.000000E+00  0.567292E+07
  0.485091E-02  0.564942E+07  0.564436E+07  0.000000E+00  0.000000E+00  0.000000E+00  0.564926E+07
  0.501534E-02  0.562499E+07  0.561961E+07  0.000000E+00  0.000000E+00  0.000000E+00  0.562482E+07
  0.518533E-02  0.559977E+07  0.559406E+07  0.000000E+00  0.000000E+00  0.000000E+00  0.559959E+07
  0.536109E-02  0.557375E+07  0.556770E+07  0.000000E+00  0.000000E+00  0.000000E+00  0.557356E+07
  0.554280E-02  0.554692E+07  0.554049E+07  0.000000E+00  0.000000E+00  0.000000E+00  0.554672E+07
  0.573068E-02  0.551926E+07  0.551244E+07  0.000000E+00  0.000000E+00  0.000000E+00  0.551904E+07
  0.592492E-02  0.549076E+07  0.548352E+07  0.000000E+00  0.000000E+00  0.000000E+00  0.549053E+07
  0.612574E-02  0.546140E+07  0.545372E+07  0.000000E+00  0.000000E+00  0.000000E+00  0.546116E+07
  0.633338E-02  0.543117E+07  0.542303E+07  0.000000E+00  0.000000E+00  0.000000E+00  0.543092E+07
  0.654805E-02  0.540007E+07  0.539144E+07  0.000000E+00  0.000000E+00  0.000000E+00  0.539980E+07
  0.677000E-02  0.536808E+07  0.535893E+07  0.000000E+00  0.000000E+00  0.000000E+00  0.536779E+07
  0.699947E-02  0.533518E+07  0.532549E+07  0.000000E+00  0.000000E+00  0.000000E+00  0.533488E+07
  0.723671E-02  0.530138E+07  0.529111E+07  0.000000E+00  0.000000E+00  0.000000E+00  0.530105E+07
  0.748200E-02  0.526665E+07  0.525578E+07  0.000000E+00  0.000000E+00  0.000000E+00  0.526630E+07
  0.773561E-02  0.523098E+07  0.521949E+07  0.000000E+00  0.000000E+00  0.000000E+00  0.523062E+07
  0.799781E-02  0.519438E+07  0.518222E+07  0.000000E+00  0.000000E+00  0.000000E+00  0.519400E+07
  0.826889E-02  0.515683E+07  0.514397E+07  0.000000E+00  0.000000E+00  0.000000E+00  0.515643E+07
  0.854917E-02  0.511832E+07  0.510472E+07  0.000000E+00  0.000000E+00  0.000000E+00  0.511790E+07
  0.883894E-02  0.507885E+07  0.506448E+07  0.000000E+00  0.000000E+00  0.000000E+00  0.507840E+07
  0.913854E-02  0.503841E+07  0.502323E+07  0.000000E+00  0.000000E+00  0.000000E+00  0.503794E+07
  0.944829E-02  0.499700E+07  0.498097E+07  0.000000E+00  0.000000E+00  0.000000E+00  0.499649E+07
  0.976854E-02  0.495460E+07  0.493769E+07  0.000000E+00  0.000000E+00  0.000000E+00  0.495407E+07
  0.100996E-01  0.491122E+07  0.489338E+07  0.000000E+00  0.000000E+00  0.000000E+00  0.491066E+07
  0.104420E-01  0.486685E+07  0.484805E+07  0.000000E+00  0.000000E+00  0.000000E+00  0.486626E+07
  0.107959E-01  0.482149E+07  0.480168E+07  0.000000E+00  0.000000E+00  0.000000E+00  0.482086E+07
  0.111618E-01  0.477514E+07  0.475428E+07  0.000000E+00  0.000000E+00  0.000000E+00  0.477448E+07
  0.115402E-01  0.472780E+07  0.470585E+07  0.000000E+00  0.000000E+00  0.000000E+00  0.472710E+07
  0.119313E-01  0.467946E+07  0.465639E+07  0.000000E+00  0.000000E+00  0.000000E+00  0.467874E+07
  0.123357E-01  0.463014E+07  0.460590E+07  0.000000E+00  0.000000E+00  0.000000E+00  0.462938E+07
  0.127539E-01  0.457983E+07  0.455438E+07  0.000000E+00  0.000000E+00  0.000000E+00  0.457903E+07
  0.131862E-01  0.452855E+07  0.450184E+07  0.000000E+00  0.000000E+00  0.000000E+00  0.452770E+07
  0.136331E-01  0.447628E+07  0.444829E+07  0.000000E+00  0.000000E+00  0.000000E+00  0.447540E+07
  0.140952E-01  0.442305E+07  0.439374E+07  0.000000E+00  0.000000E+00  0.000000E+00  0.442213E+07
  0.145730E-01  0.436886E+07  0.433820E+07  0.000000E+00  0.000000E+00  0.000000E+00  0.436790E+07
  0.150669E-01  0.431373E+07  0.428168E+07  0.000000E+00  0.000000E+00  0.000000E+00  0.431272E+07
  0.155776E-01  0.425766E+07  0.422419E+07  0.000000E+00  0.000000E+00  0.000000E+00  0.425661E+07
  0.161056E-01  0.420067E+07  0.416577E+07  0.000000E+00  0.000000E+00  0.000000E+00  0.419957E+07
  0.166515E-01  0.414278E+07  0.410643E+07  0.000000E+00  0.000000E+00  0.000000E+00  0.414164E+07
  0.172159E-01  0.408402E+07  0.404620E+07  0.000000E+00  0.000000E+00  0.000000E+00  0.408283E+07
  0.177994E-01  0.402439E+07  0.398510E+07  0.000000E+00  0.000000E+00  0.000000E+00  0.402315E+07
  0.184028E-01  0.396393E+07  0.392318E+07  0.000000E+00  0.000000E+00  0.000000E+00  0.396265E+07
  0.190265E-01  0.390267E+07  0.386046E+07  0.000000E+00  0.000000E+00  0.000000E+00  0.390134E+07
  0.196714E-01  0.384064E+07  0.379699E+07  0.000000E+00  0.000000E+00  0.000000E+00  0.383927E+07
  0.203382E-01  0.377788E+07  0.373282E+07  0.000000E+00  0.000000E+00  0.000000E+00  0.377646E+07
  0.210276E-01  0.371441E+07  0.366800E+07  0.000000E+00  0.000000E+00  0.000000E+00  0.371295E+07
  0.217403E-01  0.365030E+07  0.360258E+07  0.000000E+00  0.000000E+00  0.000000E+00  0.364880E+07
  0.224772E-01  0.358558E+07  0.353662E+07  0.000000E+00  0.000000E+00  0.000000E+00  0.358404E+07
  0.232390E-01  0.352031E+07  0.347020E+07  0.000000E+00  0.000000E+00  0.000000E+00  0.351873E+07
  0.240267E-01  0.345455E+07  0.340338E+07  0.000000E+00  0.000000E+00  0.000000E+00  0.345293E+07
  0.248411E-01  0.338835E+07  0.333623E+07  0.000000E+00  0.000000E+00  0.000000E+00  0.338671E+07
  0.256831E-01  0.332178E+07  0.326886E+07  0.000000E+00  0.000000E+00  0.000000E+00  0.332011E+07
  0.265537E-01  0.325492E+07  0.320133E+07  0.000000E+00  0.000000E+00  0.000000E+00  0.325323E+07
  0.274537E-01  0.318784E+07  0.313376E+07  0.000000E+00  0.000000E+00  0.000000E+00  0.318614E+07
  0.283842E-01  0.312063E+07  0.306622E+07  0.000000E+00  0.000000E+00  0.000000E+00  0.311891E+07
  0.293463E-01  0.305336E+07  0.299884E+07  0.000000E+00  0.000000E+00  0.000000E+00  0.305164E+07
  0.303410E-01  0.298614E+07  0.293171E+07  0.000000E+00  0.000000E+00  0.000000E+00  0.298443E+07
  0.313694E-01  0.291906E+07  0.286495E+07  0.000000E+00  0.000000E+00  0.000000E+00  0.291736E+07
  0.324327E-01  0.285222E+07  0.279865E+07  0.000000E+00  0.000000E+00  0.000000E+00  0.285053E+07
  0.335320E-01  0.278571E+07  0.273294E+07  0.000000E+00  0.000000E+00  0.000000E+00  0.278404E+07
  0.346686E-01  0.271963E+07  0.266790E+07  0.000000E+00  0.000000E+00  0.000000E+00  0.271800E+07
  0.358437E-01  0.265409E+07  0.260364E+07  0.000000E+00  0.000000E+00  0.000000E+00  0.265250E+07
  0.370586E-01  0.258917E+07  0.254025E+07  0.000000E+00  0.000000E+00  0.000000E+00  0.258763E+07
  0.383147E-01  0.252474E+07  0.247756E+07  0.000000E+00  0.000000E+00  0.000000E+00  0.252325E+07
  0.396134E-01  0.246069E+07  0.241547E+07  0.000000E+00  0.000000E+00  0.000000E+00  0.245926E+07
  0.409561E-01  0.239758E+07  0.235450E+07  0.000000E+00  0.000000E+00  0.000000E+00  0.239622E+07
  0.423443E-01  0.233550E+07  0.229472E+07  0.000000E+00  0.000000E+00  0.000000E+00  0.233421E+07
  0.437796E-01  0.227447E+07  0.223611E+07  0.000000E+00  0.000000E+00  0.000000E+00  0.227327E+07
  0.452635E-01  0.221449E+07  0.217861E+07  0.000000E+00  0.000000E+00  0.000000E+00  0.221336E+07
  0.467977E-01  0.215546E+07  0.212209E+07  0.000000E+00  0.000000E+00  0.000000E+00  0.215441E+07
  0.483839E-01  0.209729E+07  0.206639E+07  0.000000E+00  0.000000E+00  0.000000E+00  0.209632E+07
  0.500239E-01  0.203987E+07  0.201135E+07  0.000000E+00  0.000000E+00  0.000000E+00  0.203897E+07
  0.517194E-01  0.198310E+07  0.195679E+07  0.000000E+00  0.000000E+00  0.000000E+00  0.198227E+07
  0.534725E-01  0.192692E+07  0.190261E+07  0.000000E+00  0.000000E+00  0.000000E+00  0.192615E+07
  0.552850E-01  0.187133E+07  0.184877E+07  0.000000E+00  0.000000E+00  0.000000E+00  0.187062E+07
  0.571588E-01  0.181644E+07  0.179531E+07  0.000000E+00  0.000000E+00  0.000000E+00  0.181578E+07
  0.590963E-01  0.176255E+07  0.174252E+07  0.000000E+00  0.000000E+00  0.000000E+00  0.176192E+07
  0.610993E-01  0.171100E+07  0.169175E+07  0.000000E+00  0.000000E+00  0.000000E+00  0.171039E+07
  0.631703E-01  0.165871E+07  0.163988E+07  0.000000E+00  0.000000E+00  0.000000E+00  0.165812E+07
  0.653114E-01  0.160706E+07  0.158833E+07  0.000000E+00  0.000000E+00  0.000000E+00  0.160647E+07
  0.675252E-01  0.155600E+07  0.153710E+07  0.000000E+00  0.000000E+00  0.000000E+00  0.155541E+07
  0.698139E-01  0.150553E+07  0.148624E+07  0.000000E+00  0.000000E+00  0.000000E+00  0.150492E+07
  0.721803E-01  0.145571E+07  0.143592E+07  0.000000E+00  0.000000E+00  0.000000E+00  0.145509E+07
  0.746268E-01  0.140670E+07  0.138637E+07  0.000000E+00  0.000000E+00  0.000000E+00  0.140606E+07
  0.771564E-01  0.135870E+07  0.133790E+07  0.000000E+00  0.000000E+00  0.000000E+00  0.135804E+07
  0.797716E-01  0.131194E+07  0.129084E+07  0.000000E+00  0.000000E+00  0.000000E+00  0.131127E+07
  0.824755E-01  0.126658E+07  0.124544E+07  0.000000E+00  0.000000E+00  0.000000E+00  0.126591E+07
  0.852709E-01  0.122269E+07  0.120180E+07  0.000000E+00  0.000000E+00  0.000000E+00  0.122203E+07
  0.881612E-01  0.118020E+07  0.115991E+07  0.000000E+00  0.000000E+00  0.000000E+00  0.117957E+07
  0.911495E-01  0.113903E+07  0.111964E+07  0.000000E+00  0.000000E+00  0.000000E+00  0.113842E+07
  0.942390E-01  0.109907E+07  0.108085E+07  0.000000E+00  0.000000E+00  0.000000E+00  0.109849E+07
  0.974333E-01  0.106027E+07  0.104339E+07  0.000000E+00  0.000000E+00  0.000000E+00  0.105974E+07
  0.100736E+00  0.102261E+07  0.100714E+07  0.000000E+00  0.000000E+00  0.000000E+00  0.102212E+07
  0.104150E+00  0.986008E+06  0.971883E+06  0.000000E+00  0.000000E+00  0.000000E+00  0.985563E+06
  0.107680E+00  0.950326E+06  0.937367E+06  0.000000E+00  0.000000E+00  0.000000E+00  0.949918E+06
  0.111330E+00  0.915394E+06  0.903337E+06  0.000000E+00  0.000000E+00  0.000000E+00  0.915014E+06
  0.115104E+00  0.881120E+06  0.869663E+06  0.000000E+00  0.000000E+00  0.000000E+00  0.880759E+06
  0.119005E+00  0.847515E+06  0.836371E+06  0.000000E+00  0.000000E+00  0.000000E+00  0.847164E+06
  0.123039E+00  0.814648E+06  0.803591E+06  0.000000E+00  0.000000E+00  0.000000E+00  0.814299E+06
  0.127209E+00  0.782569E+06  0.771483E+06  0.000000E+00  0.000000E+00  0.000000E+00  0.782220E+06
  0.131521E+00  0.751357E+06  0.740242E+06  0.000000E+00  0.000000E+00  0.000000E+00  0.751007E+06
  0.135979E+00  0.721170E+06  0.710136E+06  0.000000E+00  0.000000E+00  0.000000E+00  0.720823E+06
  0.140588E+00  0.692207E+06  0.681434E+06  0.000000E+00  0.000000E+00  0.000000E+00  0.691868E+06
  0.145353E+00  0.664530E+06  0.654211E+06  0.000000E+00  0.000000E+00  0.000000E+00  0.664205E+06
  0.150280E+00  0.637992E+06  0.628270E+06  0.000000E+00  0.000000E+00  0.000000E+00  0.637686E+06
  0.155374E+00  0.612392E+06  0.603321E+06  0.000000E+00  0.000000E+00  0.000000E+00  0.612107E+06
  0.160640E+00  0.587618E+06  0.579156E+06  0.000000E+00  0.000000E+00  0.000000E+00  0.587352E+06
  0.166085E+00  0.563600E+06  0.555631E+06  0.000000E+00  0.000000E+00  0.000000E+00  0.563349E+06
  0.171715E+00  0.540231E+06  0.532611E+06  0.000000E+00  0.000000E+00  0.000000E+00  0.539991E+06
  0.177535E+00  0.517479E+06  0.510091E+06  0.000000E+00  0.000000E+00  0.000000E+00  0.517247E+06
  0.183553E+00  0.495443E+06  0.488234E+06  0.000000E+00  0.000000E+00  0.000000E+00  0.495216E+06
  0.189774E+00  0.474220E+06  0.467207E+06  0.000000E+00  0.000000E+00  0.000000E+00  0.473999E+06
  0.196206E+00  0.453849E+06  0.447093E+06  0.000000E+00  0.000000E+00  0.000000E+00  0.453636E+06
  0.202857E+00  0.434355E+06  0.427916E+06  0.000000E+00  0.000000E+00  0.000000E+00  0.434153E+06
  0.209733E+00  0.415656E+06  0.409561E+06  0.000000E+00  0.000000E+00  0.000000E+00  0.415464E+06
  0.216842E+00  0.397614E+06  0.391841E+06  0.000000E+00  0.000000E+00  0.000000E+00  0.397432E+06
  0.224192E+00  0.380216E+06  0.374717E+06  0.000000E+00  0.000000E+00  0.000000E+00  0.380042E+06
  0.231791E+00  0.363459E+06  0.358187E+06  0.000000E+00  0.000000E+00  0.000000E+00  0.363293E+06
  0.239647E+00  0.347282E+06  0.342214E+06  0.000000E+00  0.000000E+00  0.000000E+00  0.347123E+06
  0.247770E+00  0.331739E+06  0.326877E+06  0.000000E+00  0.000000E+00  0.000000E+00  0.331586E+06
  0.256168E+00  0.316860E+06  0.312217E+06  0.000000E+00  0.000000E+00  0.000000E+00  0.316714E+06
  0.264851E+00  0.302572E+06  0.298152E+06  0.000000E+00  0.000000E+00  0.000000E+00  0.302433E+06
  0.273828E+00  0.288866E+06  0.284658E+06  0.000000E+00  0.000000E+00  0.000000E+00  0.288734E+06
  0.283110E+00  0.275705E+06  0.271690E+06  0.000000E+00  0.000000E+00  0.000000E+00  0.275579E+06
  0.292706E+00  0.263054E+06  0.259218E+06  0.000000E+00  0.000000E+00  0.000000E+00  0.262933E+06
  0.302627E+00  0.250932E+06  0.247268E+06  0.000000E+00  0.000000E+00  0.000000E+00  0.250817E+06
  0.312884E+00  0.239308E+06  0.235814E+06  0.000000E+00  0.000000E+00  0.000000E+00  0.239198E+06
  0.323490E+00  0.228177E+06  0.224849E+06  0.000000E+00  0.000000E+00  0.000000E+00  0.228072E+06
  0.334454E+00  0.217506E+06  0.214335E+06  0.000000E+00  0.000000E+00  0.000000E+00  0.217406E+06
  0.345791E+00  0.207289E+06  0.204266E+06  0.000000E+00  0.000000E+00  0.000000E+00  0.207194E+06
  0.357512E+00  0.197503E+06  0.194622E+06  0.000000E+00  0.000000E+00  0.000000E+00  0.197412E+06
  0.369629E+00  0.188140E+06  0.185396E+06  0.000000E+00  0.000000E+00  0.000000E+00  0.188053E+06
  0.382158E+00  0.179178E+06  0.176565E+06  0.000000E+00  0.000000E+00  0.000000E+00  0.179096E+06
  0.395111E+00  0.170610E+06  0.168122E+06  0.000000E+00  0.000000E+00  0.000000E+00  0.170531E+06
  0.408504E+00  0.162412E+06  0.160044E+06  0.000000E+00  0.000000E+00  0.000000E+00  0.162338E+06
  0.422350E+00  0.154582E+06  0.152328E+06  0.000000E+00  0.000000E+00  0.000000E+00  0.154511E+06
  0.436666E+00  0.147096E+06  0.144951E+06  0.000000E+00  0.000000E+00  0.000000E+00  0.147028E+06
  0.451466E+00  0.139948E+06  0.137908E+06  0.000000E+00  0.000000E+00  0.000000E+00  0.139884E+06
  0.466769E+00  0.133121E+06  0.131180E+06  0.000000E+00  0.000000E+00  0.000000E+00  0.133060E+06
  0.482590E+00  0.126602E+06  0.124757E+06  0.000000E+00  0.000000E+00  0.000000E+00  0.126544E+06
  0.498948E+00  0.120381E+06  0.118626E+06  0.000000E+00  0.000000E+00  0.000000E+00  0.120326E+06
  0.515859E+00  0.114445E+06  0.112776E+06  0.000000E+00  0.000000E+00  0.000000E+00  0.114392E+06
  0.533344E+00  0.108779E+06  0.107193E+06  0.000000E+00  0.000000E+00  0.000000E+00  0.108729E+06
  0.551422E+00  0.103375E+06  0.101868E+06  0.000000E+00  0.000000E+00  0.000000E+00  0.103327E+06
  0.570113E+00  0.982218E+05  0.967902E+05  0.000000E+00  0.000000E+00  0.000000E+00  0.981767E+05
  0.589437E+00  0.933084E+05  0.919485E+05  0.000000E+00  0.000000E+00  0.000000E+00  0.932656E+05
  0.609416E+00  0.886249E+05  0.873334E+05  0.000000E+00  0.000000E+00  0.000000E+00  0.885843E+05
  0.630072E+00  0.841620E+05  0.829355E+05  0.000000E+00  0.000000E+00  0.000000E+00  0.841234E+05
  0.651428E+00  0.799111E+05  0.787466E+05  0.000000E+00  0.000000E+00  0.000000E+00  0.798745E+05
  0.673509E+00  0.758631E+05  0.747576E+05  0.000000E+00  0.000000E+00  0.000000E+00  0.758283E+05
  0.696337E+00  0.720094E+05  0.709601E+05  0.000000E+00  0.000000E+00  0.000000E+00  0.719764E+05
  0.719940E+00  0.683409E+05  0.673451E+05  0.000000E+00  0.000000E+00  0.000000E+00  0.683096E+05
  0.744342E+00  0.648494E+05  0.639045E+05  0.000000E+00  0.000000E+00  0.000000E+00  0.648196E+05
  0.769572E+00  0.615264E+05  0.606299E+05  0.000000E+00  0.000000E+00  0.000000E+00  0.614982E+05
  0.795656E+00  0.583644E+05  0.575140E+05  0.000000E+00  0.000000E+00  0.000000E+00  0.583376E+05
  0.822625E+00  0.553561E+05  0.545495E+05  0.000000E+00  0.000000E+00  0.000000E+00  0.553307E+05
  0.850508E+00  0.524950E+05  0.517301E+05  0.000000E+00  0.000000E+00  0.000000E+00  0.524709E+05
  0.879336E+00  0.497744E+05  0.490492E+05  0.000000E+00  0.000000E+00  0.000000E+00  0.497516E+05
  0.909141E+00  0.471886E+05  0.465011E+05  0.000000E+00  0.000000E+00  0.000000E+00  0.471669E+05
  0.939957E+00  0.447314E+05  0.440797E+05  0.000000E+00  0.000000E+00  0.000000E+00  0.447109E+05
  0.971817E+00  0.423964E+05  0.417787E+05  0.000000E+00  0.000000E+00  0.000000E+00  0.423769E+05
  0.100476E+01  0.401775E+05  0.395922E+05  0.000000E+00  0.000000E+00  0.000000E+00  0.401591E+05
  0.103881E+01  0.380696E+05  0.375150E+05  0.000000E+00  0.000000E+00  0.000000E+00  0.380522E+05
  0.107402E+01  0.360673E+05  0.355419E+05  0.000000E+00  0.000000E+00  0.000000E+00  0.360508E+05
  0.111043E+01  0.341662E+05  0.336685E+05  0.000000E+00  0.000000E+00  0.000000E+00  0.341505E+05
  0.114807E+01  0.323613E+05  0.318899E+05  0.000000E+00  0.000000E+00  0.000000E+00  0.323465E+05
  0.118698E+01  0.306483E+05  0.302019E+05  0.000000E+00  0.000000E+00  0.000000E+00  0.306343E+05
  0.122721E+01  0.290224E+05  0.285997E+05  0.000000E+00  0.000000E+00  0.000000E+00  0.290091E+05
  0.126881E+01  0.274792E+05  0.270789E+05  0.000000E+00  0.000000E+00  0.000000E+00  0.274666E+05
  0.131182E+01  0.260151E+05  0.256361E+05  0.000000E+00  0.000000E+00  0.000000E+00  0.260031E+05
  0.135628E+01  0.246261E+05  0.242674E+05  0.000000E+00  0.000000E+00  0.000000E+00  0.246148E+05
  0.140225E+01  0.233087E+05  0.229692E+05  0.000000E+00  0.000000E+00  0.000000E+00  0.232980E+05
  0.144978E+01  0.220593E+05  0.217379E+05  0.000000E+00  0.000000E+00  0.000000E+00  0.220492E+05
  0.149892E+01  0.208744E+05  0.205703E+05  0.000000E+00  0.000000E+00  0.000000E+00  0.208648E+05
  0.154973E+01  0.197509E+05  0.194632E+05  0.000000E+00  0.000000E+00  0.000000E+00  0.197418E+05
  0.160226E+01  0.186859E+05  0.184137E+05  0.000000E+00  0.000000E+00  0.000000E+00  0.186773E+05
  0.165656E+01  0.176765E+05  0.174191E+05  0.000000E+00  0.000000E+00  0.000000E+00  0.176684E+05
  0.171271E+01  0.167199E+05  0.164763E+05  0.000000E+00  0.000000E+00  0.000000E+00  0.167122E+05
  0.177077E+01  0.158134E+05  0.155830E+05  0.000000E+00  0.000000E+00  0.000000E+00  0.158061E+05
  0.183079E+01  0.149545E+05  0.147367E+05  0.000000E+00  0.000000E+00  0.000000E+00  0.149477E+05
  0.189284E+01  0.141410E+05  0.139350E+05  0.000000E+00  0.000000E+00  0.000000E+00  0.141345E+05
  0.195700E+01  0.133703E+05  0.131756E+05  0.000000E+00  0.000000E+00  0.000000E+00  0.133642E+05
  0.202333E+01  0.126406E+05  0.124564E+05  0.000000E+00  0.000000E+00  0.000000E+00  0.126348E+05
  0.209191E+01  0.119495E+05  0.117754E+05  0.000000E+00  0.000000E+00  0.000000E+00  0.119440E+05
  0.216282E+01  0.112951E+05  0.111306E+05  0.000000E+00  0.000000E+00  0.000000E+00  0.112899E+05
  0.223613E+01  0.106756E+05  0.105200E+05  0.000000E+00  0.000000E+00  0.000000E+00  0.106707E+05
  0.231192E+01  0.100891E+05  0.994210E+04  0.000000E+00  0.000000E+00  0.000000E+00  0.100845E+05
  0.239028E+01  0.953396E+04  0.939505E+04  0.000000E+00  0.000000E+00  0.000000E+00  0.952958E+04
  0.247130E+01  0.900856E+04  0.887731E+04  0.000000E+00  0.000000E+00  0.000000E+00  0.900443E+04
  0.255507E+01  0.851138E+04  0.838736E+04  0.000000E+00  0.000000E+00  0.000000E+00  0.850747E+04
  0.264167E+01  0.804094E+04  0.792378E+04  0.000000E+00  0.000000E+00  0.000000E+00  0.803725E+04
  0.273121E+01  0.759589E+04  0.748521E+04  0.000000E+00  0.000000E+00  0.000000E+00  0.759240E+04
  0.282379E+01  0.717488E+04  0.707032E+04  0.000000E+00  0.000000E+00  0.000000E+00  0.717158E+04
  0.291950E+01  0.677667E+04  0.667791E+04  0.000000E+00  0.000000E+00  0.000000E+00  0.677356E+04
  0.301846E+01  0.640004E+04  0.630677E+04  0.000000E+00  0.000000E+00  0.000000E+00  0.639711E+04
  0.312077E+01  0.604388E+04  0.595580E+04  0.000000E+00  0.000000E+00  0.000000E+00  0.604111E+04
  0.322655E+01  0.570709E+04  0.562390E+04  0.000000E+00  0.000000E+00  0.000000E+00  0.570447E+04
  0.333591E+01  0.538863E+04  0.531009E+04  0.000000E+00  0.000000E+00  0.000000E+00  0.538616E+04
  0.344898E+01  0.508755E+04  0.501339E+04  0.000000E+00  0.000000E+00  0.000000E+00  0.508522E+04
  0.356588E+01  0.480293E+04  0.473291E+04  0.000000E+00  0.000000E+00  0.000000E+00  0.480072E+04
  0.368675E+01  0.453388E+04  0.446778E+04  0.000000E+00  0.000000E+00  0.000000E+00  0.453180E+04
  0.381172E+01  0.427960E+04  0.421720E+04  0.000000E+00  0.000000E+00  0.000000E+00  0.427763E+04
  0.394091E+01  0.403930E+04  0.398040E+04  0.000000E+00  0.000000E+00  0.000000E+00  0.403745E+04
  0.407449E+01  0.381223E+04  0.375664E+04  0.000000E+00  0.000000E+00  0.000000E+00  0.381048E+04
  0.421259E+01  0.359769E+04  0.354522E+04  0.000000E+00  0.000000E+00  0.000000E+00  0.359604E+04
  0.435538E+01  0.339498E+04  0.334546E+04  0.000000E+00  0.000000E+00  0.000000E+00  0.339342E+04
  0.450301E+01  0.320347E+04  0.315674E+04  0.000000E+00  0.000000E+00  0.000000E+00  0.320200E+04
  0.465564E+01  0.302255E+04  0.297845E+04  0.000000E+00  0.000000E+00  0.000000E+00  0.302116E+04
  0.481344E+01  0.285166E+04  0.281005E+04  0.000000E+00  0.000000E+00  0.000000E+00  0.285035E+04
  0.497659E+01  0.269025E+04  0.265098E+04  0.000000E+00  0.000000E+00  0.000000E+00  0.268901E+04
  0.514527E+01  0.253782E+04  0.250077E+04  0.000000E+00  0.000000E+00  0.000000E+00  0.253665E+04
  0.531968E+01  0.239388E+04  0.235893E+04  0.000000E+00  0.000000E+00  0.000000E+00  0.239278E+04
  0.549998E+01  0.225797E+04  0.222500E+04  0.000000E+00  0.000000E+00  0.000000E+00  0.225693E+04
  0.568641E+01  0.212964E+04  0.209854E+04  0.000000E+00  0.000000E+00  0.000000E+00  0.212866E+04
  0.587915E+01  0.200848E+04  0.197914E+04  0.000000E+00  0.000000E+00  0.000000E+00  0.200756E+04
  0.607843E+01  0.189410E+04  0.186642E+04  0.000000E+00  0.000000E+00  0.000000E+00  0.189322E+04
  0.628446E+01  0.178611E+04  0.176001E+04  0.000000E+00  0.000000E+00  0.000000E+00  0.178529E+04
  0.649747E+01  0.168419E+04  0.165957E+04  0.000000E+00  0.000000E+00  0.000000E+00  0.168342E+04
  0.671770E+01  0.158800E+04  0.156477E+04  0.000000E+00  0.000000E+00  0.000000E+00  0.158727E+04
  0.694539E+01  0.149722E+04  0.147531E+04  0.000000E+00  0.000000E+00  0.000000E+00  0.149653E+04
  0.718081E+01  0.141155E+04  0.139089E+04  0.000000E+00  0.000000E+00  0.000000E+00  0.141090E+04
  0.742420E+01  0.133070E+04  0.131122E+04  0.000000E+00  0.000000E+00  0.000000E+00  0.133009E+04
  0.767585E+01  0.125442E+04  0.123604E+04  0.000000E+00  0.000000E+00  0.000000E+00  0.125384E+04
  0.793602E+01  0.118244E+04  0.116511E+04  0.000000E+00  0.000000E+00  0.000000E+00  0.118189E+04
  0.820502E+01  0.111453E+04  0.109819E+04  0.000000E+00  0.000000E+00  0.000000E+00  0.111401E+04
  0.848312E+01  0.105047E+04  0.103506E+04  0.000000E+00  0.000000E+00  0.000000E+00  0.104998E+04
  0.877066E+01  0.990042E+03  0.975515E+03  0.000000E+00  0.000000E+00  0.000000E+00  0.989584E+03
  0.906794E+01  0.933043E+03  0.919345E+03  0.000000E+00  0.000000E+00  0.000000E+00  0.932611E+03
  0.937530E+01  0.879276E+03  0.866360E+03  0.000000E+00  0.000000E+00  0.000000E+00  0.878870E+03
  0.969308E+01  0.828566E+03  0.816387E+03  0.000000E+00  0.000000E+00  0.000000E+00  0.828182E+03
  0.100216E+02  0.780741E+03  0.769257E+03  0.000000E+00  0.000000E+00  0.000000E+00  0.780379E+03
  0.103613E+02  0.735643E+03  0.724815E+03  0.000000E+00  0.000000E+00  0.000000E+00  0.735302E+03
  0.107125E+02  0.693119E+03  0.682909E+03  0.000000E+00  0.000000E+00  0.000000E+00  0.692797E+03
  0.110756E+02  0.653019E+03  0.643392E+03  0.000000E+00  0.000000E+00  0.000000E+00  0.652716E+03
  0.114510E+02  0.615210E+03  0.606132E+03  0.000000E+00  0.000000E+00  0.000000E+00  0.614924E+03
  0.118392E+02  0.579561E+03  0.571001E+03  0.000000E+00  0.000000E+00  0.000000E+00  0.579291E+03
  0.122404E+02  0.545955E+03  0.537884E+03  0.000000E+00  0.000000E+00  0.000000E+00  0.545700E+03
  0.126553E+02  0.514274E+03  0.506664E+03  0.000000E+00  0.000000E+00  0.000000E+00  0.514035E+03
  0.130843E+02  0.484411E+03  0.477234E+03  0.000000E+00  0.000000E+00  0.000000E+00  0.484185E+03
  0.135278E+02  0.456260E+03  0.449492E+03  0.000000E+00  0.000000E+00  0.000000E+00  0.456046E+03
  0.139863E+02  0.429725E+03  0.423343E+03  0.000000E+00  0.000000E+00  0.000000E+00  0.429524E+03
  0.144604E+02  0.404717E+03  0.398697E+03  0.000000E+00  0.000000E+00  0.000000E+00  0.404527E+03
  0.149505E+02  0.381149E+03  0.375472E+03  0.000000E+00  0.000000E+00  0.000000E+00  0.380970E+03
  0.154573E+02  0.358937E+03  0.353583E+03  0.000000E+00  0.000000E+00  0.000000E+00  0.358769E+03
  0.159812E+02  0.338005E+03  0.332954E+03  0.000000E+00  0.000000E+00  0.000000E+00  0.337846E+03
  0.165229E+02  0.318280E+03  0.313516E+03  0.000000E+00  0.000000E+00  0.000000E+00  0.318130E+03
  0.170829E+02  0.299695E+03  0.295200E+03  0.000000E+00  0.000000E+00  0.000000E+00  0.299554E+03
  0.176619E+02  0.282185E+03  0.277944E+03  0.000000E+00  0.000000E+00  0.000000E+00  0.282051E+03
  0.182606E+02  0.265685E+03  0.261684E+03  0.000000E+00  0.000000E+00  0.000000E+00  0.265559E+03
  0.188795E+02  0.250141E+03  0.246364E+03  0.000000E+00  0.000000E+00  0.000000E+00  0.250022E+03
  0.195195E+02  0.235496E+03  0.231932E+03  0.000000E+00  0.000000E+00  0.000000E+00  0.235384E+03
  0.201811E+02  0.221702E+03  0.218338E+03  0.000000E+00  0.000000E+00  0.000000E+00  0.221596E+03
  0.208651E+02  0.208706E+03  0.205531E+03  0.000000E+00  0.000000E+00  0.000000E+00  0.208606E+03
  0.215723E+02  0.196465E+03  0.193467E+03  0.000000E+00  0.000000E+00  0.000000E+00  0.196371E+03
  0.223035E+02  0.184935E+03  0.182104E+03  0.000000E+00  0.000000E+00  0.000000E+00  0.184846E+03
  0.230595E+02  0.174076E+03  0.171402E+03  0.000000E+00  0.000000E+00  0.000000E+00  0.173992E+03
  0.238411E+02  0.163848E+03  0.161321E+03  0.000000E+00  0.000000E+00  0.000000E+00  0.163768E+03
  0.246492E+02  0.154215E+03  0.151828E+03  0.000000E+00  0.000000E+00  0.000000E+00  0.154140E+03
  0.254847E+02  0.145143E+03  0.142887E+03  0.000000E+00  0.000000E+00  0.000000E+00  0.145072E+03
  0.263485E+02  0.136601E+03  0.134468E+03  0.000000E+00  0.000000E+00  0.000000E+00  0.136533E+03
  0.272416E+02  0.128556E+03  0.126540E+03  0.000000E+00  0.000000E+00  0.000000E+00  0.128492E+03
  0.281650E+02  0.120981E+03  0.119074E+03  0.000000E+00  0.000000E+00  0.000000E+00  0.120921E+03
  0.291196E+02  0.113848E+03  0.112045E+03  0.000000E+00  0.000000E+00  0.000000E+00  0.113792E+03
  0.301066E+02  0.107132E+03  0.105426E+03  0.000000E+00  0.000000E+00  0.000000E+00  0.107079E+03
  0.311271E+02  0.100809E+03  0.991937E+02  0.000000E+00  0.000000E+00  0.000000E+00  0.100758E+03
  0.321822E+02  0.948564E+02  0.933266E+02  0.000000E+00  0.000000E+00  0.000000E+00  0.948082E+02
  0.332730E+02  0.892521E+02  0.878030E+02  0.000000E+00  0.000000E+00  0.000000E+00  0.892064E+02
  0.344008E+02  0.839758E+02  0.826026E+02  0.000000E+00  0.000000E+00  0.000000E+00  0.839325E+02
  0.355668E+02  0.790092E+02  0.777075E+02  0.000000E+00  0.000000E+00  0.000000E+00  0.789682E+02
  0.367723E+02  0.743337E+02  0.730992E+02  0.000000E+00  0.000000E+00  0.000000E+00  0.742948E+02
  0.380187E+02  0.699327E+02  0.687614E+02  0.000000E+00  0.000000E+00  0.000000E+00  0.698958E+02
  0.393074E+02  0.657902E+02  0.646784E+02  0.000000E+00  0.000000E+00  0.000000E+00  0.657552E+02
  0.406397E+02  0.618911E+02  0.608353E+02  0.000000E+00  0.000000E+00  0.000000E+00  0.618579E+02
  0.420172E+02  0.582212E+02  0.572179E+02  0.000000E+00  0.000000E+00  0.000000E+00  0.581896E+02
  0.434414E+02  0.547673E+02  0.538135E+02  0.000000E+00  0.000000E+00  0.000000E+00  0.547373E+02
  0.449138E+02  0.515167E+02  0.506093E+02  0.000000E+00  0.000000E+00  0.000000E+00  0.514881E+02
  0.464362E+02  0.484575E+02  0.475938E+02  0.000000E+00  0.000000E+00  0.000000E+00  0.484303E+02
  0.480101E+02  0.455787E+02  0.447561E+02  0.000000E+00  0.000000E+00  0.000000E+00  0.455528E+02
  0.496375E+02  0.428695E+02  0.420855E+02  0.000000E+00  0.000000E+00  0.000000E+00  0.428448E+02
  0.513199E+02  0.403203E+02  0.395726E+02  0.000000E+00  0.000000E+00  0.000000E+00  0.402967E+02
  0.530594E+02  0.379214E+02  0.372078E+02  0.000000E+00  0.000000E+00  0.000000E+00  0.378989E+02
  0.548579E+02  0.356642E+02  0.349827E+02  0.000000E+00  0.000000E+00  0.000000E+00  0.356428E+02
  0.567173E+02  0.335404E+02  0.328890E+02  0.000000E+00  0.000000E+00  0.000000E+00  0.335199E+02
  0.586397E+02  0.315422E+02  0.309191E+02  0.000000E+00  0.000000E+00  0.000000E+00  0.315225E+02
  0.606273E+02  0.296621E+02  0.290656E+02  0.000000E+00  0.000000E+00  0.000000E+00  0.296433E+02
  0.626823E+02  0.278933E+02  0.273218E+02  0.000000E+00  0.000000E+00  0.000000E+00  0.278753E+02
  0.648069E+02  0.262292E+02  0.256811E+02  0.000000E+00  0.000000E+00  0.000000E+00  0.262119E+02
  0.670036E+02  0.246636E+02  0.241376E+02  0.000000E+00  0.000000E+00  0.000000E+00  0.246471E+02
  0.692747E+02  0.231909E+02  0.226856E+02  0.000000E+00  0.000000E+00  0.000000E+00  0.231750E+02
  0.716227E+02  0.218055E+02  0.213196E+02  0.000000E+00  0.000000E+00  0.000000E+00  0.217902E+02
  0.740504E+02  0.205023E+02  0.200346E+02  0.000000E+00  0.000000E+00  0.000000E+00  0.204875E+02
  0.765604E+02  0.192764E+02  0.188258E+02  0.000000E+00  0.000000E+00  0.000000E+00  0.192622E+02
  0.791553E+02  0.181233E+02  0.176888E+02  0.000000E+00  0.000000E+00  0.000000E+00  0.181096E+02
  0.818384E+02  0.170387E+02  0.166193E+02  0.000000E+00  0.000000E+00  0.000000E+00  0.170255E+02
  0.846122E+02  0.160185E+02  0.156133E+02  0.000000E+00  0.000000E+00  0.000000E+00  0.160058E+02
  0.874802E+02  0.150590E+02  0.146671E+02  0.000000E+00  0.000000E+00  0.000000E+00  0.150467E+02
  0.904453E+02  0.141566E+02  0.137772E+02  0.000000E+00  0.000000E+00  0.000000E+00  0.141446E+02
  0.935109E+02  0.133079E+02  0.129402E+02  0.000000E+00  0.000000E+00  0.000000E+00  0.132963E+02
  0.966806E+02  0.125097E+02  0.121530E+02  0.000000E+00  0.000000E+00  0.000000E+00  0.124984E+02
  0.999576E+02  0.117590E+02  0.114127E+02  0.000000E+00  0.000000E+00  0.000000E+00  0.117481E+02
  0.103346E+03  0.110531E+02  0.107164E+02  0.000000E+00  0.000000E+00  0.000000E+00  0.110425E+02
  0.106849E+03  0.103892E+02  0.100617E+02  0.000000E+00  0.000000E+00  0.000000E+00  0.103789E+02
  0.110470E+03  0.976499E+01  0.944596E+01  0.000000E+00  0.000000E+00  0.000000E+00  0.975494E+01
  0.114215E+03  0.917798E+01  0.886699E+01  0.000000E+00  0.000000E+00  0.000000E+00  0.916819E+01
  0.118086E+03  0.862602E+01  0.832256E+01  0.000000E+00  0.000000E+00  0.000000E+00  0.861646E+01
  0.122089E+03  0.810698E+01  0.781062E+01  0.000000E+00  0.000000E+00  0.000000E+00  0.809764E+01
  0.126227E+03  0.761897E+01  0.732928E+01  0.000000E+00  0.000000E+00  0.000000E+00  0.760984E+01
  0.130505E+03  0.716012E+01  0.687671E+01  0.000000E+00  0.000000E+00  0.000000E+00  0.715120E+01
  0.134928E+03  0.672871E+01  0.645120E+01  0.000000E+00  0.000000E+00  0.000000E+00  0.671997E+01
  0.139502E+03  0.632307E+01  0.605113E+01  0.000000E+00  0.000000E+00  0.000000E+00  0.631451E+01
  0.144230E+03  0.594173E+01  0.567504E+01  0.000000E+00  0.000000E+00  0.000000E+00  0.593333E+01
  0.149119E+03  0.558320E+01  0.532147E+01  0.000000E+00  0.000000E+00  0.000000E+00  0.557496E+01
  0.154173E+03  0.524615E+01  0.498911E+01  0.000000E+00  0.000000E+00  0.000000E+00  0.523805E+01
  0.159399E+03  0.492927E+01  0.467666E+01  0.000000E+00  0.000000E+00  0.000000E+00  0.492131E+01
  0.164802E+03  0.463139E+01  0.438300E+01  0.000000E+00  0.000000E+00  0.000000E+00  0.462357E+01
  0.170388E+03  0.435137E+01  0.410698E+01  0.000000E+00  0.000000E+00  0.000000E+00  0.434367E+01
  0.176164E+03  0.408813E+01  0.384754E+01  0.000000E+00  0.000000E+00  0.000000E+00  0.408055E+01
  0.182135E+03  0.384069E+01  0.360374E+01  0.000000E+00  0.000000E+00  0.000000E+00  0.383323E+01
  0.188308E+03  0.360811E+01  0.337464E+01  0.000000E+00  0.000000E+00  0.000000E+00  0.360076E+01
  0.194691E+03  0.338949E+01  0.315936E+01  0.000000E+00  0.000000E+00  0.000000E+00  0.338224E+01
  0.201290E+03  0.318399E+01  0.295707E+01  0.000000E+00  0.000000E+00  0.000000E+00  0.317685E+01
