    0.10880E-04    0.50852E+02
    0.11249E-04    0.52510E+02
    0.11630E-04    0.54222E+02
    0.12024E-04    0.55990E+02
    0.12432E-04    0.57815E+02
    0.12853E-04    0.59700E+02
    0.13289E-04    0.61646E+02
    0.13739E-04    0.63656E+02
    0.14205E-04    0.65731E+02
    0.14686E-04    0.67874E+02
    0.15184E-04    0.70086E+02
    0.15699E-04    0.72371E+02
    0.16231E-04    0.74730E+02
    0.16781E-04    0.77166E+02
    0.17350E-04    0.79682E+02
    0.17938E-04    0.82280E+02
    0.18546E-04    0.84962E+02
    0.19175E-04    0.87732E+02
    0.19825E-04    0.90592E+02
    0.20497E-04    0.93545E+02
    0.21191E-04    0.96594E+02
    0.21910E-04    0.99743E+02
    0.22652E-04    0.10299E+03
    0.23420E-04    0.10635E+03
    0.24214E-04    0.10982E+03
    0.25035E-04    0.11340E+03
    0.25883E-04    0.11710E+03
    0.26760E-04    0.12091E+03
    0.27667E-04    0.12485E+03
    0.28605E-04    0.12893E+03
    0.29575E-04    0.13313E+03
    0.30577E-04    0.13747E+03
    0.31614E-04    0.14195E+03
    0.32685E-04    0.14658E+03
    0.33793E-04    0.15135E+03
    0.34938E-04    0.15629E+03
    0.36123E-04    0.16138E+03
    0.37347E-04    0.16664E+03
    0.38613E-04    0.17208E+03
    0.39922E-04    0.17769E+03
    0.41275E-04    0.18348E+03
    0.42674E-04    0.18946E+03
    0.44120E-04    0.19563E+03
    0.45616E-04    0.20201E+03
    0.47162E-04    0.20860E+03
    0.48761E-04    0.21539E+03
    0.50413E-04    0.22242E+03
    0.52122E-04    0.22967E+03
    0.53889E-04    0.23715E+03
    0.55715E-04    0.24488E+03
    0.57604E-04    0.25286E+03
    0.59556E-04    0.26111E+03
    0.61575E-04    0.26962E+03
    0.63662E-04    0.27840E+03
    0.65820E-04    0.28748E+03
    0.68051E-04    0.29685E+03
    0.70357E-04    0.30652E+03
    0.72742E-04    0.31651E+03
    0.75208E-04    0.32683E+03
    0.77757E-04    0.33748E+03
    0.80393E-04    0.34848E+03
    0.83118E-04    0.35983E+03
    0.85935E-04    0.37156E+03
    0.88848E-04    0.38367E+03
    0.91859E-04    0.39617E+03
    0.94973E-04    0.40908E+03
    0.98192E-04    0.42241E+03
    0.10152E-03    0.43617E+03
    0.10496E-03    0.45038E+03
    0.10852E-03    0.46506E+03
    0.11220E-03    0.48021E+03
    0.11600E-03    0.49585E+03
    0.11993E-03    0.51201E+03
    0.12400E-03    0.52869E+03
    0.12820E-03    0.54591E+03
    0.13255E-03    0.56369E+03
    0.13704E-03    0.58205E+03
    0.14168E-03    0.60100E+03
    0.14648E-03    0.62058E+03
    0.15145E-03    0.64078E+03
    0.15658E-03    0.66165E+03
    0.16189E-03    0.68319E+03
    0.16738E-03    0.70543E+03
    0.17305E-03    0.72840E+03
    0.17892E-03    0.75210E+03
    0.18498E-03    0.77658E+03
    0.19125E-03    0.80185E+03
    0.19773E-03    0.82794E+03
    0.20444E-03    0.85488E+03
    0.21137E-03    0.88269E+03
    0.21853E-03    0.91140E+03
    0.22594E-03    0.94103E+03
    0.23360E-03    0.97163E+03
    0.24151E-03    0.10032E+04
    0.24970E-03    0.10358E+04
    0.25816E-03    0.10695E+04
    0.26691E-03    0.11042E+04
    0.27596E-03    0.11401E+04
    0.28531E-03    0.11771E+04
    0.29498E-03    0.12153E+04
    0.30498E-03    0.12548E+04
    0.31532E-03    0.12955E+04
    0.32601E-03    0.13375E+04
    0.33706E-03    0.13809E+04
    0.34848E-03    0.14256E+04
    0.36029E-03    0.14718E+04
    0.37251E-03    0.15195E+04
    0.38513E-03    0.15687E+04
    0.39819E-03    0.16195E+04
    0.41168E-03    0.16718E+04
    0.42564E-03    0.17259E+04
    0.44006E-03    0.17817E+04
    0.45498E-03    0.18392E+04
    0.47040E-03    0.18986E+04
    0.48635E-03    0.19598E+04
    0.50283E-03    0.20230E+04
    0.51988E-03    0.20882E+04
    0.53750E-03    0.21554E+04
    0.55572E-03    0.22247E+04
    0.57455E-03    0.22962E+04
    0.59403E-03    0.23700E+04
    0.61416E-03    0.24460E+04
    0.63498E-03    0.25244E+04
    0.65650E-03    0.26053E+04
    0.67875E-03    0.26886E+04
    0.70176E-03    0.27745E+04
    0.72554E-03    0.28631E+04
    0.75014E-03    0.29544E+04
    0.77556E-03    0.30485E+04
    0.80185E-03    0.31455E+04
    0.82903E-03    0.32454E+04
    0.85713E-03    0.33483E+04
    0.88618E-03    0.34543E+04
    0.91622E-03    0.35636E+04
    0.94727E-03    0.36761E+04
    0.97938E-03    0.37919E+04
    0.10126E-02    0.39112E+04
    0.10469E-02    0.40341E+04
    0.10824E-02    0.41605E+04
    0.11191E-02    0.42906E+04
    0.11570E-02    0.44246E+04
    0.11962E-02    0.45624E+04
    0.12368E-02    0.47041E+04
    0.12787E-02    0.48500E+04
    0.13220E-02    0.49999E+04
    0.13668E-02    0.51541E+04
    0.14132E-02    0.53127E+04
    0.14611E-02    0.54756E+04
    0.15106E-02    0.56430E+04
    0.15618E-02    0.58150E+04
    0.16147E-02    0.59917E+04
    0.16695E-02    0.61731E+04
    0.17260E-02    0.63593E+04
    0.17846E-02    0.65504E+04
    0.18450E-02    0.67466E+04
    0.19076E-02    0.69478E+04
    0.19722E-02    0.71541E+04
    0.20391E-02    0.73656E+04
    0.21082E-02    0.75823E+04
    0.21797E-02    0.78044E+04
    0.22535E-02    0.80318E+04
    0.23299E-02    0.82647E+04
    0.24089E-02    0.85030E+04
    0.24905E-02    0.87468E+04
    0.25750E-02    0.89961E+04
    0.26622E-02    0.92509E+04
    0.27525E-02    0.95113E+04
    0.28458E-02    0.97773E+04
    0.29422E-02    0.10049E+05
    0.30420E-02    0.10326E+05
    0.31451E-02    0.10608E+05
    0.32517E-02    0.10896E+05
    0.33619E-02    0.11190E+05
    0.34758E-02    0.11489E+05
    0.35936E-02    0.11793E+05
    0.37155E-02    0.12102E+05
    0.38414E-02    0.12416E+05
    0.39716E-02    0.12736E+05
    0.41062E-02    0.13060E+05
    0.42454E-02    0.13389E+05
    0.43893E-02    0.13722E+05
    0.45381E-02    0.14060E+05
    0.46919E-02    0.14401E+05
    0.48509E-02    0.14747E+05
    0.50153E-02    0.15096E+05
    0.51853E-02    0.15449E+05
    0.53611E-02    0.15804E+05
    0.55428E-02    0.16163E+05
    0.57307E-02    0.16523E+05
    0.59249E-02    0.16886E+05
    0.61257E-02    0.17250E+05
    0.63334E-02    0.17616E+05
    0.65481E-02    0.17982E+05
    0.67700E-02    0.18349E+05
    0.69995E-02    0.18716E+05
    0.72367E-02    0.19081E+05
    0.74820E-02    0.19446E+05
    0.77356E-02    0.19809E+05
    0.79978E-02    0.20169E+05
    0.82689E-02    0.20526E+05
    0.85492E-02    0.20880E+05
    0.88389E-02    0.21229E+05
    0.91385E-02    0.21573E+05
    0.94483E-02    0.21911E+05
    0.97685E-02    0.22243E+05
    0.10100E-01    0.22567E+05
    0.10442E-01    0.22884E+05
    0.10796E-01    0.23191E+05
    0.11162E-01    0.23488E+05
    0.11540E-01    0.23775E+05
    0.11931E-01    0.24050E+05
    0.12336E-01    0.24313E+05
    0.12754E-01    0.24562E+05
    0.13186E-01    0.24798E+05
    0.13633E-01    0.25018E+05
    0.14095E-01    0.25222E+05
    0.14573E-01    0.25409E+05
    0.15067E-01    0.25579E+05
    0.15578E-01    0.25730E+05
    0.16106E-01    0.25862E+05
    0.16652E-01    0.25973E+05
    0.17216E-01    0.26063E+05
    0.17799E-01    0.26132E+05
    0.18403E-01    0.26179E+05
    0.19027E-01    0.26202E+05
    0.19671E-01    0.26202E+05
    0.20338E-01    0.26178E+05
    0.21028E-01    0.26130E+05
    0.21740E-01    0.26058E+05
    0.22477E-01    0.25960E+05
    0.23239E-01    0.25839E+05
    0.24027E-01    0.25693E+05
    0.24841E-01    0.25522E+05
    0.25683E-01    0.25328E+05
    0.26554E-01    0.25111E+05
    0.27454E-01    0.24871E+05
    0.28384E-01    0.24609E+05
    0.29346E-01    0.24327E+05
    0.30341E-01    0.24026E+05
    0.31369E-01    0.23706E+05
    0.32433E-01    0.23371E+05
    0.33532E-01    0.23020E+05
    0.34669E-01    0.22656E+05
    0.35844E-01    0.22281E+05
    0.37059E-01    0.21895E+05
    0.38315E-01    0.21498E+05
    0.39613E-01    0.21087E+05
    0.40956E-01    0.20673E+05
    0.42344E-01    0.20256E+05
    0.43780E-01    0.19839E+05
    0.45263E-01    0.19420E+05
    0.46798E-01    0.18999E+05
    0.48384E-01    0.18575E+05
    0.50024E-01    0.18145E+05
    0.51719E-01    0.17709E+05
    0.53472E-01    0.17266E+05
    0.55285E-01    0.16815E+05
    0.57159E-01    0.16360E+05
    0.59096E-01    0.15906E+05
    0.61099E-01    0.15478E+05
    0.63170E-01    0.15021E+05
    0.65311E-01    0.14559E+05
    0.67525E-01    0.14093E+05
    0.69814E-01    0.13623E+05
    0.72180E-01    0.13151E+05
    0.74627E-01    0.12680E+05
    0.77156E-01    0.12215E+05
    0.79772E-01    0.11759E+05
    0.82475E-01    0.11317E+05
    0.85271E-01    0.10890E+05
    0.88161E-01    0.10477E+05
    0.91150E-01    0.10077E+05
    0.94239E-01    0.96882E+04
    0.97433E-01    0.93106E+04
    0.10074E+00    0.89437E+04
    0.10415E+00    0.85865E+04
    0.10768E+00    0.82366E+04
    0.11133E+00    0.78916E+04
    0.11510E+00    0.75501E+04
    0.11901E+00    0.72129E+04
    0.12304E+00    0.68813E+04
    0.12721E+00    0.65569E+04
    0.13152E+00    0.62411E+04
    0.13598E+00    0.59369E+04
    0.14059E+00    0.56478E+04
    0.14535E+00    0.53749E+04
    0.15028E+00    0.51158E+04
    0.15537E+00    0.48673E+04
    0.16064E+00    0.46276E+04
    0.16609E+00    0.43959E+04
    0.17171E+00    0.41706E+04
    0.17753E+00    0.39514E+04
    0.18355E+00    0.37401E+04
    0.18977E+00    0.35382E+04
    0.19621E+00    0.33464E+04
    0.20286E+00    0.31650E+04
    0.20973E+00    0.29929E+04
    0.21684E+00    0.28280E+04
    0.22419E+00    0.26702E+04
    0.23179E+00    0.25196E+04
    0.23965E+00    0.23753E+04
    0.24777E+00    0.22381E+04
    0.25617E+00    0.21084E+04
    0.26485E+00    0.19852E+04
    0.27383E+00    0.18684E+04
    0.28311E+00    0.17575E+04
    0.29271E+00    0.16521E+04
    0.30263E+00    0.15523E+04
    0.31288E+00    0.14579E+04
    0.32349E+00    0.13686E+04
    0.33445E+00    0.12841E+04
    0.34579E+00    0.12044E+04
    0.35751E+00    0.11290E+04
    0.36963E+00    0.10579E+04
    0.38216E+00    0.99076E+03
    0.39511E+00    0.92756E+03
    0.40850E+00    0.86796E+03
    0.42235E+00    0.81192E+03
    0.43667E+00    0.75916E+03
    0.45147E+00    0.70957E+03
    0.46677E+00    0.66296E+03
    0.48259E+00    0.61917E+03
    0.49895E+00    0.57806E+03
    0.51586E+00    0.53949E+03
    0.53334E+00    0.50328E+03
    0.55142E+00    0.46934E+03
    0.57011E+00    0.43752E+03
    0.58944E+00    0.40772E+03
    0.60942E+00    0.37981E+03
    0.63007E+00    0.35368E+03
    0.65143E+00    0.32925E+03
    0.67351E+00    0.30641E+03
    0.69634E+00    0.28507E+03
    0.71994E+00    0.26514E+03
    0.74434E+00    0.24652E+03
    0.76957E+00    0.22914E+03
    0.79566E+00    0.21291E+03
    0.82263E+00    0.19777E+03
    0.85051E+00    0.18366E+03
    0.87934E+00    0.17050E+03
    0.90914E+00    0.15824E+03
    0.93996E+00    0.14682E+03
    0.97182E+00    0.13619E+03
    0.10048E+01    0.12630E+03
    0.10388E+01    0.11709E+03
    0.10740E+01    0.10852E+03
    0.11104E+01    0.10056E+03
    0.11481E+01    0.93157E+02
    0.11870E+01    0.86280E+02
    0.12272E+01    0.79890E+02
    0.12688E+01    0.73955E+02
    0.13118E+01    0.68445E+02
    0.13563E+01    0.63331E+02
    0.14023E+01    0.58586E+02
    0.14498E+01    0.54184E+02
    0.14989E+01    0.50101E+02
    0.15497E+01    0.46315E+02
    0.16023E+01    0.42807E+02
    0.16566E+01    0.39556E+02
    0.17127E+01    0.36544E+02
    0.17708E+01    0.33754E+02
    0.18308E+01    0.31172E+02
    0.18928E+01    0.28781E+02
    0.19570E+01    0.26568E+02
    0.20233E+01    0.24521E+02
    0.20919E+01    0.22628E+02
    0.21628E+01    0.20876E+02
    0.22361E+01    0.19257E+02
    0.23119E+01    0.17760E+02
    0.23903E+01    0.16376E+02
    0.24713E+01    0.15098E+02
    0.25551E+01    0.13917E+02
    0.26417E+01    0.12826E+02
    0.27312E+01    0.11818E+02
    0.28238E+01    0.10888E+02
    0.29195E+01    0.10030E+02
    0.30185E+01    0.92376E+01
    0.31208E+01    0.85067E+01
    0.32265E+01    0.78323E+01
    0.33359E+01    0.72102E+01
    0.34490E+01    0.66365E+01
    0.35659E+01    0.61076E+01
    0.36868E+01    0.56199E+01
    0.38117E+01    0.51704E+01
    0.39409E+01    0.47563E+01
    0.40745E+01    0.43747E+01
    0.42126E+01    0.40231E+01
    0.43554E+01    0.36993E+01
    0.45030E+01    0.34011E+01
    0.46556E+01    0.31265E+01
    0.48134E+01    0.28737E+01
    0.49766E+01    0.26410E+01
    0.51453E+01    0.24268E+01
    0.53197E+01    0.22297E+01
    0.55000E+01    0.20484E+01
    0.56864E+01    0.18816E+01
    0.58791E+01    0.17281E+01
    0.60784E+01    0.15870E+01
    0.62845E+01    0.14572E+01
    0.64975E+01    0.13379E+01
    0.67177E+01    0.12282E+01
    0.69454E+01    0.11274E+01
    0.71808E+01    0.10347E+01
    0.74242E+01    0.94956E+00
    0.76759E+01    0.87132E+00
    0.79360E+01    0.79943E+00
    0.82050E+01    0.73340E+00
    0.84831E+01    0.67275E+00
    0.87707E+01    0.61706E+00
    0.90679E+01    0.56592E+00
    0.93753E+01    0.51896E+00
    0.96931E+01    0.47585E+00
    0.10022E+02    0.43628E+00
    0.10361E+02    0.39996E+00
    0.10713E+02    0.36663E+00
    0.11076E+02    0.33604E+00
    0.11451E+02    0.30798E+00
    0.11839E+02    0.28223E+00
    0.12240E+02    0.25861E+00
    0.12655E+02    0.23695E+00
    0.13084E+02    0.21709E+00
    0.13528E+02    0.19886E+00
    0.13986E+02    0.18216E+00
    0.14460E+02    0.16684E+00
    0.14951E+02    0.15280E+00
    0.15457E+02    0.13993E+00
    0.15981E+02    0.12813E+00
    0.16523E+02    0.11731E+00
    0.17083E+02    0.10740E+00
    0.17662E+02    0.98322E-01
    0.18261E+02    0.90002E-01
    0.18880E+02    0.82379E-01
    0.19519E+02    0.75396E-01
    0.20181E+02    0.69000E-01
    0.20865E+02    0.63141E-01
    0.21572E+02    0.57775E-01
    0.22304E+02    0.52862E-01
    0.23060E+02    0.48363E-01
    0.23841E+02    0.44243E-01
    0.24649E+02    0.40471E-01
    0.25485E+02    0.37018E-01
    0.26349E+02    0.33858E-01
    0.27242E+02    0.30965E-01
    0.28165E+02    0.28317E-01
    0.29120E+02    0.25894E-01
    0.30107E+02    0.23676E-01
    0.31127E+02    0.21647E-01
    0.32182E+02    0.19791E-01
    0.33273E+02    0.18092E-01
    0.34401E+02    0.16538E-01
    0.35567E+02    0.15117E-01
    0.36772E+02    0.13817E-01
    0.38019E+02    0.12628E-01
    0.39307E+02    0.11540E-01
    0.40640E+02    0.10546E-01
    0.42017E+02    0.96364E-02
    0.43441E+02    0.88048E-02
    0.44914E+02    0.80445E-02
    0.46436E+02    0.73494E-02
    0.48010E+02    0.67140E-02
    0.49637E+02    0.61330E-02
    0.51320E+02    0.56021E-02
    0.53059E+02    0.51168E-02
    0.54858E+02    0.46732E-02
    0.56717E+02    0.42678E-02
    0.58640E+02    0.38974E-02
    0.60627E+02    0.35589E-02
    0.62682E+02    0.32496E-02
    0.64807E+02    0.29670E-02
    0.67004E+02    0.27089E-02
    0.69275E+02    0.24730E-02
    0.71623E+02    0.22576E-02
    0.74050E+02    0.20607E-02
    0.76560E+02    0.18810E-02
    0.79155E+02    0.17168E-02
    0.81838E+02    0.15669E-02
    0.84612E+02    0.14299E-02
    0.87480E+02    0.13049E-02
    0.90445E+02    0.11907E-02
    0.93511E+02    0.10865E-02
    0.96681E+02    0.99126E-03
    0.99958E+02    0.90436E-03
    0.10335E+03    0.82503E-03
    0.10685E+03    0.75260E-03
    0.11047E+03    0.68649E-03
    0.11421E+03    0.62615E-03
    0.11809E+03    0.57108E-03
    0.12209E+03    0.52082E-03
    0.12623E+03    0.47495E-03
    0.13051E+03    0.43309E-03
    0.13493E+03    0.39489E-03
    0.13950E+03    0.36004E-03
    0.14423E+03    0.32824E-03
    0.14912E+03    0.29922E-03
    0.15417E+03    0.27276E-03
    0.15940E+03    0.24861E-03
    0.16480E+03    0.22659E-03
    0.17039E+03    0.20650E-03
    0.17616E+03    0.18817E-03
    0.18213E+03    0.17146E-03
    0.18831E+03    0.15622E-03
    0.19469E+03    0.14233E-03
    0.20129E+03    0.12965E-03
