  0.108800E-04  0.599059E+06  0.599059E+06  0.798735E+06  0.798734E+06  0.000000E+00  0.599059E+06
  0.112487E-04  0.599059E+06  0.599059E+06  0.798734E+06  0.798734E+06  0.000000E+00  0.599059E+06
  0.116300E-04  0.599059E+06  0.599059E+06  0.798733E+06  0.798733E+06  0.000000E+00  0.599059E+06
  0.120242E-04  0.599059E+06  0.599059E+06  0.798732E+06  0.798732E+06  0.000000E+00  0.599059E+06
  0.124318E-04  0.599059E+06  0.599059E+06  0.798731E+06  0.798731E+06  0.000000E+00  0.599059E+06
  0.128531E-04  0.599059E+06  0.599059E+06  0.798730E+06  0.798730E+06  0.000000E+00  0.599059E+06
  0.132888E-04  0.599059E+06  0.599059E+06  0.798729E+06  0.798729E+06  0.000000E+00  0.599059E+06
  0.137392E-04  0.599059E+06  0.599059E+06  0.798728E+06  0.798728E+06  0.000000E+00  0.599059E+06
  0.142049E-04  0.599059E+06  0.599059E+06  0.798727E+06  0.798726E+06  0.000000E+00  0.599059E+06
  0.146864E-04  0.599059E+06  0.599059E+06  0.798726E+06  0.798725E+06  0.000000E+00  0.599059E+06
  0.151842E-04  0.599059E+06  0.599059E+06  0.798724E+06  0.798723E+06  0.000000E+00  0.599059E+06
  0.156989E-04  0.599059E+06  0.599059E+06  0.798723E+06  0.798722E+06  0.000000E+00  0.599059E+06
  0.162310E-04  0.599059E+06  0.599059E+06  0.798721E+06  0.798720E+06  0.000000E+00  0.599059E+06
  0.167811E-04  0.599059E+06  0.599059E+06  0.798720E+06  0.798718E+06  0.000000E+00  0.599059E+06
  0.173499E-04  0.599059E+06  0.599059E+06  0.798718E+06  0.798717E+06  0.000000E+00  0.599059E+06
  0.179380E-04  0.599059E+06  0.599059E+06  0.798716E+06  0.798715E+06  0.000000E+00  0.599059E+06
  0.185460E-04  0.599059E+06  0.599058E+06  0.798714E+06  0.798712E+06  0.000000E+00  0.599059E+06
  0.191746E-04  0.599058E+06  0.599058E+06  0.798712E+06  0.798710E+06  0.000000E+00  0.599058E+06
  0.198246E-04  0.599058E+06  0.599058E+06  0.798709E+06  0.798708E+06  0.000000E+00  0.599058E+06
  0.204965E-04  0.599058E+06  0.599058E+06  0.798707E+06  0.798705E+06  0.000000E+00  0.599058E+06
  0.211913E-04  0.599058E+06  0.599058E+06  0.798704E+06  0.798702E+06  0.000000E+00  0.599058E+06
  0.219095E-04  0.599058E+06  0.599058E+06  0.798701E+06  0.798699E+06  0.000000E+00  0.599058E+06
  0.226522E-04  0.599058E+06  0.599058E+06  0.798698E+06  0.798696E+06  0.000000E+00  0.599058E+06
  0.234200E-04  0.599058E+06  0.599058E+06  0.798695E+06  0.798693E+06  0.000000E+00  0.599058E+06
  0.242138E-04  0.599058E+06  0.599058E+06  0.798691E+06  0.798689E+06  0.000000E+00  0.599058E+06
  0.250345E-04  0.599058E+06  0.599058E+06  0.798687E+06  0.798685E+06  0.000000E+00  0.599058E+06
  0.258831E-04  0.599058E+06  0.599058E+06  0.798683E+06  0.798681E+06  0.000000E+00  0.599058E+06
  0.267604E-04  0.599058E+06  0.599058E+06  0.798679E+06  0.798676E+06  0.000000E+00  0.599058E+06
  0.276674E-04  0.599058E+06  0.599057E+06  0.798674E+06  0.798672E+06  0.000000E+00  0.599058E+06
  0.286052E-04  0.599057E+06  0.599057E+06  0.798669E+06  0.798666E+06  0.000000E+00  0.599057E+06
  0.295748E-04  0.599057E+06  0.599057E+06  0.798664E+06  0.798661E+06  0.000000E+00  0.599057E+06
  0.305772E-04  0.599057E+06  0.599057E+06  0.798658E+06  0.798655E+06  0.000000E+00  0.599057E+06
  0.316136E-04  0.599057E+06  0.599057E+06  0.798652E+06  0.798649E+06  0.000000E+00  0.599057E+06
  0.326852E-04  0.599057E+06  0.599057E+06  0.798646E+06  0.798642E+06  0.000000E+00  0.599057E+06
  0.337931E-04  0.599057E+06  0.599056E+06  0.798639E+06  0.798635E+06  0.000000E+00  0.599057E+06
  0.349385E-04  0.599056E+06  0.599056E+06  0.798632E+06  0.798627E+06  0.000000E+00  0.599056E+06
  0.361227E-04  0.599056E+06  0.599056E+06  0.798624E+06  0.798619E+06  0.000000E+00  0.599056E+06
  0.373471E-04  0.599056E+06  0.599056E+06  0.798616E+06  0.798610E+06  0.000000E+00  0.599056E+06
  0.386130E-04  0.599056E+06  0.599056E+06  0.798606E+06  0.798601E+06  0.000000E+00  0.599056E+06
  0.399218E-04  0.599056E+06  0.599055E+06  0.798597E+06  0.798591E+06  0.000000E+00  0.599056E+06
  0.412749E-04  0.599055E+06  0.599055E+06  0.798587E+06  0.798580E+06  0.000000E+00  0.599055E+06
  0.426740E-04  0.599055E+06  0.599055E+06  0.798576E+06  0.798569E+06  0.000000E+00  0.599055E+06
  0.441204E-04  0.599055E+06  0.599054E+06  0.798564E+06  0.798557E+06  0.000000E+00  0.599055E+06
  0.456159E-04  0.599054E+06  0.599054E+06  0.798551E+06  0.798544E+06  0.000000E+00  0.599054E+06
  0.471620E-04  0.599054E+06  0.599054E+06  0.798538E+06  0.798530E+06  0.000000E+00  0.599054E+06
  0.487606E-04  0.599054E+06  0.599053E+06  0.798524E+06  0.798515E+06  0.000000E+00  0.599054E+06
  0.504133E-04  0.599053E+06  0.599053E+06  0.798508E+06  0.798499E+06  0.000000E+00  0.599053E+06
  0.521221E-04  0.599053E+06  0.599052E+06  0.798492E+06  0.798482E+06  0.000000E+00  0.599053E+06
  0.538888E-04  0.599052E+06  0.599052E+06  0.798474E+06  0.798464E+06  0.000000E+00  0.599052E+06
  0.557153E-04  0.599052E+06  0.599051E+06  0.798456E+06  0.798444E+06  0.000000E+00  0.599052E+06
  0.576038E-04  0.599052E+06  0.599051E+06  0.798436E+06  0.798424E+06  0.000000E+00  0.599052E+06
  0.595563E-04  0.599051E+06  0.599050E+06  0.798414E+06  0.798401E+06  0.000000E+00  0.599051E+06
  0.615750E-04  0.599050E+06  0.599050E+06  0.798392E+06  0.798378E+06  0.000000E+00  0.599050E+06
  0.636621E-04  0.599050E+06  0.599049E+06  0.798367E+06  0.798352E+06  0.000000E+00  0.599050E+06
  0.658199E-04  0.599049E+06  0.599048E+06  0.798341E+06  0.798325E+06  0.000000E+00  0.599049E+06
  0.680509E-04  0.599048E+06  0.599048E+06  0.798313E+06  0.798296E+06  0.000000E+00  0.599048E+06
  0.703575E-04  0.599048E+06  0.599047E+06  0.798283E+06  0.798265E+06  0.000000E+00  0.599048E+06
  0.727422E-04  0.599047E+06  0.599046E+06  0.798251E+06  0.798232E+06  0.000000E+00  0.599047E+06
  0.752079E-04  0.599046E+06  0.599045E+06  0.798217E+06  0.798197E+06  0.000000E+00  0.599046E+06
  0.777570E-04  0.599045E+06  0.599044E+06  0.798181E+06  0.798159E+06  0.000000E+00  0.599045E+06
  0.803926E-04  0.599044E+06  0.599043E+06  0.798142E+06  0.798118E+06  0.000000E+00  0.599044E+06
  0.831175E-04  0.599043E+06  0.599042E+06  0.798100E+06  0.798075E+06  0.000000E+00  0.599043E+06
  0.859348E-04  0.599042E+06  0.599040E+06  0.798056E+06  0.798029E+06  0.000000E+00  0.599042E+06
  0.888476E-04  0.599041E+06  0.599039E+06  0.798008E+06  0.797979E+06  0.000000E+00  0.599041E+06
  0.918591E-04  0.599039E+06  0.599038E+06  0.797957E+06  0.797927E+06  0.000000E+00  0.599039E+06
  0.949726E-04  0.599038E+06  0.599036E+06  0.797903E+06  0.797870E+06  0.000000E+00  0.599038E+06
  0.981917E-04  0.599037E+06  0.599035E+06  0.797845E+06  0.797810E+06  0.000000E+00  0.599036E+06
  0.101520E-03  0.599035E+06  0.599033E+06  0.797783E+06  0.797745E+06  0.000000E+00  0.599035E+06
  0.104961E-03  0.599033E+06  0.599031E+06  0.797717E+06  0.797676E+06  0.000000E+00  0.599033E+06
  0.108519E-03  0.599032E+06  0.599029E+06  0.797646E+06  0.797603E+06  0.000000E+00  0.599031E+06
  0.112197E-03  0.599030E+06  0.599027E+06  0.797570E+06  0.797524E+06  0.000000E+00  0.599030E+06
  0.116000E-03  0.599028E+06  0.599025E+06  0.797489E+06  0.797440E+06  0.000000E+00  0.599027E+06
  0.119932E-03  0.599025E+06  0.599023E+06  0.797402E+06  0.797350E+06  0.000000E+00  0.599025E+06
  0.123997E-03  0.599023E+06  0.599020E+06  0.797310E+06  0.797254E+06  0.000000E+00  0.599023E+06
  0.128200E-03  0.599020E+06  0.599017E+06  0.797211E+06  0.797151E+06  0.000000E+00  0.599020E+06
  0.132545E-03  0.599018E+06  0.599014E+06  0.797105E+06  0.797041E+06  0.000000E+00  0.599018E+06
  0.137038E-03  0.599015E+06  0.599011E+06  0.796992E+06  0.796924E+06  0.000000E+00  0.599015E+06
  0.141683E-03  0.599012E+06  0.599008E+06  0.796871E+06  0.796798E+06  0.000000E+00  0.599012E+06
  0.146485E-03  0.599009E+06  0.599005E+06  0.796742E+06  0.796664E+06  0.000000E+00  0.599008E+06
  0.151450E-03  0.599005E+06  0.599001E+06  0.796604E+06  0.796521E+06  0.000000E+00  0.599005E+06
  0.156583E-03  0.599001E+06  0.598997E+06  0.796457E+06  0.796367E+06  0.000000E+00  0.599001E+06
  0.161891E-03  0.598997E+06  0.598992E+06  0.796299E+06  0.796204E+06  0.000000E+00  0.598997E+06
  0.167378E-03  0.598993E+06  0.598988E+06  0.796131E+06  0.796029E+06  0.000000E+00  0.598993E+06
  0.173051E-03  0.598988E+06  0.598983E+06  0.795951E+06  0.795842E+06  0.000000E+00  0.598988E+06
  0.178917E-03  0.598984E+06  0.598978E+06  0.795758E+06  0.795642E+06  0.000000E+00  0.598983E+06
  0.184981E-03  0.598978E+06  0.598972E+06  0.795553E+06  0.795428E+06  0.000000E+00  0.598978E+06
  0.191251E-03  0.598973E+06  0.598966E+06  0.795333E+06  0.795200E+06  0.000000E+00  0.598973E+06
  0.197734E-03  0.598967E+06  0.598960E+06  0.795098E+06  0.794956E+06  0.000000E+00  0.598967E+06
  0.204436E-03  0.598960E+06  0.598953E+06  0.794847E+06  0.794696E+06  0.000000E+00  0.598960E+06
  0.211366E-03  0.598954E+06  0.598945E+06  0.794579E+06  0.794417E+06  0.000000E+00  0.598953E+06
  0.218530E-03  0.598946E+06  0.598937E+06  0.794293E+06  0.794119E+06  0.000000E+00  0.598946E+06
  0.225937E-03  0.598939E+06  0.598929E+06  0.793986E+06  0.793801E+06  0.000000E+00  0.598938E+06
  0.233595E-03  0.598930E+06  0.598920E+06  0.793659E+06  0.793462E+06  0.000000E+00  0.598930E+06
  0.241513E-03  0.598921E+06  0.598910E+06  0.793310E+06  0.793098E+06  0.000000E+00  0.598921E+06
  0.249699E-03  0.598912E+06  0.598900E+06  0.792936E+06  0.792710E+06  0.000000E+00  0.598911E+06
  0.258162E-03  0.598902E+06  0.598889E+06  0.792537E+06  0.792296E+06  0.000000E+00  0.598901E+06
  0.266913E-03  0.598891E+06  0.598878E+06  0.792111E+06  0.791853E+06  0.000000E+00  0.598890E+06
  0.275960E-03  0.598879E+06  0.598865E+06  0.791655E+06  0.791380E+06  0.000000E+00  0.598879E+06
  0.285314E-03  0.598867E+06  0.598852E+06  0.791168E+06  0.790874E+06  0.000000E+00  0.598866E+06
  0.294984E-03  0.598854E+06  0.598837E+06  0.790648E+06  0.790334E+06  0.000000E+00  0.598853E+06
  0.304983E-03  0.598839E+06  0.598822E+06  0.790093E+06  0.789757E+06  0.000000E+00  0.598839E+06
  0.315320E-03  0.598824E+06  0.598806E+06  0.789500E+06  0.789141E+06  0.000000E+00  0.598824E+06
  0.326008E-03  0.598808E+06  0.598788E+06  0.788866E+06  0.788483E+06  0.000000E+00  0.598807E+06
  0.337058E-03  0.598791E+06  0.598770E+06  0.788189E+06  0.787780E+06  0.000000E+00  0.598790E+06
  0.348483E-03  0.598772E+06  0.598750E+06  0.787465E+06  0.787029E+06  0.000000E+00  0.598772E+06
  0.360295E-03  0.598752E+06  0.598728E+06  0.786693E+06  0.786227E+06  0.000000E+00  0.598752E+06
  0.372507E-03  0.598731E+06  0.598706E+06  0.785868E+06  0.785371E+06  0.000000E+00  0.598730E+06
  0.385133E-03  0.598709E+06  0.598681E+06  0.784987E+06  0.784456E+06  0.000000E+00  0.598708E+06
  0.398187E-03  0.598685E+06  0.598655E+06  0.784047E+06  0.783480E+06  0.000000E+00  0.598684E+06
  0.411684E-03  0.598659E+06  0.598627E+06  0.783042E+06  0.782438E+06  0.000000E+00  0.598658E+06
  0.425638E-03  0.598631E+06  0.598598E+06  0.781970E+06  0.781325E+06  0.000000E+00  0.598630E+06
  0.440065E-03  0.598602E+06  0.598566E+06  0.780825E+06  0.780136E+06  0.000000E+00  0.598601E+06
  0.454981E-03  0.598570E+06  0.598532E+06  0.779603E+06  0.778868E+06  0.000000E+00  0.598569E+06
  0.470403E-03  0.598537E+06  0.598496E+06  0.778299E+06  0.777515E+06  0.000000E+00  0.598535E+06
  0.486347E-03  0.598501E+06  0.598457E+06  0.776907E+06  0.776070E+06  0.000000E+00  0.598499E+06
  0.502832E-03  0.598462E+06  0.598415E+06  0.775422E+06  0.774529E+06  0.000000E+00  0.598461E+06
  0.519875E-03  0.598421E+06  0.598371E+06  0.773836E+06  0.772885E+06  0.000000E+00  0.598420E+06
  0.537497E-03  0.598378E+06  0.598324E+06  0.772145E+06  0.771131E+06  0.000000E+00  0.598376E+06
  0.555715E-03  0.598331E+06  0.598273E+06  0.770341E+06  0.769260E+06  0.000000E+00  0.598329E+06
  0.574551E-03  0.598281E+06  0.598220E+06  0.768417E+06  0.767264E+06  0.000000E+00  0.598279E+06
  0.594026E-03  0.598227E+06  0.598162E+06  0.766365E+06  0.765136E+06  0.000000E+00  0.598225E+06
  0.614160E-03  0.598170E+06  0.598100E+06  0.764177E+06  0.762868E+06  0.000000E+00  0.598168E+06
  0.634977E-03  0.598109E+06  0.598034E+06  0.761844E+06  0.760450E+06  0.000000E+00  0.598107E+06
  0.656500E-03  0.598044E+06  0.597964E+06  0.759358E+06  0.757873E+06  0.000000E+00  0.598042E+06
  0.678752E-03  0.597975E+06  0.597889E+06  0.756708E+06  0.755127E+06  0.000000E+00  0.597972E+06
  0.701758E-03  0.597900E+06  0.597809E+06  0.753885E+06  0.752203E+06  0.000000E+00  0.597898E+06
  0.725544E-03  0.597821E+06  0.597723E+06  0.750877E+06  0.749088E+06  0.000000E+00  0.597818E+06
  0.750137E-03  0.597736E+06  0.597632E+06  0.747674E+06  0.745771E+06  0.000000E+00  0.597733E+06
  0.775563E-03  0.597646E+06  0.597534E+06  0.744265E+06  0.742241E+06  0.000000E+00  0.597642E+06
  0.801851E-03  0.597549E+06  0.597430E+06  0.740635E+06  0.738484E+06  0.000000E+00  0.597545E+06
  0.829029E-03  0.597446E+06  0.597318E+06  0.736773E+06  0.734488E+06  0.000000E+00  0.597442E+06
  0.857129E-03  0.597336E+06  0.597200E+06  0.732665E+06  0.730238E+06  0.000000E+00  0.597332E+06
  0.886182E-03  0.597218E+06  0.597072E+06  0.728297E+06  0.725721E+06  0.000000E+00  0.597214E+06
  0.916219E-03  0.597093E+06  0.596937E+06  0.723653E+06  0.720920E+06  0.000000E+00  0.597088E+06
  0.947274E-03  0.596959E+06  0.596792E+06  0.718719E+06  0.715821E+06  0.000000E+00  0.596954E+06
  0.979383E-03  0.596816E+06  0.596638E+06  0.713478E+06  0.710407E+06  0.000000E+00  0.596810E+06
  0.101258E-02  0.596663E+06  0.596473E+06  0.707915E+06  0.704662E+06  0.000000E+00  0.596657E+06
  0.104690E-02  0.596500E+06  0.596297E+06  0.702011E+06  0.698568E+06  0.000000E+00  0.596494E+06
  0.108239E-02  0.596327E+06  0.596109E+06  0.695749E+06  0.692107E+06  0.000000E+00  0.596320E+06
  0.111907E-02  0.596141E+06  0.595909E+06  0.689112E+06  0.685263E+06  0.000000E+00  0.596134E+06
  0.115700E-02  0.595944E+06  0.595696E+06  0.682080E+06  0.678016E+06  0.000000E+00  0.595936E+06
  0.119622E-02  0.595733E+06  0.595468E+06  0.674636E+06  0.670347E+06  0.000000E+00  0.595724E+06
  0.123677E-02  0.595508E+06  0.595225E+06  0.666760E+06  0.662239E+06  0.000000E+00  0.595499E+06
  0.127869E-02  0.595268E+06  0.594966E+06  0.658432E+06  0.653672E+06  0.000000E+00  0.595259E+06
  0.132203E-02  0.595013E+06  0.594690E+06  0.649636E+06  0.644628E+06  0.000000E+00  0.595003E+06
  0.136684E-02  0.594740E+06  0.594395E+06  0.640351E+06  0.635089E+06  0.000000E+00  0.594730E+06
  0.141317E-02  0.594450E+06  0.594081E+06  0.630559E+06  0.625037E+06  0.000000E+00  0.594439E+06
  0.146107E-02  0.594141E+06  0.593747E+06  0.620242E+06  0.614456E+06  0.000000E+00  0.594129E+06
  0.151059E-02  0.593812E+06  0.593391E+06  0.609385E+06  0.603330E+06  0.000000E+00  0.593799E+06
  0.156179E-02  0.593462E+06  0.593012E+06  0.597970E+06  0.591645E+06  0.000000E+00  0.593448E+06
  0.161473E-02  0.593089E+06  0.592608E+06  0.585984E+06  0.579387E+06  0.000000E+00  0.593074E+06
  0.166946E-02  0.592692E+06  0.592178E+06  0.573414E+06  0.566547E+06  0.000000E+00  0.592676E+06
  0.172605E-02  0.592269E+06  0.591721E+06  0.560250E+06  0.553116E+06  0.000000E+00  0.592252E+06
  0.178455E-02  0.591820E+06  0.591234E+06  0.546484E+06  0.539089E+06  0.000000E+00  0.591802E+06
  0.184504E-02  0.591342E+06  0.590716E+06  0.532113E+06  0.524464E+06  0.000000E+00  0.591323E+06
  0.190758E-02  0.590835E+06  0.590166E+06  0.517134E+06  0.509244E+06  0.000000E+00  0.590814E+06
  0.197223E-02  0.590295E+06  0.589581E+06  0.501551E+06  0.493436E+06  0.000000E+00  0.590273E+06
  0.203908E-02  0.589722E+06  0.588960E+06  0.485373E+06  0.477050E+06  0.000000E+00  0.589698E+06
  0.210820E-02  0.589114E+06  0.588300E+06  0.468612E+06  0.460106E+06  0.000000E+00  0.589088E+06
  0.217966E-02  0.588469E+06  0.587599E+06  0.451289E+06  0.442627E+06  0.000000E+00  0.588441E+06
  0.225354E-02  0.587784E+06  0.586856E+06  0.433429E+06  0.424644E+06  0.000000E+00  0.587755E+06
  0.232992E-02  0.587058E+06  0.586067E+06  0.415065E+06  0.406195E+06  0.000000E+00  0.587027E+06
  0.240889E-02  0.586290E+06  0.585231E+06  0.396240E+06  0.387328E+06  0.000000E+00  0.586256E+06
  0.249054E-02  0.585475E+06  0.584346E+06  0.377002E+06  0.368098E+06  0.000000E+00  0.585440E+06
  0.257496E-02  0.584614E+06  0.583408E+06  0.357413E+06  0.348569E+06  0.000000E+00  0.584576E+06
  0.266224E-02  0.583702E+06  0.582415E+06  0.337539E+06  0.328816E+06  0.000000E+00  0.583661E+06
  0.275248E-02  0.582738E+06  0.581365E+06  0.317460E+06  0.308922E+06  0.000000E+00  0.582695E+06
  0.284577E-02  0.581720E+06  0.580255E+06  0.297264E+06  0.288981E+06  0.000000E+00  0.581674E+06
  0.294223E-02  0.580646E+06  0.579082E+06  0.277050E+06  0.269095E+06  0.000000E+00  0.580597E+06
  0.304196E-02  0.579513E+06  0.577844E+06  0.256926E+06  0.249375E+06  0.000000E+00  0.579460E+06
  0.314506E-02  0.578318E+06  0.576538E+06  0.237009E+06  0.229940E+06  0.000000E+00  0.578262E+06
  0.325166E-02  0.577060E+06  0.575162E+06  0.217424E+06  0.210916E+06  0.000000E+00  0.577000E+06
  0.336188E-02  0.575736E+06  0.573712E+06  0.198303E+06  0.192432E+06  0.000000E+00  0.575672E+06
  0.347583E-02  0.574344E+06  0.572186E+06  0.179782E+06  0.174621E+06  0.000000E+00  0.574276E+06
  0.359365E-02  0.572883E+06  0.570581E+06  0.161999E+06  0.157614E+06  0.000000E+00  0.572810E+06
  0.371545E-02  0.571349E+06  0.568895E+06  0.145092E+06  0.141539E+06  0.000000E+00  0.571271E+06
  0.384139E-02  0.569740E+06  0.567125E+06  0.129193E+06  0.126517E+06  0.000000E+00  0.569658E+06
  0.397159E-02  0.568056E+06  0.565269E+06  0.114429E+06  0.112657E+06  0.000000E+00  0.567968E+06
  0.410621E-02  0.566293E+06  0.563324E+06  0.100912E+06  0.100052E+06  0.000000E+00  0.566200E+06
  0.424539E-02  0.564451E+06  0.561288E+06  0.887351E+05  0.887743E+05  0.000000E+00  0.564352E+06
  0.438929E-02  0.562528E+06  0.559159E+06  0.779716E+05  0.788708E+05  0.000000E+00  0.562422E+06
  0.453806E-02  0.560522E+06  0.556934E+06  0.686655E+05  0.703586E+05  0.000000E+00  0.560409E+06
  0.469188E-02  0.558432E+06  0.554612E+06  0.608290E+05  0.632213E+05  0.000000E+00  0.558312E+06
  0.485091E-02  0.556257E+06  0.552191E+06  0.544379E+05  0.574066E+05  0.000000E+00  0.556129E+06
  0.501534E-02  0.553996E+06  0.549669E+06  0.494286E+05  0.528243E+05  0.000000E+00  0.553860E+06
  0.518533E-02  0.551648E+06  0.547044E+06  0.456968E+05  0.493477E+05  0.000000E+00  0.551503E+06
  0.536109E-02  0.549212E+06  0.544315E+06  0.430980E+05  0.468152E+05  0.000000E+00  0.549057E+06
  0.554280E-02  0.546687E+06  0.541480E+06  0.414501E+05  0.450365E+05  0.000000E+00  0.546523E+06
  0.573068E-02  0.544073E+06  0.538537E+06  0.405398E+05  0.437999E+05  0.000000E+00  0.543898E+06
  0.592492E-02  0.541369E+06  0.535485E+06  0.401303E+05  0.428830E+05  0.000000E+00  0.541184E+06
  0.612574E-02  0.538575E+06  0.532323E+06  0.399741E+05  0.420660E+05  0.000000E+00  0.538378E+06
  0.633338E-02  0.535689E+06  0.529049E+06  0.398268E+05  0.411460E+05  0.000000E+00  0.535480E+06
  0.654805E-02  0.532712E+06  0.525661E+06  0.394638E+05  0.399528E+05  0.000000E+00  0.532490E+06
  0.677000E-02  0.529644E+06  0.522158E+06  0.386980E+05  0.383632E+05  0.000000E+00  0.529408E+06
  0.699947E-02  0.526482E+06  0.518538E+06  0.373963E+05  0.363134E+05  0.000000E+00  0.526232E+06
  0.723671E-02  0.523227E+06  0.514799E+06  0.354943E+05  0.338071E+05  0.000000E+00  0.522961E+06
  0.748200E-02  0.519877E+06  0.510941E+06  0.330060E+05  0.309163E+05  0.000000E+00  0.519596E+06
  0.773561E-02  0.516433E+06  0.506960E+06  0.300261E+05  0.277754E+05  0.000000E+00  0.516134E+06
  0.799781E-02  0.512893E+06  0.502854E+06  0.267240E+05  0.245663E+05  0.000000E+00  0.512577E+06
  0.826889E-02  0.509256E+06  0.498623E+06  0.233274E+05  0.214945E+05  0.000000E+00  0.508921E+06
  0.854917E-02  0.505522E+06  0.494265E+06  0.200957E+05  0.187602E+05  0.000000E+00  0.505168E+06
  0.883894E-02  0.501691E+06  0.489777E+06  0.172855E+05  0.165255E+05  0.000000E+00  0.501316E+06
  0.913854E-02  0.497761E+06  0.485159E+06  0.151110E+05  0.148846E+05  0.000000E+00  0.497364E+06
  0.944829E-02  0.493732E+06  0.480408E+06  0.137065E+05  0.138427E+05  0.000000E+00  0.493313E+06
  0.976854E-02  0.489605E+06  0.475525E+06  0.130958E+05  0.133094E+05  0.000000E+00  0.489161E+06
  0.100996E-01  0.485378E+06  0.470507E+06  0.000000E+00  0.000000E+00  0.000000E+00  0.484910E+06
  0.104420E-01  0.481052E+06  0.465354E+06  0.000000E+00  0.000000E+00  0.000000E+00  0.480557E+06
  0.107959E-01  0.476626E+06  0.460066E+06  0.000000E+00  0.000000E+00  0.000000E+00  0.476104E+06
  0.111618E-01  0.472101E+06  0.454642E+06  0.000000E+00  0.000000E+00  0.000000E+00  0.471551E+06
  0.115402E-01  0.467477E+06  0.449082E+06  0.000000E+00  0.000000E+00  0.000000E+00  0.466898E+06
  0.119313E-01  0.462754E+06  0.443387E+06  0.000000E+00  0.000000E+00  0.000000E+00  0.462144E+06
  0.123357E-01  0.457933E+06  0.437557E+06  0.000000E+00  0.000000E+00  0.000000E+00  0.457291E+06
  0.127539E-01  0.453014E+06  0.431593E+06  0.000000E+00  0.000000E+00  0.000000E+00  0.452339E+06
  0.131862E-01  0.447997E+06  0.425496E+06  0.000000E+00  0.000000E+00  0.000000E+00  0.447288E+06
  0.136331E-01  0.442883E+06  0.419267E+06  0.000000E+00  0.000000E+00  0.000000E+00  0.442139E+06
  0.140952E-01  0.437672E+06  0.412911E+06  0.000000E+00  0.000000E+00  0.000000E+00  0.436893E+06
  0.145730E-01  0.432367E+06  0.406428E+06  0.000000E+00  0.000000E+00  0.000000E+00  0.431550E+06
  0.150669E-01  0.426968E+06  0.399823E+06  0.000000E+00  0.000000E+00  0.000000E+00  0.426113E+06
  0.155776E-01  0.421476E+06  0.393101E+06  0.000000E+00  0.000000E+00  0.000000E+00  0.420582E+06
  0.161056E-01  0.415893E+06  0.386265E+06  0.000000E+00  0.000000E+00  0.000000E+00  0.414959E+06
  0.166515E-01  0.410220E+06  0.379322E+06  0.000000E+00  0.000000E+00  0.000000E+00  0.409246E+06
  0.172159E-01  0.404459E+06  0.372280E+06  0.000000E+00  0.000000E+00  0.000000E+00  0.403446E+06
  0.177994E-01  0.398613E+06  0.365144E+06  0.000000E+00  0.000000E+00  0.000000E+00  0.397559E+06
  0.184028E-01  0.392684E+06  0.357925E+06  0.000000E+00  0.000000E+00  0.000000E+00  0.391589E+06
  0.190265E-01  0.386675E+06  0.350633E+06  0.000000E+00  0.000000E+00  0.000000E+00  0.385540E+06
  0.196714E-01  0.380588E+06  0.343278E+06  0.000000E+00  0.000000E+00  0.000000E+00  0.379413E+06
  0.203382E-01  0.374428E+06  0.335872E+06  0.000000E+00  0.000000E+00  0.000000E+00  0.373213E+06
  0.210276E-01  0.368197E+06  0.328430E+06  0.000000E+00  0.000000E+00  0.000000E+00  0.366944E+06
  0.217403E-01  0.361899E+06  0.320966E+06  0.000000E+00  0.000000E+00  0.000000E+00  0.360610E+06
  0.224772E-01  0.355540E+06  0.313495E+06  0.000000E+00  0.000000E+00  0.000000E+00  0.354216E+06
  0.232390E-01  0.349124E+06  0.306037E+06  0.000000E+00  0.000000E+00  0.000000E+00  0.347767E+06
  0.240267E-01  0.342657E+06  0.298608E+06  0.000000E+00  0.000000E+00  0.000000E+00  0.341269E+06
  0.248411E-01  0.336143E+06  0.291228E+06  0.000000E+00  0.000000E+00  0.000000E+00  0.334728E+06
  0.256831E-01  0.329589E+06  0.283919E+06  0.000000E+00  0.000000E+00  0.000000E+00  0.328151E+06
  0.265537E-01  0.323003E+06  0.276701E+06  0.000000E+00  0.000000E+00  0.000000E+00  0.321545E+06
  0.274537E-01  0.316391E+06  0.269597E+06  0.000000E+00  0.000000E+00  0.000000E+00  0.314917E+06
  0.283842E-01  0.309760E+06  0.262628E+06  0.000000E+00  0.000000E+00  0.000000E+00  0.308276E+06
  0.293463E-01  0.303120E+06  0.255818E+06  0.000000E+00  0.000000E+00  0.000000E+00  0.301630E+06
  0.303410E-01  0.296479E+06  0.249187E+06  0.000000E+00  0.000000E+00  0.000000E+00  0.294989E+06
  0.313694E-01  0.289846E+06  0.242757E+06  0.000000E+00  0.000000E+00  0.000000E+00  0.288362E+06
  0.324327E-01  0.283230E+06  0.236546E+06  0.000000E+00  0.000000E+00  0.000000E+00  0.281759E+06
  0.335320E-01  0.276641E+06  0.230571E+06  0.000000E+00  0.000000E+00  0.000000E+00  0.275190E+06
  0.346686E-01  0.270089E+06  0.224847E+06  0.000000E+00  0.000000E+00  0.000000E+00  0.268664E+06
  0.358437E-01  0.263584E+06  0.219383E+06  0.000000E+00  0.000000E+00  0.000000E+00  0.262191E+06
  0.370586E-01  0.257134E+06  0.214183E+06  0.000000E+00  0.000000E+00  0.000000E+00  0.255781E+06
  0.383147E-01  0.250725E+06  0.209225E+06  0.000000E+00  0.000000E+00  0.000000E+00  0.249418E+06
  0.396134E-01  0.244350E+06  0.204482E+06  0.000000E+00  0.000000E+00  0.000000E+00  0.243095E+06
  0.409561E-01  0.238064E+06  0.199995E+06  0.000000E+00  0.000000E+00  0.000000E+00  0.236865E+06
  0.423443E-01  0.231874E+06  0.195745E+06  0.000000E+00  0.000000E+00  0.000000E+00  0.230736E+06
  0.437796E-01  0.225786E+06  0.191705E+06  0.000000E+00  0.000000E+00  0.000000E+00  0.224713E+06
  0.452635E-01  0.219798E+06  0.187836E+06  0.000000E+00  0.000000E+00  0.000000E+00  0.218791E+06
  0.467977E-01  0.213904E+06  0.184087E+06  0.000000E+00  0.000000E+00  0.000000E+00  0.212965E+06
  0.483839E-01  0.208096E+06  0.180402E+06  0.000000E+00  0.000000E+00  0.000000E+00  0.207224E+06
  0.500239E-01  0.202363E+06  0.176721E+06  0.000000E+00  0.000000E+00  0.000000E+00  0.201555E+06
  0.517194E-01  0.196698E+06  0.172984E+06  0.000000E+00  0.000000E+00  0.000000E+00  0.195951E+06
  0.534725E-01  0.191096E+06  0.169137E+06  0.000000E+00  0.000000E+00  0.000000E+00  0.190404E+06
  0.552850E-01  0.185558E+06  0.165138E+06  0.000000E+00  0.000000E+00  0.000000E+00  0.184915E+06
  0.571588E-01  0.180097E+06  0.160960E+06  0.000000E+00  0.000000E+00  0.000000E+00  0.179495E+06
  0.590963E-01  0.174742E+06  0.156609E+06  0.000000E+00  0.000000E+00  0.000000E+00  0.174171E+06
  0.610993E-01  0.169626E+06  0.152220E+06  0.000000E+00  0.000000E+00  0.000000E+00  0.169077E+06
  0.631703E-01  0.164446E+06  0.147461E+06  0.000000E+00  0.000000E+00  0.000000E+00  0.163911E+06
  0.653114E-01  0.159336E+06  0.142498E+06  0.000000E+00  0.000000E+00  0.000000E+00  0.158805E+06
  0.675252E-01  0.154291E+06  0.137363E+06  0.000000E+00  0.000000E+00  0.000000E+00  0.153757E+06
  0.698139E-01  0.149309E+06  0.132109E+06  0.000000E+00  0.000000E+00  0.000000E+00  0.148767E+06
  0.721803E-01  0.144395E+06  0.126808E+06  0.000000E+00  0.000000E+00  0.000000E+00  0.143842E+06
  0.746268E-01  0.139562E+06  0.121552E+06  0.000000E+00  0.000000E+00  0.000000E+00  0.138995E+06
  0.771564E-01  0.134827E+06  0.116447E+06  0.000000E+00  0.000000E+00  0.000000E+00  0.134248E+06
  0.797716E-01  0.130212E+06  0.111595E+06  0.000000E+00  0.000000E+00  0.000000E+00  0.129625E+06
  0.824755E-01  0.125729E+06  0.107080E+06  0.000000E+00  0.000000E+00  0.000000E+00  0.125142E+06
  0.852709E-01  0.121384E+06  0.102959E+06  0.000000E+00  0.000000E+00  0.000000E+00  0.120803E+06
  0.881612E-01  0.117170E+06  0.992493E+05  0.000000E+00  0.000000E+00  0.000000E+00  0.116606E+06
  0.911495E-01  0.113078E+06  0.959301E+05  0.000000E+00  0.000000E+00  0.000000E+00  0.112538E+06
  0.942390E-01  0.109100E+06  0.929506E+05  0.000000E+00  0.000000E+00  0.000000E+00  0.108591E+06
  0.974333E-01  0.105233E+06  0.902345E+05  0.000000E+00  0.000000E+00  0.000000E+00  0.104760E+06
  0.100736E+00  0.101476E+06  0.876863E+05  0.000000E+00  0.000000E+00  0.000000E+00  0.101042E+06
  0.104150E+00  0.978258E+05  0.851971E+05  0.000000E+00  0.000000E+00  0.000000E+00  0.974280E+05
  0.107680E+00  0.942702E+05  0.826576E+05  0.000000E+00  0.000000E+00  0.000000E+00  0.939044E+05
  0.111330E+00  0.907947E+05  0.799794E+05  0.000000E+00  0.000000E+00  0.000000E+00  0.904540E+05
  0.115104E+00  0.873914E+05  0.771181E+05  0.000000E+00  0.000000E+00  0.000000E+00  0.870678E+05
  0.119005E+00  0.840611E+05  0.740839E+05  0.000000E+00  0.000000E+00  0.000000E+00  0.837469E+05
  0.123039E+00  0.808090E+05  0.709351E+05  0.000000E+00  0.000000E+00  0.000000E+00  0.804980E+05
  0.127209E+00  0.776379E+05  0.677619E+05  0.000000E+00  0.000000E+00  0.000000E+00  0.773269E+05
  0.131521E+00  0.745526E+05  0.646707E+05  0.000000E+00  0.000000E+00  0.000000E+00  0.742414E+05
  0.135979E+00  0.715662E+05  0.617676E+05  0.000000E+00  0.000000E+00  0.000000E+00  0.712576E+05
  0.140588E+00  0.686965E+05  0.591311E+05  0.000000E+00  0.000000E+00  0.000000E+00  0.683952E+05
  0.145353E+00  0.659494E+05  0.567788E+05  0.000000E+00  0.000000E+00  0.000000E+00  0.656606E+05
  0.150280E+00  0.633116E+05  0.546585E+05  0.000000E+00  0.000000E+00  0.000000E+00  0.630390E+05
  0.155374E+00  0.607651E+05  0.526784E+05  0.000000E+00  0.000000E+00  0.000000E+00  0.605104E+05
  0.160640E+00  0.583012E+05  0.507475E+05  0.000000E+00  0.000000E+00  0.000000E+00  0.580632E+05
  0.166085E+00  0.559146E+05  0.487970E+05  0.000000E+00  0.000000E+00  0.000000E+00  0.556905E+05
  0.171715E+00  0.535956E+05  0.467924E+05  0.000000E+00  0.000000E+00  0.000000E+00  0.533814E+05
  0.177535E+00  0.513405E+05  0.447508E+05  0.000000E+00  0.000000E+00  0.000000E+00  0.511330E+05
  0.183553E+00  0.491574E+05  0.427342E+05  0.000000E+00  0.000000E+00  0.000000E+00  0.489551E+05
  0.189774E+00  0.470544E+05  0.408101E+05  0.000000E+00  0.000000E+00  0.000000E+00  0.468577E+05
  0.196206E+00  0.450342E+05  0.390184E+05  0.000000E+00  0.000000E+00  0.000000E+00  0.448448E+05
  0.202857E+00  0.430993E+05  0.373632E+05  0.000000E+00  0.000000E+00  0.000000E+00  0.429187E+05
  0.209733E+00  0.412424E+05  0.358084E+05  0.000000E+00  0.000000E+00  0.000000E+00  0.410712E+05
  0.216842E+00  0.394508E+05  0.343023E+05  0.000000E+00  0.000000E+00  0.000000E+00  0.392887E+05
  0.224192E+00  0.377240E+05  0.328196E+05  0.000000E+00  0.000000E+00  0.000000E+00  0.375696E+05
  0.231791E+00  0.360618E+05  0.313609E+05  0.000000E+00  0.000000E+00  0.000000E+00  0.359138E+05
  0.239647E+00  0.344576E+05  0.299397E+05  0.000000E+00  0.000000E+00  0.000000E+00  0.343153E+05
  0.247770E+00  0.329159E+05  0.285824E+05  0.000000E+00  0.000000E+00  0.000000E+00  0.327794E+05
  0.256168E+00  0.314396E+05  0.273008E+05  0.000000E+00  0.000000E+00  0.000000E+00  0.313092E+05
  0.264851E+00  0.300215E+05  0.260806E+05  0.000000E+00  0.000000E+00  0.000000E+00  0.298974E+05
  0.273828E+00  0.286614E+05  0.249086E+05  0.000000E+00  0.000000E+00  0.000000E+00  0.285432E+05
  0.283110E+00  0.273555E+05  0.237751E+05  0.000000E+00  0.000000E+00  0.000000E+00  0.272427E+05
  0.292706E+00  0.261004E+05  0.226798E+05  0.000000E+00  0.000000E+00  0.000000E+00  0.259927E+05
  0.302627E+00  0.248977E+05  0.216313E+05  0.000000E+00  0.000000E+00  0.000000E+00  0.247948E+05
  0.312884E+00  0.237443E+05  0.206295E+05  0.000000E+00  0.000000E+00  0.000000E+00  0.236462E+05
  0.323490E+00  0.226399E+05  0.196722E+05  0.000000E+00  0.000000E+00  0.000000E+00  0.225464E+05
  0.334454E+00  0.215811E+05  0.187532E+05  0.000000E+00  0.000000E+00  0.000000E+00  0.214920E+05
  0.345791E+00  0.205674E+05  0.178719E+05  0.000000E+00  0.000000E+00  0.000000E+00  0.204825E+05
  0.357512E+00  0.195963E+05  0.170277E+05  0.000000E+00  0.000000E+00  0.000000E+00  0.195154E+05
  0.369629E+00  0.186674E+05  0.162207E+05  0.000000E+00  0.000000E+00  0.000000E+00  0.185903E+05
  0.382158E+00  0.177781E+05  0.154483E+05  0.000000E+00  0.000000E+00  0.000000E+00  0.177048E+05
  0.395111E+00  0.169280E+05  0.147097E+05  0.000000E+00  0.000000E+00  0.000000E+00  0.168581E+05
  0.408504E+00  0.161146E+05  0.140029E+05  0.000000E+00  0.000000E+00  0.000000E+00  0.160481E+05
  0.422350E+00  0.153377E+05  0.133280E+05  0.000000E+00  0.000000E+00  0.000000E+00  0.152744E+05
  0.436666E+00  0.145950E+05  0.126826E+05  0.000000E+00  0.000000E+00  0.000000E+00  0.145347E+05
  0.451466E+00  0.138857E+05  0.120663E+05  0.000000E+00  0.000000E+00  0.000000E+00  0.138284E+05
  0.466769E+00  0.132084E+05  0.114778E+05  0.000000E+00  0.000000E+00  0.000000E+00  0.131539E+05
  0.482590E+00  0.125615E+05  0.109158E+05  0.000000E+00  0.000000E+00  0.000000E+00  0.125097E+05
  0.498948E+00  0.119443E+05  0.103795E+05  0.000000E+00  0.000000E+00  0.000000E+00  0.118950E+05
  0.515859E+00  0.113553E+05  0.986767E+04  0.000000E+00  0.000000E+00  0.000000E+00  0.113084E+05
  0.533344E+00  0.107931E+05  0.937920E+04  0.000000E+00  0.000000E+00  0.000000E+00  0.107486E+05
  0.551422E+00  0.102569E+05  0.891330E+04  0.000000E+00  0.000000E+00  0.000000E+00  0.102146E+05
  0.570113E+00  0.974562E+04  0.846902E+04  0.000000E+00  0.000000E+00  0.000000E+00  0.970541E+04
  0.589437E+00  0.925812E+04  0.804542E+04  0.000000E+00  0.000000E+00  0.000000E+00  0.921992E+04
  0.609416E+00  0.879342E+04  0.764162E+04  0.000000E+00  0.000000E+00  0.000000E+00  0.875714E+04
  0.630072E+00  0.835060E+04  0.725683E+04  0.000000E+00  0.000000E+00  0.000000E+00  0.831615E+04
  0.651428E+00  0.792883E+04  0.689033E+04  0.000000E+00  0.000000E+00  0.000000E+00  0.789612E+04
  0.673509E+00  0.752718E+04  0.654132E+04  0.000000E+00  0.000000E+00  0.000000E+00  0.749613E+04
  0.696337E+00  0.714481E+04  0.620905E+04  0.000000E+00  0.000000E+00  0.000000E+00  0.711534E+04
  0.719940E+00  0.678083E+04  0.589276E+04  0.000000E+00  0.000000E+00  0.000000E+00  0.675285E+04
  0.744342E+00  0.643439E+04  0.559172E+04  0.000000E+00  0.000000E+00  0.000000E+00  0.640785E+04
  0.769572E+00  0.610468E+04  0.530521E+04  0.000000E+00  0.000000E+00  0.000000E+00  0.607950E+04
  0.795656E+00  0.579094E+04  0.503258E+04  0.000000E+00  0.000000E+00  0.000000E+00  0.576706E+04
  0.822625E+00  0.549246E+04  0.477320E+04  0.000000E+00  0.000000E+00  0.000000E+00  0.546981E+04
  0.850508E+00  0.520858E+04  0.452651E+04  0.000000E+00  0.000000E+00  0.000000E+00  0.518709E+04
  0.879336E+00  0.493864E+04  0.429193E+04  0.000000E+00  0.000000E+00  0.000000E+00  0.491827E+04
  0.909141E+00  0.468208E+04  0.406898E+04  0.000000E+00  0.000000E+00  0.000000E+00  0.466277E+04
  0.939957E+00  0.443827E+04  0.385711E+04  0.000000E+00  0.000000E+00  0.000000E+00  0.441997E+04
  0.971817E+00  0.420659E+04  0.365577E+04  0.000000E+00  0.000000E+00  0.000000E+00  0.418924E+04
  0.100476E+01  0.398643E+04  0.346445E+04  0.000000E+00  0.000000E+00  0.000000E+00  0.396999E+04
  0.103881E+01  0.377729E+04  0.328270E+04  0.000000E+00  0.000000E+00  0.000000E+00  0.376171E+04
  0.107402E+01  0.357862E+04  0.311005E+04  0.000000E+00  0.000000E+00  0.000000E+00  0.356386E+04
  0.111043E+01  0.338999E+04  0.294613E+04  0.000000E+00  0.000000E+00  0.000000E+00  0.337601E+04
  0.114807E+01  0.321091E+04  0.279050E+04  0.000000E+00  0.000000E+00  0.000000E+00  0.319767E+04
  0.118698E+01  0.304094E+04  0.264280E+04  0.000000E+00  0.000000E+00  0.000000E+00  0.302840E+04
  0.122721E+01  0.287962E+04  0.250260E+04  0.000000E+00  0.000000E+00  0.000000E+00  0.286775E+04
  0.126881E+01  0.272650E+04  0.236954E+04  0.000000E+00  0.000000E+00  0.000000E+00  0.271526E+04
  0.131182E+01  0.258123E+04  0.224328E+04  0.000000E+00  0.000000E+00  0.000000E+00  0.257058E+04
  0.135628E+01  0.244341E+04  0.212352E+04  0.000000E+00  0.000000E+00  0.000000E+00  0.243334E+04
  0.140225E+01  0.231270E+04  0.200992E+04  0.000000E+00  0.000000E+00  0.000000E+00  0.230317E+04
  0.144978E+01  0.218873E+04  0.190219E+04  0.000000E+00  0.000000E+00  0.000000E+00  0.217971E+04
  0.149892E+01  0.207116E+04  0.180001E+04  0.000000E+00  0.000000E+00  0.000000E+00  0.206262E+04
  0.154973E+01  0.195969E+04  0.170314E+04  0.000000E+00  0.000000E+00  0.000000E+00  0.195161E+04
  0.160226E+01  0.185402E+04  0.161131E+04  0.000000E+00  0.000000E+00  0.000000E+00  0.184638E+04
  0.165656E+01  0.175387E+04  0.152427E+04  0.000000E+00  0.000000E+00  0.000000E+00  0.174664E+04
  0.171271E+01  0.165895E+04  0.144178E+04  0.000000E+00  0.000000E+00  0.000000E+00  0.165211E+04
  0.177077E+01  0.156901E+04  0.136361E+04  0.000000E+00  0.000000E+00  0.000000E+00  0.156254E+04
  0.183079E+01  0.148379E+04  0.128955E+04  0.000000E+00  0.000000E+00  0.000000E+00  0.147768E+04
  0.189284E+01  0.140307E+04  0.121940E+04  0.000000E+00  0.000000E+00  0.000000E+00  0.139729E+04
  0.195700E+01  0.132661E+04  0.115295E+04  0.000000E+00  0.000000E+00  0.000000E+00  0.132114E+04
  0.202333E+01  0.125420E+04  0.109002E+04  0.000000E+00  0.000000E+00  0.000000E+00  0.124903E+04
  0.209191E+01  0.118563E+04  0.103043E+04  0.000000E+00  0.000000E+00  0.000000E+00  0.118074E+04
  0.216282E+01  0.112071E+04  0.974000E+03  0.000000E+00  0.000000E+00  0.000000E+00  0.111608E+04
  0.223613E+01  0.105923E+04  0.920576E+03  0.000000E+00  0.000000E+00  0.000000E+00  0.105487E+04
  0.231192E+01  0.100104E+04  0.870004E+03  0.000000E+00  0.000000E+00  0.000000E+00  0.996917E+03
  0.239028E+01  0.945964E+03  0.822134E+03  0.000000E+00  0.000000E+00  0.000000E+00  0.942064E+03
  0.247130E+01  0.893834E+03  0.776829E+03  0.000000E+00  0.000000E+00  0.000000E+00  0.890149E+03
  0.255507E+01  0.844503E+03  0.733955E+03  0.000000E+00  0.000000E+00  0.000000E+00  0.841021E+03
  0.264167E+01  0.797826E+03  0.693389E+03  0.000000E+00  0.000000E+00  0.000000E+00  0.794536E+03
  0.273121E+01  0.753668E+03  0.655011E+03  0.000000E+00  0.000000E+00  0.000000E+00  0.750560E+03
  0.282379E+01  0.711894E+03  0.618706E+03  0.000000E+00  0.000000E+00  0.000000E+00  0.708959E+03
  0.291950E+01  0.672384E+03  0.584368E+03  0.000000E+00  0.000000E+00  0.000000E+00  0.669612E+03
  0.301846E+01  0.635015E+03  0.551891E+03  0.000000E+00  0.000000E+00  0.000000E+00  0.632397E+03
  0.312077E+01  0.599677E+03  0.521178E+03  0.000000E+00  0.000000E+00  0.000000E+00  0.597204E+03
  0.322655E+01  0.566260E+03  0.492135E+03  0.000000E+00  0.000000E+00  0.000000E+00  0.563925E+03
  0.333591E+01  0.534663E+03  0.464674E+03  0.000000E+00  0.000000E+00  0.000000E+00  0.532458E+03
  0.344898E+01  0.504789E+03  0.438710E+03  0.000000E+00  0.000000E+00  0.000000E+00  0.502708E+03
  0.356588E+01  0.476549E+03  0.414166E+03  0.000000E+00  0.000000E+00  0.000000E+00  0.474584E+03
  0.368675E+01  0.449854E+03  0.390966E+03  0.000000E+00  0.000000E+00  0.000000E+00  0.447999E+03
  0.381172E+01  0.424624E+03  0.369038E+03  0.000000E+00  0.000000E+00  0.000000E+00  0.422873E+03
  0.394091E+01  0.400782E+03  0.348316E+03  0.000000E+00  0.000000E+00  0.000000E+00  0.399129E+03
  0.407449E+01  0.378252E+03  0.328735E+03  0.000000E+00  0.000000E+00  0.000000E+00  0.376692E+03
  0.421259E+01  0.356965E+03  0.310234E+03  0.000000E+00  0.000000E+00  0.000000E+00  0.355493E+03
  0.435538E+01  0.336852E+03  0.292754E+03  0.000000E+00  0.000000E+00  0.000000E+00  0.335463E+03
  0.450301E+01  0.317850E+03  0.276239E+03  0.000000E+00  0.000000E+00  0.000000E+00  0.316540E+03
  0.465564E+01  0.299899E+03  0.260638E+03  0.000000E+00  0.000000E+00  0.000000E+00  0.298663E+03
  0.481344E+01  0.282943E+03  0.245901E+03  0.000000E+00  0.000000E+00  0.000000E+00  0.281777E+03
  0.497659E+01  0.266928E+03  0.231981E+03  0.000000E+00  0.000000E+00  0.000000E+00  0.265827E+03
  0.514527E+01  0.251804E+03  0.218837E+03  0.000000E+00  0.000000E+00  0.000000E+00  0.250766E+03
  0.531968E+01  0.237522E+03  0.206424E+03  0.000000E+00  0.000000E+00  0.000000E+00  0.236543E+03
  0.549998E+01  0.224037E+03  0.194704E+03  0.000000E+00  0.000000E+00  0.000000E+00  0.223113E+03
  0.568641E+01  0.211304E+03  0.183637E+03  0.000000E+00  0.000000E+00  0.000000E+00  0.210433E+03
  0.587915E+01  0.199283E+03  0.173189E+03  0.000000E+00  0.000000E+00  0.000000E+00  0.198461E+03
  0.607843E+01  0.187934E+03  0.163325E+03  0.000000E+00  0.000000E+00  0.000000E+00  0.187158E+03
  0.628446E+01  0.177219E+03  0.154013E+03  0.000000E+00  0.000000E+00  0.000000E+00  0.176489E+03
  0.649747E+01  0.167107E+03  0.145224E+03  0.000000E+00  0.000000E+00  0.000000E+00  0.166418E+03
  0.671770E+01  0.157562E+03  0.136928E+03  0.000000E+00  0.000000E+00  0.000000E+00  0.156912E+03
  0.694539E+01  0.148555E+03  0.129099E+03  0.000000E+00  0.000000E+00  0.000000E+00  0.147942E+03
  0.718081E+01  0.140055E+03  0.121711E+03  0.000000E+00  0.000000E+00  0.000000E+00  0.139477E+03
  0.742420E+01  0.132034E+03  0.114740E+03  0.000000E+00  0.000000E+00  0.000000E+00  0.131489E+03
  0.767585E+01  0.124464E+03  0.108161E+03  0.000000E+00  0.000000E+00  0.000000E+00  0.123951E+03
  0.793602E+01  0.117323E+03  0.101954E+03  0.000000E+00  0.000000E+00  0.000000E+00  0.116838E+03
  0.820502E+01  0.110585E+03  0.960975E+02  0.000000E+00  0.000000E+00  0.000000E+00  0.110128E+03
  0.848312E+01  0.104229E+03  0.905732E+02  0.000000E+00  0.000000E+00  0.000000E+00  0.103799E+03
  0.877066E+01  0.982330E+02  0.853621E+02  0.000000E+00  0.000000E+00  0.000000E+00  0.978276E+02
  0.906794E+01  0.925775E+02  0.804466E+02  0.000000E+00  0.000000E+00  0.000000E+00  0.921954E+02
  0.937530E+01  0.872428E+02  0.758098E+02  0.000000E+00  0.000000E+00  0.000000E+00  0.868827E+02
  0.969308E+01  0.822113E+02  0.714366E+02  0.000000E+00  0.000000E+00  0.000000E+00  0.818719E+02
  0.100216E+02  0.774661E+02  0.673123E+02  0.000000E+00  0.000000E+00  0.000000E+00  0.771463E+02
  0.103613E+02  0.729914E+02  0.634231E+02  0.000000E+00  0.000000E+00  0.000000E+00  0.726901E+02
  0.107125E+02  0.687722E+02  0.597558E+02  0.000000E+00  0.000000E+00  0.000000E+00  0.684882E+02
  0.110756E+02  0.647935E+02  0.562977E+02  0.000000E+00  0.000000E+00  0.000000E+00  0.645259E+02
  0.114510E+02  0.610421E+02  0.530370E+02  0.000000E+00  0.000000E+00  0.000000E+00  0.607899E+02
  0.118392E+02  0.575050E+02  0.499626E+02  0.000000E+00  0.000000E+00  0.000000E+00  0.572674E+02
  0.122404E+02  0.541705E+02  0.470645E+02  0.000000E+00  0.000000E+00  0.000000E+00  0.539467E+02
  0.126553E+02  0.510272E+02  0.443323E+02  0.000000E+00  0.000000E+00  0.000000E+00  0.508164E+02
  0.130843E+02  0.480642E+02  0.417569E+02  0.000000E+00  0.000000E+00  0.000000E+00  0.478656E+02
  0.135278E+02  0.452710E+02  0.393291E+02  0.000000E+00  0.000000E+00  0.000000E+00  0.450839E+02
  0.139863E+02  0.426383E+02  0.370407E+02  0.000000E+00  0.000000E+00  0.000000E+00  0.424620E+02
  0.144604E+02  0.401569E+02  0.348840E+02  0.000000E+00  0.000000E+00  0.000000E+00  0.399908E+02
  0.149505E+02  0.378185E+02  0.328514E+02  0.000000E+00  0.000000E+00  0.000000E+00  0.376621E+02
  0.154573E+02  0.356147E+02  0.309359E+02  0.000000E+00  0.000000E+00  0.000000E+00  0.354673E+02
  0.159812E+02  0.335378E+02  0.291306E+02  0.000000E+00  0.000000E+00  0.000000E+00  0.333989E+02
  0.165229E+02  0.315807E+02  0.274295E+02  0.000000E+00  0.000000E+00  0.000000E+00  0.314500E+02
  0.170829E+02  0.297367E+02  0.258266E+02  0.000000E+00  0.000000E+00  0.000000E+00  0.296135E+02
  0.176619E+02  0.279993E+02  0.243164E+02  0.000000E+00  0.000000E+00  0.000000E+00  0.278833E+02
  0.182606E+02  0.263622E+02  0.228934E+02  0.000000E+00  0.000000E+00  0.000000E+00  0.262529E+02
  0.188795E+02  0.248199E+02  0.215528E+02  0.000000E+00  0.000000E+00  0.000000E+00  0.247170E+02
  0.195195E+02  0.233669E+02  0.202898E+02  0.000000E+00  0.000000E+00  0.000000E+00  0.232700E+02
  0.201811E+02  0.219982E+02  0.191001E+02  0.000000E+00  0.000000E+00  0.000000E+00  0.219069E+02
  0.208651E+02  0.207088E+02  0.179793E+02  0.000000E+00  0.000000E+00  0.000000E+00  0.206228E+02
  0.215723E+02  0.194942E+02  0.169235E+02  0.000000E+00  0.000000E+00  0.000000E+00  0.194132E+02
  0.223035E+02  0.183502E+02  0.159291E+02  0.000000E+00  0.000000E+00  0.000000E+00  0.182739E+02
  0.230595E+02  0.172727E+02  0.149925E+02  0.000000E+00  0.000000E+00  0.000000E+00  0.172009E+02
  0.238411E+02  0.162579E+02  0.141103E+02  0.000000E+00  0.000000E+00  0.000000E+00  0.161902E+02
  0.246492E+02  0.153021E+02  0.132794E+02  0.000000E+00  0.000000E+00  0.000000E+00  0.152384E+02
  0.254847E+02  0.144020E+02  0.124970E+02  0.000000E+00  0.000000E+00  0.000000E+00  0.143420E+02
  0.263485E+02  0.135544E+02  0.117602E+02  0.000000E+00  0.000000E+00  0.000000E+00  0.134979E+02
  0.272416E+02  0.127562E+02  0.110663E+02  0.000000E+00  0.000000E+00  0.000000E+00  0.127030E+02
  0.281650E+02  0.120046E+02  0.104129E+02  0.000000E+00  0.000000E+00  0.000000E+00  0.119545E+02
  0.291196E+02  0.112970E+02  0.979772E+01  0.000000E+00  0.000000E+00  0.000000E+00  0.112498E+02
  0.301066E+02  0.106306E+02  0.921843E+01  0.000000E+00  0.000000E+00  0.000000E+00  0.105861E+02
  0.311271E+02  0.100032E+02  0.867303E+01  0.000000E+00  0.000000E+00  0.000000E+00  0.996135E+01
  0.321822E+02  0.941260E+01  0.815954E+01  0.000000E+00  0.000000E+00  0.000000E+00  0.937313E+01
  0.332730E+02  0.885654E+01  0.767611E+01  0.000000E+00  0.000000E+00  0.000000E+00  0.881936E+01
  0.344008E+02  0.833303E+01  0.722097E+01  0.000000E+00  0.000000E+00  0.000000E+00  0.829800E+01
  0.355668E+02  0.784025E+01  0.679254E+01  0.000000E+00  0.000000E+00  0.000000E+00  0.780725E+01
  0.367723E+02  0.737635E+01  0.638922E+01  0.000000E+00  0.000000E+00  0.000000E+00  0.734526E+01
  0.380187E+02  0.693968E+01  0.600957E+01  0.000000E+00  0.000000E+00  0.000000E+00  0.691039E+01
  0.393074E+02  0.652867E+01  0.565221E+01  0.000000E+00  0.000000E+00  0.000000E+00  0.650107E+01
  0.406397E+02  0.614181E+01  0.531584E+01  0.000000E+00  0.000000E+00  0.000000E+00  0.611580E+01
  0.420172E+02  0.577768E+01  0.499924E+01  0.000000E+00  0.000000E+00  0.000000E+00  0.575317E+01
  0.434414E+02  0.543499E+01  0.470126E+01  0.000000E+00  0.000000E+00  0.000000E+00  0.541188E+01
  0.449138E+02  0.511247E+01  0.442082E+01  0.000000E+00  0.000000E+00  0.000000E+00  0.509069E+01
  0.464362E+02  0.480894E+01  0.415688E+01  0.000000E+00  0.000000E+00  0.000000E+00  0.478841E+01
  0.480101E+02  0.452331E+01  0.390850E+01  0.000000E+00  0.000000E+00  0.000000E+00  0.450395E+01
  0.496375E+02  0.425451E+01  0.367475E+01  0.000000E+00  0.000000E+00  0.000000E+00  0.423625E+01
  0.513199E+02  0.400158E+01  0.345479E+01  0.000000E+00  0.000000E+00  0.000000E+00  0.398436E+01
  0.530594E+02  0.376357E+01  0.324780E+01  0.000000E+00  0.000000E+00  0.000000E+00  0.374732E+01
  0.548579E+02  0.353961E+01  0.305303E+01  0.000000E+00  0.000000E+00  0.000000E+00  0.352429E+01
  0.567173E+02  0.332890E+01  0.286976E+01  0.000000E+00  0.000000E+00  0.000000E+00  0.331443E+01
  0.586397E+02  0.313063E+01  0.269732E+01  0.000000E+00  0.000000E+00  0.000000E+00  0.311698E+01
  0.606273E+02  0.294410E+01  0.253508E+01  0.000000E+00  0.000000E+00  0.000000E+00  0.293121E+01
  0.626823E+02  0.276860E+01  0.238243E+01  0.000000E+00  0.000000E+00  0.000000E+00  0.275644E+01
  0.648069E+02  0.260349E+01  0.223881E+01  0.000000E+00  0.000000E+00  0.000000E+00  0.259201E+01
  0.670036E+02  0.244816E+01  0.210369E+01  0.000000E+00  0.000000E+00  0.000000E+00  0.243731E+01
  0.692747E+02  0.230204E+01  0.197657E+01  0.000000E+00  0.000000E+00  0.000000E+00  0.229179E+01
  0.716227E+02  0.216459E+01  0.185699E+01  0.000000E+00  0.000000E+00  0.000000E+00  0.215490E+01
  0.740504E+02  0.203528E+01  0.174449E+01  0.000000E+00  0.000000E+00  0.000000E+00  0.202613E+01
  0.765604E+02  0.191366E+01  0.163866E+01  0.000000E+00  0.000000E+00  0.000000E+00  0.190499E+01
  0.791553E+02  0.179925E+01  0.153912E+01  0.000000E+00  0.000000E+00  0.000000E+00  0.179106E+01
  0.818384E+02  0.169164E+01  0.144548E+01  0.000000E+00  0.000000E+00  0.000000E+00  0.168388E+01
  0.846122E+02  0.159042E+01  0.135740E+01  0.000000E+00  0.000000E+00  0.000000E+00  0.158308E+01
  0.874802E+02  0.149523E+01  0.127455E+01  0.000000E+00  0.000000E+00  0.000000E+00  0.148827E+01
  0.904453E+02  0.140569E+01  0.119663E+01  0.000000E+00  0.000000E+00  0.000000E+00  0.139911E+01
  0.935109E+02  0.132149E+01  0.112334E+01  0.000000E+00  0.000000E+00  0.000000E+00  0.131525E+01
  0.966806E+02  0.124229E+01  0.105441E+01  0.000000E+00  0.000000E+00  0.000000E+00  0.123637E+01
  0.999576E+02  0.116782E+01  0.989576E+00  0.000000E+00  0.000000E+00  0.000000E+00  0.116220E+01
  0.103346E+03  0.109778E+01  0.928607E+00  0.000000E+00  0.000000E+00  0.000000E+00  0.109245E+01
  0.106849E+03  0.103191E+01  0.871264E+00  0.000000E+00  0.000000E+00  0.000000E+00  0.102685E+01
  0.110470E+03  0.969978E+00  0.817342E+00  0.000000E+00  0.000000E+00  0.000000E+00  0.965170E+00
  0.114215E+03  0.911738E+00  0.766633E+00  0.000000E+00  0.000000E+00  0.000000E+00  0.907168E+00
  0.118086E+03  0.856975E+00  0.718949E+00  0.000000E+00  0.000000E+00  0.000000E+00  0.852628E+00
  0.122089E+03  0.805479E+00  0.674107E+00  0.000000E+00  0.000000E+00  0.000000E+00  0.801342E+00
  0.126227E+03  0.757062E+00  0.631944E+00  0.000000E+00  0.000000E+00  0.000000E+00  0.753121E+00
  0.130505E+03  0.711538E+00  0.592300E+00  0.000000E+00  0.000000E+00  0.000000E+00  0.707783E+00
  0.134928E+03  0.668736E+00  0.555024E+00  0.000000E+00  0.000000E+00  0.000000E+00  0.665154E+00
  0.139502E+03  0.628491E+00  0.519974E+00  0.000000E+00  0.000000E+00  0.000000E+00  0.625073E+00
  0.144230E+03  0.590656E+00  0.487024E+00  0.000000E+00  0.000000E+00  0.000000E+00  0.587392E+00
  0.149119E+03  0.555085E+00  0.456046E+00  0.000000E+00  0.000000E+00  0.000000E+00  0.551966E+00
  0.154173E+03  0.521645E+00  0.426923E+00  0.000000E+00  0.000000E+00  0.000000E+00  0.518661E+00
  0.159399E+03  0.490205E+00  0.399545E+00  0.000000E+00  0.000000E+00  0.000000E+00  0.487350E+00
  0.164802E+03  0.460651E+00  0.373811E+00  0.000000E+00  0.000000E+00  0.000000E+00  0.457916E+00
  0.170388E+03  0.432868E+00  0.349622E+00  0.000000E+00  0.000000E+00  0.000000E+00  0.430247E+00
  0.176164E+03  0.406750E+00  0.326886E+00  0.000000E+00  0.000000E+00  0.000000E+00  0.404235E+00
  0.182135E+03  0.382200E+00  0.305518E+00  0.000000E+00  0.000000E+00  0.000000E+00  0.379785E+00
  0.188308E+03  0.359124E+00  0.285438E+00  0.000000E+00  0.000000E+00  0.000000E+00  0.356803E+00
  0.194691E+03  0.337432E+00  0.266569E+00  0.000000E+00  0.000000E+00  0.000000E+00  0.335200E+00
  0.201290E+03  0.317042E+00  0.248839E+00  0.000000E+00  0.000000E+00  0.000000E+00  0.314894E+00
