  0.108800E-04  0.296708E+06  0.296708E+06  0.395608E+06  0.395608E+06  0.000000E+00  0.296708E+06
  0.112487E-04  0.296708E+06  0.296708E+06  0.395608E+06  0.395608E+06  0.000000E+00  0.296708E+06
  0.116300E-04  0.296708E+06  0.296708E+06  0.395608E+06  0.395608E+06  0.000000E+00  0.296708E+06
  0.120242E-04  0.296708E+06  0.296708E+06  0.395608E+06  0.395607E+06  0.000000E+00  0.296708E+06
  0.124318E-04  0.296708E+06  0.296708E+06  0.395608E+06  0.395607E+06  0.000000E+00  0.296708E+06
  0.128531E-04  0.296708E+06  0.296708E+06  0.395607E+06  0.395607E+06  0.000000E+00  0.296708E+06
  0.132888E-04  0.296708E+06  0.296708E+06  0.395607E+06  0.395607E+06  0.000000E+00  0.296708E+06
  0.137392E-04  0.296708E+06  0.296708E+06  0.395607E+06  0.395606E+06  0.000000E+00  0.296708E+06
  0.142049E-04  0.296708E+06  0.296708E+06  0.395607E+06  0.395606E+06  0.000000E+00  0.296708E+06
  0.146864E-04  0.296708E+06  0.296708E+06  0.395606E+06  0.395606E+06  0.000000E+00  0.296708E+06
  0.151842E-04  0.296708E+06  0.296708E+06  0.395606E+06  0.395606E+06  0.000000E+00  0.296708E+06
  0.156989E-04  0.296708E+06  0.296708E+06  0.395606E+06  0.395605E+06  0.000000E+00  0.296708E+06
  0.162310E-04  0.296708E+06  0.296708E+06  0.395605E+06  0.395605E+06  0.000000E+00  0.296708E+06
  0.167811E-04  0.296708E+06  0.296708E+06  0.395605E+06  0.395604E+06  0.000000E+00  0.296708E+06
  0.173499E-04  0.296708E+06  0.296708E+06  0.395604E+06  0.395604E+06  0.000000E+00  0.296708E+06
  0.179380E-04  0.296708E+06  0.296708E+06  0.395604E+06  0.395603E+06  0.000000E+00  0.296708E+06
  0.185460E-04  0.296708E+06  0.296708E+06  0.395604E+06  0.395603E+06  0.000000E+00  0.296708E+06
  0.191746E-04  0.296708E+06  0.296708E+06  0.395603E+06  0.395602E+06  0.000000E+00  0.296708E+06
  0.198246E-04  0.296708E+06  0.296708E+06  0.395603E+06  0.395602E+06  0.000000E+00  0.296708E+06
  0.204965E-04  0.296708E+06  0.296708E+06  0.395602E+06  0.395601E+06  0.000000E+00  0.296708E+06
  0.211913E-04  0.296708E+06  0.296708E+06  0.395601E+06  0.395601E+06  0.000000E+00  0.296708E+06
  0.219095E-04  0.296708E+06  0.296708E+06  0.395601E+06  0.395600E+06  0.000000E+00  0.296708E+06
  0.226522E-04  0.296708E+06  0.296708E+06  0.395600E+06  0.395599E+06  0.000000E+00  0.296708E+06
  0.234200E-04  0.296708E+06  0.296708E+06  0.395599E+06  0.395598E+06  0.000000E+00  0.296708E+06
  0.242138E-04  0.296708E+06  0.296708E+06  0.395599E+06  0.395598E+06  0.000000E+00  0.296708E+06
  0.250345E-04  0.296708E+06  0.296708E+06  0.395598E+06  0.395597E+06  0.000000E+00  0.296708E+06
  0.258831E-04  0.296708E+06  0.296707E+06  0.395597E+06  0.395596E+06  0.000000E+00  0.296708E+06
  0.267604E-04  0.296707E+06  0.296707E+06  0.395596E+06  0.395595E+06  0.000000E+00  0.296707E+06
  0.276674E-04  0.296707E+06  0.296707E+06  0.395595E+06  0.395593E+06  0.000000E+00  0.296707E+06
  0.286052E-04  0.296707E+06  0.296707E+06  0.395594E+06  0.395592E+06  0.000000E+00  0.296707E+06
  0.295748E-04  0.296707E+06  0.296707E+06  0.395593E+06  0.395591E+06  0.000000E+00  0.296707E+06
  0.305772E-04  0.296707E+06  0.296707E+06  0.395591E+06  0.395590E+06  0.000000E+00  0.296707E+06
  0.316136E-04  0.296707E+06  0.296707E+06  0.395590E+06  0.395588E+06  0.000000E+00  0.296707E+06
  0.326852E-04  0.296707E+06  0.296707E+06  0.395589E+06  0.395587E+06  0.000000E+00  0.296707E+06
  0.337931E-04  0.296707E+06  0.296707E+06  0.395587E+06  0.395585E+06  0.000000E+00  0.296707E+06
  0.349385E-04  0.296707E+06  0.296707E+06  0.395585E+06  0.395583E+06  0.000000E+00  0.296707E+06
  0.361227E-04  0.296707E+06  0.296707E+06  0.395584E+06  0.395581E+06  0.000000E+00  0.296707E+06
  0.373471E-04  0.296707E+06  0.296707E+06  0.395582E+06  0.395579E+06  0.000000E+00  0.296707E+06
  0.386130E-04  0.296707E+06  0.296707E+06  0.395580E+06  0.395577E+06  0.000000E+00  0.296707E+06
  0.399218E-04  0.296707E+06  0.296707E+06  0.395578E+06  0.395575E+06  0.000000E+00  0.296707E+06
  0.412749E-04  0.296707E+06  0.296707E+06  0.395575E+06  0.395572E+06  0.000000E+00  0.296707E+06
  0.426740E-04  0.296707E+06  0.296706E+06  0.395573E+06  0.395570E+06  0.000000E+00  0.296707E+06
  0.441204E-04  0.296706E+06  0.296706E+06  0.395570E+06  0.395567E+06  0.000000E+00  0.296706E+06
  0.456159E-04  0.296706E+06  0.296706E+06  0.395568E+06  0.395564E+06  0.000000E+00  0.296706E+06
  0.471620E-04  0.296706E+06  0.296706E+06  0.395565E+06  0.395561E+06  0.000000E+00  0.296706E+06
  0.487606E-04  0.296706E+06  0.296706E+06  0.395562E+06  0.395557E+06  0.000000E+00  0.296706E+06
  0.504133E-04  0.296706E+06  0.296706E+06  0.395558E+06  0.395553E+06  0.000000E+00  0.296706E+06
  0.521221E-04  0.296706E+06  0.296706E+06  0.395554E+06  0.395549E+06  0.000000E+00  0.296706E+06
  0.538888E-04  0.296706E+06  0.296706E+06  0.395551E+06  0.395545E+06  0.000000E+00  0.296706E+06
  0.557153E-04  0.296706E+06  0.296705E+06  0.395546E+06  0.395541E+06  0.000000E+00  0.296706E+06
  0.576038E-04  0.296705E+06  0.296705E+06  0.395542E+06  0.395536E+06  0.000000E+00  0.296705E+06
  0.595563E-04  0.296705E+06  0.296705E+06  0.395537E+06  0.395531E+06  0.000000E+00  0.296705E+06
  0.615750E-04  0.296705E+06  0.296705E+06  0.395532E+06  0.395525E+06  0.000000E+00  0.296705E+06
  0.636621E-04  0.296705E+06  0.296704E+06  0.395527E+06  0.395519E+06  0.000000E+00  0.296705E+06
  0.658199E-04  0.296705E+06  0.296704E+06  0.395521E+06  0.395513E+06  0.000000E+00  0.296705E+06
  0.680509E-04  0.296704E+06  0.296704E+06  0.395515E+06  0.395506E+06  0.000000E+00  0.296704E+06
  0.703575E-04  0.296704E+06  0.296704E+06  0.395508E+06  0.395499E+06  0.000000E+00  0.296704E+06
  0.727422E-04  0.296704E+06  0.296703E+06  0.395501E+06  0.395491E+06  0.000000E+00  0.296704E+06
  0.752079E-04  0.296704E+06  0.296703E+06  0.395494E+06  0.395483E+06  0.000000E+00  0.296704E+06
  0.777570E-04  0.296703E+06  0.296703E+06  0.395486E+06  0.395474E+06  0.000000E+00  0.296703E+06
  0.803926E-04  0.296703E+06  0.296702E+06  0.395477E+06  0.395465E+06  0.000000E+00  0.296703E+06
  0.831175E-04  0.296703E+06  0.296702E+06  0.395468E+06  0.395455E+06  0.000000E+00  0.296702E+06
  0.859348E-04  0.296702E+06  0.296702E+06  0.395458E+06  0.395444E+06  0.000000E+00  0.296702E+06
  0.888476E-04  0.296702E+06  0.296701E+06  0.395447E+06  0.395433E+06  0.000000E+00  0.296702E+06
  0.918591E-04  0.296701E+06  0.296701E+06  0.395436E+06  0.395420E+06  0.000000E+00  0.296701E+06
  0.949726E-04  0.296701E+06  0.296700E+06  0.395424E+06  0.395407E+06  0.000000E+00  0.296701E+06
  0.981917E-04  0.296700E+06  0.296700E+06  0.395411E+06  0.395393E+06  0.000000E+00  0.296700E+06
  0.101520E-03  0.296700E+06  0.296699E+06  0.395397E+06  0.395378E+06  0.000000E+00  0.296700E+06
  0.104961E-03  0.296699E+06  0.296698E+06  0.395383E+06  0.395362E+06  0.000000E+00  0.296699E+06
  0.108519E-03  0.296699E+06  0.296698E+06  0.395367E+06  0.395345E+06  0.000000E+00  0.296699E+06
  0.112197E-03  0.296698E+06  0.296697E+06  0.395350E+06  0.395327E+06  0.000000E+00  0.296698E+06
  0.116000E-03  0.296697E+06  0.296696E+06  0.395332E+06  0.395307E+06  0.000000E+00  0.296697E+06
  0.119932E-03  0.296697E+06  0.296696E+06  0.395313E+06  0.395286E+06  0.000000E+00  0.296696E+06
  0.123997E-03  0.296696E+06  0.296695E+06  0.395293E+06  0.395264E+06  0.000000E+00  0.296696E+06
  0.128200E-03  0.296695E+06  0.296694E+06  0.395271E+06  0.395240E+06  0.000000E+00  0.296695E+06
  0.132545E-03  0.296694E+06  0.296693E+06  0.395247E+06  0.395215E+06  0.000000E+00  0.296694E+06
  0.137038E-03  0.296693E+06  0.296692E+06  0.395222E+06  0.395187E+06  0.000000E+00  0.296693E+06
  0.141683E-03  0.296692E+06  0.296691E+06  0.395195E+06  0.395158E+06  0.000000E+00  0.296692E+06
  0.146485E-03  0.296691E+06  0.296689E+06  0.395167E+06  0.395127E+06  0.000000E+00  0.296691E+06
  0.151450E-03  0.296690E+06  0.296688E+06  0.395136E+06  0.395094E+06  0.000000E+00  0.296690E+06
  0.156583E-03  0.296689E+06  0.296687E+06  0.395103E+06  0.395058E+06  0.000000E+00  0.296688E+06
  0.161891E-03  0.296687E+06  0.296685E+06  0.395069E+06  0.395020E+06  0.000000E+00  0.296687E+06
  0.167378E-03  0.296686E+06  0.296684E+06  0.395031E+06  0.394979E+06  0.000000E+00  0.296686E+06
  0.173051E-03  0.296684E+06  0.296682E+06  0.394991E+06  0.394936E+06  0.000000E+00  0.296684E+06
  0.178917E-03  0.296683E+06  0.296680E+06  0.394949E+06  0.394889E+06  0.000000E+00  0.296682E+06
  0.184981E-03  0.296681E+06  0.296678E+06  0.394903E+06  0.394840E+06  0.000000E+00  0.296681E+06
  0.191251E-03  0.296679E+06  0.296676E+06  0.394854E+06  0.394786E+06  0.000000E+00  0.296679E+06
  0.197734E-03  0.296677E+06  0.296674E+06  0.394802E+06  0.394730E+06  0.000000E+00  0.296677E+06
  0.204436E-03  0.296675E+06  0.296672E+06  0.394746E+06  0.394669E+06  0.000000E+00  0.296674E+06
  0.211366E-03  0.296673E+06  0.296669E+06  0.394687E+06  0.394604E+06  0.000000E+00  0.296672E+06
  0.218530E-03  0.296670E+06  0.296666E+06  0.394623E+06  0.394535E+06  0.000000E+00  0.296670E+06
  0.225937E-03  0.296668E+06  0.296664E+06  0.394555E+06  0.394461E+06  0.000000E+00  0.296667E+06
  0.233595E-03  0.296665E+06  0.296661E+06  0.394483E+06  0.394382E+06  0.000000E+00  0.296664E+06
  0.241513E-03  0.296662E+06  0.296657E+06  0.394405E+06  0.394297E+06  0.000000E+00  0.296661E+06
  0.249699E-03  0.296659E+06  0.296654E+06  0.394322E+06  0.394207E+06  0.000000E+00  0.296658E+06
  0.258162E-03  0.296655E+06  0.296650E+06  0.394233E+06  0.394110E+06  0.000000E+00  0.296655E+06
  0.266913E-03  0.296652E+06  0.296646E+06  0.394138E+06  0.394007E+06  0.000000E+00  0.296651E+06
  0.275960E-03  0.296648E+06  0.296642E+06  0.394037E+06  0.393896E+06  0.000000E+00  0.296647E+06
  0.285314E-03  0.296644E+06  0.296637E+06  0.393929E+06  0.393778E+06  0.000000E+00  0.296643E+06
  0.294984E-03  0.296639E+06  0.296632E+06  0.393813E+06  0.393652E+06  0.000000E+00  0.296638E+06
  0.304983E-03  0.296635E+06  0.296627E+06  0.393689E+06  0.393518E+06  0.000000E+00  0.296633E+06
  0.315320E-03  0.296630E+06  0.296622E+06  0.393557E+06  0.393374E+06  0.000000E+00  0.296628E+06
  0.326008E-03  0.296624E+06  0.296616E+06  0.393416E+06  0.393220E+06  0.000000E+00  0.296623E+06
  0.337058E-03  0.296618E+06  0.296609E+06  0.393265E+06  0.393056E+06  0.000000E+00  0.296617E+06
  0.348483E-03  0.296612E+06  0.296602E+06  0.393104E+06  0.392880E+06  0.000000E+00  0.296611E+06
  0.360295E-03  0.296606E+06  0.296595E+06  0.392932E+06  0.392693E+06  0.000000E+00  0.296604E+06
  0.372507E-03  0.296598E+06  0.296587E+06  0.392747E+06  0.392492E+06  0.000000E+00  0.296597E+06
  0.385133E-03  0.296591E+06  0.296579E+06  0.392551E+06  0.392278E+06  0.000000E+00  0.296589E+06
  0.398187E-03  0.296583E+06  0.296570E+06  0.392341E+06  0.392049E+06  0.000000E+00  0.296581E+06
  0.411684E-03  0.296574E+06  0.296561E+06  0.392116E+06  0.391805E+06  0.000000E+00  0.296572E+06
  0.425638E-03  0.296565E+06  0.296551E+06  0.391876E+06  0.391543E+06  0.000000E+00  0.296563E+06
  0.440065E-03  0.296555E+06  0.296540E+06  0.391620E+06  0.391264E+06  0.000000E+00  0.296553E+06
  0.454981E-03  0.296545E+06  0.296528E+06  0.391346E+06  0.390966E+06  0.000000E+00  0.296542E+06
  0.470403E-03  0.296533E+06  0.296516E+06  0.391053E+06  0.390648E+06  0.000000E+00  0.296531E+06
  0.486347E-03  0.296521E+06  0.296502E+06  0.390741E+06  0.390308E+06  0.000000E+00  0.296518E+06
  0.502832E-03  0.296508E+06  0.296488E+06  0.390407E+06  0.389945E+06  0.000000E+00  0.296505E+06
  0.519875E-03  0.296495E+06  0.296473E+06  0.390051E+06  0.389557E+06  0.000000E+00  0.296491E+06
  0.537497E-03  0.296480E+06  0.296457E+06  0.389670E+06  0.389143E+06  0.000000E+00  0.296477E+06
  0.555715E-03  0.296464E+06  0.296440E+06  0.389263E+06  0.388700E+06  0.000000E+00  0.296461E+06
  0.574551E-03  0.296448E+06  0.296421E+06  0.388829E+06  0.388228E+06  0.000000E+00  0.296444E+06
  0.594026E-03  0.296430E+06  0.296402E+06  0.388365E+06  0.387724E+06  0.000000E+00  0.296425E+06
  0.614160E-03  0.296411E+06  0.296380E+06  0.387870E+06  0.387185E+06  0.000000E+00  0.296406E+06
  0.634977E-03  0.296390E+06  0.296358E+06  0.387341E+06  0.386611E+06  0.000000E+00  0.296385E+06
  0.656500E-03  0.296368E+06  0.296334E+06  0.386777E+06  0.385997E+06  0.000000E+00  0.296363E+06
  0.678752E-03  0.296345E+06  0.296308E+06  0.386174E+06  0.385342E+06  0.000000E+00  0.296339E+06
  0.701758E-03  0.296320E+06  0.296281E+06  0.385531E+06  0.384643E+06  0.000000E+00  0.296314E+06
  0.725544E-03  0.296293E+06  0.296251E+06  0.384844E+06  0.383897E+06  0.000000E+00  0.296287E+06
  0.750137E-03  0.296265E+06  0.296220E+06  0.384111E+06  0.383102E+06  0.000000E+00  0.296258E+06
  0.775563E-03  0.296234E+06  0.296186E+06  0.383330E+06  0.382253E+06  0.000000E+00  0.296227E+06
  0.801851E-03  0.296202E+06  0.296151E+06  0.382495E+06  0.381347E+06  0.000000E+00  0.296194E+06
  0.829029E-03  0.296167E+06  0.296112E+06  0.381605E+06  0.380381E+06  0.000000E+00  0.296159E+06
  0.857129E-03  0.296130E+06  0.296071E+06  0.380656E+06  0.379351E+06  0.000000E+00  0.296121E+06
  0.886182E-03  0.296090E+06  0.296028E+06  0.379644E+06  0.378253E+06  0.000000E+00  0.296081E+06
  0.916219E-03  0.296048E+06  0.295981E+06  0.378564E+06  0.377082E+06  0.000000E+00  0.296038E+06
  0.947274E-03  0.296003E+06  0.295931E+06  0.377413E+06  0.375834E+06  0.000000E+00  0.295992E+06
  0.979383E-03  0.295954E+06  0.295878E+06  0.376186E+06  0.374504E+06  0.000000E+00  0.295943E+06
  0.101258E-02  0.295903E+06  0.295821E+06  0.374878E+06  0.373088E+06  0.000000E+00  0.295890E+06
  0.104690E-02  0.295848E+06  0.295760E+06  0.373484E+06  0.371579E+06  0.000000E+00  0.295834E+06
  0.108239E-02  0.295789E+06  0.295695E+06  0.371999E+06  0.369972E+06  0.000000E+00  0.295774E+06
  0.111907E-02  0.295726E+06  0.295626E+06  0.370418E+06  0.368261E+06  0.000000E+00  0.295711E+06
  0.115700E-02  0.295659E+06  0.295552E+06  0.368734E+06  0.366441E+06  0.000000E+00  0.295642E+06
  0.119622E-02  0.295587E+06  0.295473E+06  0.366942E+06  0.364504E+06  0.000000E+00  0.295570E+06
  0.123677E-02  0.295511E+06  0.295389E+06  0.365034E+06  0.362443E+06  0.000000E+00  0.295492E+06
  0.127869E-02  0.295429E+06  0.295299E+06  0.363004E+06  0.360253E+06  0.000000E+00  0.295409E+06
  0.132203E-02  0.295342E+06  0.295202E+06  0.360846E+06  0.357924E+06  0.000000E+00  0.295320E+06
  0.136684E-02  0.295249E+06  0.295100E+06  0.358551E+06  0.355450E+06  0.000000E+00  0.295226E+06
  0.141317E-02  0.295149E+06  0.294990E+06  0.356112E+06  0.352823E+06  0.000000E+00  0.295125E+06
  0.146107E-02  0.295043E+06  0.294873E+06  0.353521E+06  0.350035E+06  0.000000E+00  0.295017E+06
  0.151059E-02  0.294930E+06  0.294748E+06  0.350770E+06  0.347076E+06  0.000000E+00  0.294902E+06
  0.156179E-02  0.294809E+06  0.294615E+06  0.347849E+06  0.343939E+06  0.000000E+00  0.294779E+06
  0.161473E-02  0.294681E+06  0.294473E+06  0.344751E+06  0.340614E+06  0.000000E+00  0.294649E+06
  0.166946E-02  0.294543E+06  0.294321E+06  0.341466E+06  0.337092E+06  0.000000E+00  0.294509E+06
  0.172605E-02  0.294397E+06  0.294160E+06  0.337985E+06  0.333364E+06  0.000000E+00  0.294360E+06
  0.178455E-02  0.294241E+06  0.293987E+06  0.334298E+06  0.329420E+06  0.000000E+00  0.294202E+06
  0.184504E-02  0.294074E+06  0.293803E+06  0.330396E+06  0.325252E+06  0.000000E+00  0.294032E+06
  0.190758E-02  0.293897E+06  0.293607E+06  0.326270E+06  0.320850E+06  0.000000E+00  0.293852E+06
  0.197223E-02  0.293708E+06  0.293398E+06  0.321909E+06  0.316205E+06  0.000000E+00  0.293660E+06
  0.203908E-02  0.293506E+06  0.293176E+06  0.317304E+06  0.311307E+06  0.000000E+00  0.293455E+06
  0.210820E-02  0.293292E+06  0.292938E+06  0.312445E+06  0.306149E+06  0.000000E+00  0.293237E+06
  0.217966E-02  0.293063E+06  0.292686E+06  0.307324E+06  0.300722E+06  0.000000E+00  0.293005E+06
  0.225354E-02  0.292820E+06  0.292416E+06  0.301931E+06  0.295018E+06  0.000000E+00  0.292757E+06
  0.232992E-02  0.292560E+06  0.292130E+06  0.296258E+06  0.289031E+06  0.000000E+00  0.292494E+06
  0.240889E-02  0.292285E+06  0.291824E+06  0.290299E+06  0.282755E+06  0.000000E+00  0.292214E+06
  0.249054E-02  0.291991E+06  0.291500E+06  0.284044E+06  0.276184E+06  0.000000E+00  0.291915E+06
  0.257496E-02  0.291679E+06  0.291154E+06  0.277491E+06  0.269317E+06  0.000000E+00  0.291598E+06
  0.266224E-02  0.291348E+06  0.290786E+06  0.270632E+06  0.262150E+06  0.000000E+00  0.291261E+06
  0.275248E-02  0.290995E+06  0.290395E+06  0.263467E+06  0.254685E+06  0.000000E+00  0.290902E+06
  0.284577E-02  0.290620E+06  0.289980E+06  0.255992E+06  0.246922E+06  0.000000E+00  0.290522E+06
  0.294223E-02  0.290223E+06  0.289538E+06  0.248210E+06  0.238868E+06  0.000000E+00  0.290117E+06
  0.304196E-02  0.289800E+06  0.289070E+06  0.240122E+06  0.230528E+06  0.000000E+00  0.289688E+06
  0.314506E-02  0.289352E+06  0.288572E+06  0.231736E+06  0.221914E+06  0.000000E+00  0.289232E+06
  0.325166E-02  0.288877E+06  0.288043E+06  0.223058E+06  0.213038E+06  0.000000E+00  0.288749E+06
  0.336188E-02  0.288374E+06  0.287483E+06  0.214102E+06  0.203920E+06  0.000000E+00  0.288236E+06
  0.347583E-02  0.287840E+06  0.286889E+06  0.204882E+06  0.194578E+06  0.000000E+00  0.287693E+06
  0.359365E-02  0.287275E+06  0.286259E+06  0.195419E+06  0.185041E+06  0.000000E+00  0.287118E+06
  0.371545E-02  0.286677E+06  0.285592E+06  0.185735E+06  0.175336E+06  0.000000E+00  0.286510E+06
  0.384139E-02  0.286044E+06  0.284887E+06  0.175860E+06  0.165500E+06  0.000000E+00  0.285866E+06
  0.397159E-02  0.285376E+06  0.284140E+06  0.165826E+06  0.155571E+06  0.000000E+00  0.285185E+06
  0.410621E-02  0.284670E+06  0.283350E+06  0.155672E+06  0.145594E+06  0.000000E+00  0.284466E+06
  0.424539E-02  0.283925E+06  0.282516E+06  0.145441E+06  0.135619E+06  0.000000E+00  0.283708E+06
  0.438929E-02  0.283140E+06  0.281636E+06  0.135182E+06  0.125698E+06  0.000000E+00  0.282907E+06
  0.453806E-02  0.282312E+06  0.280707E+06  0.124950E+06  0.115891E+06  0.000000E+00  0.282064E+06
  0.469188E-02  0.281440E+06  0.279727E+06  0.114802E+06  0.106257E+06  0.000000E+00  0.281176E+06
  0.485091E-02  0.280523E+06  0.278696E+06  0.104802E+06  0.968624E+05  0.000000E+00  0.280241E+06
  0.501534E-02  0.279560E+06  0.277610E+06  0.950176E+05  0.877726E+05  0.000000E+00  0.279259E+06
  0.518533E-02  0.278548E+06  0.276468E+06  0.855188E+05  0.790546E+05  0.000000E+00  0.278227E+06
  0.536109E-02  0.277486E+06  0.275268E+06  0.763779E+05  0.707744E+05  0.000000E+00  0.277144E+06
  0.554280E-02  0.276374E+06  0.274008E+06  0.676674E+05  0.629953E+05  0.000000E+00  0.276009E+06
  0.573068E-02  0.275210E+06  0.272687E+06  0.594590E+05  0.557759E+05  0.000000E+00  0.274821E+06
  0.592492E-02  0.273993E+06  0.271302E+06  0.518212E+05  0.491681E+05  0.000000E+00  0.273578E+06
  0.612574E-02  0.272721E+06  0.269853E+06  0.448172E+05  0.432146E+05  0.000000E+00  0.272279E+06
  0.633338E-02  0.271395E+06  0.268338E+06  0.385021E+05  0.379467E+05  0.000000E+00  0.270923E+06
  0.654805E-02  0.270012E+06  0.266754E+06  0.329212E+05  0.333818E+05  0.000000E+00  0.269510E+06
  0.677000E-02  0.268573E+06  0.265102E+06  0.281060E+05  0.295214E+05  0.000000E+00  0.268037E+06
  0.699947E-02  0.267077E+06  0.263379E+06  0.240726E+05  0.263495E+05  0.000000E+00  0.266506E+06
  0.723671E-02  0.265523E+06  0.261584E+06  0.208187E+05  0.238315E+05  0.000000E+00  0.264915E+06
  0.748200E-02  0.263911E+06  0.259717E+06  0.183219E+05  0.219134E+05  0.000000E+00  0.263264E+06
  0.773561E-02  0.262241E+06  0.257776E+06  0.165380E+05  0.205233E+05  0.000000E+00  0.261552E+06
  0.799781E-02  0.260512E+06  0.255760E+06  0.154008E+05  0.195725E+05  0.000000E+00  0.259779E+06
  0.826889E-02  0.258725E+06  0.253668E+06  0.148226E+05  0.189592E+05  0.000000E+00  0.257944E+06
  0.854917E-02  0.256878E+06  0.251499E+06  0.146960E+05  0.185728E+05  0.000000E+00  0.256048E+06
  0.883894E-02  0.254974E+06  0.249252E+06  0.148981E+05  0.183000E+05  0.000000E+00  0.254091E+06
  0.913854E-02  0.253010E+06  0.246927E+06  0.152951E+05  0.180315E+05  0.000000E+00  0.252071E+06
  0.944829E-02  0.250987E+06  0.244522E+06  0.157494E+05  0.176698E+05  0.000000E+00  0.249989E+06
  0.976854E-02  0.248905E+06  0.242037E+06  0.161283E+05  0.171372E+05  0.000000E+00  0.247845E+06
  0.100996E-01  0.246764E+06  0.239469E+06  0.163127E+05  0.163824E+05  0.000000E+00  0.245639E+06
  0.104420E-01  0.244564E+06  0.236819E+06  0.162073E+05  0.153860E+05  0.000000E+00  0.243369E+06
  0.107959E-01  0.242304E+06  0.234084E+06  0.157498E+05  0.141637E+05  0.000000E+00  0.241035E+06
  0.111618E-01  0.239984E+06  0.231264E+06  0.149180E+05  0.127648E+05  0.000000E+00  0.238638E+06
  0.115402E-01  0.237603E+06  0.228356E+06  0.137350E+05  0.112679E+05  0.000000E+00  0.236176E+06
  0.119313E-01  0.235161E+06  0.225361E+06  0.122692E+05  0.977127E+04  0.000000E+00  0.233648E+06
  0.123357E-01  0.232658E+06  0.222276E+06  0.106300E+05  0.837957E+04  0.000000E+00  0.231055E+06
  0.127539E-01  0.230092E+06  0.219100E+06  0.895717E+04  0.718830E+04  0.000000E+00  0.228396E+06
  0.131862E-01  0.227464E+06  0.215832E+06  0.740471E+04  0.626754E+04  0.000000E+00  0.225669E+06
  0.136331E-01  0.224773E+06  0.212471E+06  0.612064E+04  0.564825E+04  0.000000E+00  0.222875E+06
  0.140952E-01  0.222019E+06  0.209017E+06  0.522418E+04  0.531422E+04  0.000000E+00  0.220013E+06
  0.145730E-01  0.219202E+06  0.205469E+06  0.478422E+04  0.520233E+04  0.000000E+00  0.217083E+06
  0.150669E-01  0.216321E+06  0.201826E+06  0.000000E+00  0.000000E+00  0.000000E+00  0.214084E+06
  0.155776E-01  0.213376E+06  0.198089E+06  0.000000E+00  0.000000E+00  0.000000E+00  0.211016E+06
  0.161056E-01  0.210367E+06  0.194259E+06  0.000000E+00  0.000000E+00  0.000000E+00  0.207881E+06
  0.166515E-01  0.207296E+06  0.190336E+06  0.000000E+00  0.000000E+00  0.000000E+00  0.204679E+06
  0.172159E-01  0.204163E+06  0.186322E+06  0.000000E+00  0.000000E+00  0.000000E+00  0.201410E+06
  0.177994E-01  0.200968E+06  0.182219E+06  0.000000E+00  0.000000E+00  0.000000E+00  0.198074E+06
  0.184028E-01  0.197711E+06  0.178029E+06  0.000000E+00  0.000000E+00  0.000000E+00  0.194673E+06
  0.190265E-01  0.194394E+06  0.173755E+06  0.000000E+00  0.000000E+00  0.000000E+00  0.191209E+06
  0.196714E-01  0.191018E+06  0.169401E+06  0.000000E+00  0.000000E+00  0.000000E+00  0.187682E+06
  0.203382E-01  0.187584E+06  0.164973E+06  0.000000E+00  0.000000E+00  0.000000E+00  0.184094E+06
  0.210276E-01  0.184094E+06  0.160474E+06  0.000000E+00  0.000000E+00  0.000000E+00  0.180449E+06
  0.217403E-01  0.180551E+06  0.155913E+06  0.000000E+00  0.000000E+00  0.000000E+00  0.176748E+06
  0.224772E-01  0.176956E+06  0.151297E+06  0.000000E+00  0.000000E+00  0.000000E+00  0.172996E+06
  0.232390E-01  0.173312E+06  0.146634E+06  0.000000E+00  0.000000E+00  0.000000E+00  0.169195E+06
  0.240267E-01  0.169624E+06  0.141934E+06  0.000000E+00  0.000000E+00  0.000000E+00  0.165351E+06
  0.248411E-01  0.165894E+06  0.137210E+06  0.000000E+00  0.000000E+00  0.000000E+00  0.161467E+06
  0.256831E-01  0.162127E+06  0.132474E+06  0.000000E+00  0.000000E+00  0.000000E+00  0.157551E+06
  0.265537E-01  0.158328E+06  0.127740E+06  0.000000E+00  0.000000E+00  0.000000E+00  0.153608E+06
  0.274537E-01  0.154503E+06  0.123024E+06  0.000000E+00  0.000000E+00  0.000000E+00  0.149645E+06
  0.283842E-01  0.150658E+06  0.118343E+06  0.000000E+00  0.000000E+00  0.000000E+00  0.145670E+06
  0.293463E-01  0.146799E+06  0.113715E+06  0.000000E+00  0.000000E+00  0.000000E+00  0.141693E+06
  0.303410E-01  0.142934E+06  0.109161E+06  0.000000E+00  0.000000E+00  0.000000E+00  0.137722E+06
  0.313694E-01  0.139072E+06  0.104702E+06  0.000000E+00  0.000000E+00  0.000000E+00  0.133767E+06
  0.324327E-01  0.135221E+06  0.100359E+06  0.000000E+00  0.000000E+00  0.000000E+00  0.129840E+06
  0.335320E-01  0.131390E+06  0.961559E+05  0.000000E+00  0.000000E+00  0.000000E+00  0.125953E+06
  0.346686E-01  0.127591E+06  0.921153E+05  0.000000E+00  0.000000E+00  0.000000E+00  0.122116E+06
  0.358437E-01  0.123832E+06  0.882603E+05  0.000000E+00  0.000000E+00  0.000000E+00  0.118343E+06
  0.370586E-01  0.120126E+06  0.846135E+05  0.000000E+00  0.000000E+00  0.000000E+00  0.114645E+06
  0.383147E-01  0.116465E+06  0.811782E+05  0.000000E+00  0.000000E+00  0.000000E+00  0.111019E+06
  0.396134E-01  0.112866E+06  0.779801E+05  0.000000E+00  0.000000E+00  0.000000E+00  0.107482E+06
  0.409561E-01  0.109349E+06  0.750463E+05  0.000000E+00  0.000000E+00  0.000000E+00  0.104055E+06
  0.423443E-01  0.105929E+06  0.723929E+05  0.000000E+00  0.000000E+00  0.000000E+00  0.100753E+06
  0.437796E-01  0.102614E+06  0.700296E+05  0.000000E+00  0.000000E+00  0.000000E+00  0.975855E+05
  0.452635E-01  0.994132E+05  0.679595E+05  0.000000E+00  0.000000E+00  0.000000E+00  0.945590E+05
  0.467977E-01  0.963298E+05  0.661773E+05  0.000000E+00  0.000000E+00  0.000000E+00  0.916764E+05
  0.483839E-01  0.933651E+05  0.646692E+05  0.000000E+00  0.000000E+00  0.000000E+00  0.889365E+05
  0.500239E-01  0.905165E+05  0.634123E+05  0.000000E+00  0.000000E+00  0.000000E+00  0.863335E+05
  0.517194E-01  0.877792E+05  0.623755E+05  0.000000E+00  0.000000E+00  0.000000E+00  0.838586E+05
  0.534725E-01  0.851461E+05  0.615203E+05  0.000000E+00  0.000000E+00  0.000000E+00  0.814999E+05
  0.552850E-01  0.826101E+05  0.608017E+05  0.000000E+00  0.000000E+00  0.000000E+00  0.792444E+05
  0.571588E-01  0.801655E+05  0.601726E+05  0.000000E+00  0.000000E+00  0.000000E+00  0.770800E+05
  0.590963E-01  0.778146E+05  0.595900E+05  0.000000E+00  0.000000E+00  0.000000E+00  0.750020E+05
  0.610993E-01  0.755980E+05  0.590503E+05  0.000000E+00  0.000000E+00  0.000000E+00  0.730442E+05
  0.631703E-01  0.733849E+05  0.583712E+05  0.000000E+00  0.000000E+00  0.000000E+00  0.710678E+05
  0.653114E-01  0.712093E+05  0.575445E+05  0.000000E+00  0.000000E+00  0.000000E+00  0.691004E+05
  0.675252E-01  0.690538E+05  0.565139E+05  0.000000E+00  0.000000E+00  0.000000E+00  0.671185E+05
  0.698139E-01  0.669016E+05  0.552323E+05  0.000000E+00  0.000000E+00  0.000000E+00  0.651006E+05
  0.721803E-01  0.647380E+05  0.536661E+05  0.000000E+00  0.000000E+00  0.000000E+00  0.630292E+05
  0.746268E-01  0.625527E+05  0.518007E+05  0.000000E+00  0.000000E+00  0.000000E+00  0.608933E+05
  0.771564E-01  0.603416E+05  0.496446E+05  0.000000E+00  0.000000E+00  0.000000E+00  0.586907E+05
  0.797716E-01  0.581073E+05  0.472310E+05  0.000000E+00  0.000000E+00  0.000000E+00  0.564287E+05
  0.824755E-01  0.558589E+05  0.446179E+05  0.000000E+00  0.000000E+00  0.000000E+00  0.541241E+05
  0.852709E-01  0.536108E+05  0.418851E+05  0.000000E+00  0.000000E+00  0.000000E+00  0.518012E+05
  0.881612E-01  0.513810E+05  0.391288E+05  0.000000E+00  0.000000E+00  0.000000E+00  0.494901E+05
  0.911495E-01  0.491906E+05  0.364556E+05  0.000000E+00  0.000000E+00  0.000000E+00  0.472252E+05
  0.942390E-01  0.470636E+05  0.339747E+05  0.000000E+00  0.000000E+00  0.000000E+00  0.450436E+05
  0.974333E-01  0.450262E+05  0.317882E+05  0.000000E+00  0.000000E+00  0.000000E+00  0.429832E+05
  0.100736E+00  0.431046E+05  0.299797E+05  0.000000E+00  0.000000E+00  0.000000E+00  0.410790E+05
  0.104150E+00  0.413192E+05  0.285993E+05  0.000000E+00  0.000000E+00  0.000000E+00  0.393561E+05
  0.107680E+00  0.396798E+05  0.276522E+05  0.000000E+00  0.000000E+00  0.000000E+00  0.378236E+05
  0.111330E+00  0.381821E+05  0.270916E+05  0.000000E+00  0.000000E+00  0.000000E+00  0.364705E+05
  0.115104E+00  0.368097E+05  0.268225E+05  0.000000E+00  0.000000E+00  0.000000E+00  0.352683E+05
  0.119005E+00  0.355367E+05  0.267128E+05  0.000000E+00  0.000000E+00  0.000000E+00  0.341749E+05
  0.123039E+00  0.343306E+05  0.266088E+05  0.000000E+00  0.000000E+00  0.000000E+00  0.331389E+05
  0.127209E+00  0.331521E+05  0.263546E+05  0.000000E+00  0.000000E+00  0.000000E+00  0.321030E+05
  0.131521E+00  0.319586E+05  0.258159E+05  0.000000E+00  0.000000E+00  0.000000E+00  0.310106E+05
  0.135979E+00  0.307171E+05  0.249124E+05  0.000000E+00  0.000000E+00  0.000000E+00  0.298213E+05
  0.140588E+00  0.294189E+05  0.236458E+05  0.000000E+00  0.000000E+00  0.000000E+00  0.285279E+05
  0.145353E+00  0.280832E+05  0.221058E+05  0.000000E+00  0.000000E+00  0.000000E+00  0.271607E+05
  0.150280E+00  0.267447E+05  0.204459E+05  0.000000E+00  0.000000E+00  0.000000E+00  0.257726E+05
  0.155374E+00  0.254392E+05  0.188456E+05  0.000000E+00  0.000000E+00  0.000000E+00  0.244216E+05
  0.160640E+00  0.242027E+05  0.174751E+05  0.000000E+00  0.000000E+00  0.000000E+00  0.231644E+05
  0.166085E+00  0.230726E+05  0.164617E+05  0.000000E+00  0.000000E+00  0.000000E+00  0.220524E+05
  0.171715E+00  0.220727E+05  0.158473E+05  0.000000E+00  0.000000E+00  0.000000E+00  0.211119E+05
  0.177535E+00  0.211921E+05  0.155589E+05  0.000000E+00  0.000000E+00  0.000000E+00  0.203227E+05
  0.183553E+00  0.203896E+05  0.154287E+05  0.000000E+00  0.000000E+00  0.000000E+00  0.196240E+05
  0.189774E+00  0.196174E+05  0.152579E+05  0.000000E+00  0.000000E+00  0.000000E+00  0.189446E+05
  0.196206E+00  0.188353E+05  0.148825E+05  0.000000E+00  0.000000E+00  0.000000E+00  0.182253E+05
  0.202857E+00  0.180165E+05  0.142247E+05  0.000000E+00  0.000000E+00  0.000000E+00  0.174313E+05
  0.209733E+00  0.171606E+05  0.133266E+05  0.000000E+00  0.000000E+00  0.000000E+00  0.165689E+05
  0.216842E+00  0.162984E+05  0.123389E+05  0.000000E+00  0.000000E+00  0.000000E+00  0.156874E+05
  0.224192E+00  0.154745E+05  0.114495E+05  0.000000E+00  0.000000E+00  0.000000E+00  0.148534E+05
  0.231791E+00  0.147268E+05  0.107986E+05  0.000000E+00  0.000000E+00  0.000000E+00  0.141205E+05
  0.239647E+00  0.140696E+05  0.104127E+05  0.000000E+00  0.000000E+00  0.000000E+00  0.135052E+05
  0.247770E+00  0.134819E+05  0.101892E+05  0.000000E+00  0.000000E+00  0.000000E+00  0.129737E+05
  0.256168E+00  0.129209E+05  0.995835E+04  0.000000E+00  0.000000E+00  0.000000E+00  0.124637E+05
  0.264851E+00  0.123512E+05  0.958750E+04  0.000000E+00  0.000000E+00  0.000000E+00  0.119247E+05
  0.273828E+00  0.117616E+05  0.905507E+04  0.000000E+00  0.000000E+00  0.000000E+00  0.113439E+05
  0.283110E+00  0.111690E+05  0.845509E+04  0.000000E+00  0.000000E+00  0.000000E+00  0.107501E+05
  0.292706E+00  0.106084E+05  0.792855E+04  0.000000E+00  0.000000E+00  0.000000E+00  0.101948E+05
  0.302627E+00  0.101026E+05  0.755490E+04  0.000000E+00  0.000000E+00  0.000000E+00  0.970940E+04
  0.312884E+00  0.964533E+04  0.729818E+04  0.000000E+00  0.000000E+00  0.000000E+00  0.928310E+04
  0.323490E+00  0.921286E+04  0.705186E+04  0.000000E+00  0.000000E+00  0.000000E+00  0.887935E+04
  0.334454E+00  0.877938E+04  0.673008E+04  0.000000E+00  0.000000E+00  0.000000E+00  0.846311E+04
  0.345791E+00  0.834377E+04  0.634416E+04  0.000000E+00  0.000000E+00  0.000000E+00  0.803517E+04
  0.357512E+00  0.792451E+04  0.597542E+04  0.000000E+00  0.000000E+00  0.000000E+00  0.762370E+04
  0.369629E+00  0.753824E+04  0.568465E+04  0.000000E+00  0.000000E+00  0.000000E+00  0.725217E+04
  0.382158E+00  0.718199E+04  0.545274E+04  0.000000E+00  0.000000E+00  0.000000E+00  0.691512E+04
  0.395111E+00  0.684010E+04  0.521638E+04  0.000000E+00  0.000000E+00  0.000000E+00  0.658951E+04
  0.408504E+00  0.650275E+04  0.494684E+04  0.000000E+00  0.000000E+00  0.000000E+00  0.626263E+04
  0.422350E+00  0.617620E+04  0.467645E+04  0.000000E+00  0.000000E+00  0.000000E+00  0.594474E+04
  0.436666E+00  0.586994E+04  0.444341E+04  0.000000E+00  0.000000E+00  0.000000E+00  0.564979E+04
  0.451466E+00  0.558359E+04  0.424100E+04  0.000000E+00  0.000000E+00  0.000000E+00  0.537639E+04
  0.466769E+00  0.530848E+04  0.403714E+04  0.000000E+00  0.000000E+00  0.000000E+00  0.511228E+04
  0.482590E+00  0.504183E+04  0.382653E+04  0.000000E+00  0.000000E+00  0.000000E+00  0.485427E+04
  0.498948E+00  0.478819E+04  0.362988E+04  0.000000E+00  0.000000E+00  0.000000E+00  0.460943E+04
  0.515859E+00  0.454922E+04  0.345330E+04  0.000000E+00  0.000000E+00  0.000000E+00  0.438009E+04
  0.533344E+00  0.432129E+04  0.328282E+04  0.000000E+00  0.000000E+00  0.000000E+00  0.416102E+04
  0.551422E+00  0.410243E+04  0.311382E+04  0.000000E+00  0.000000E+00  0.000000E+00  0.394986E+04
  0.570113E+00  0.389436E+04  0.295501E+04  0.000000E+00  0.000000E+00  0.000000E+00  0.374939E+04
  0.589437E+00  0.369714E+04  0.280716E+04  0.000000E+00  0.000000E+00  0.000000E+00  0.355979E+04
  0.609416E+00  0.350891E+04  0.266424E+04  0.000000E+00  0.000000E+00  0.000000E+00  0.337855E+04
  0.630072E+00  0.332940E+04  0.252711E+04  0.000000E+00  0.000000E+00  0.000000E+00  0.320558E+04
  0.651428E+00  0.315898E+04  0.239822E+04  0.000000E+00  0.000000E+00  0.000000E+00  0.304157E+04
  0.673509E+00  0.299682E+04  0.227535E+04  0.000000E+00  0.000000E+00  0.000000E+00  0.288548E+04
  0.696337E+00  0.284242E+04  0.215785E+04  0.000000E+00  0.000000E+00  0.000000E+00  0.273677E+04
  0.719940E+00  0.269570E+04  0.204661E+04  0.000000E+00  0.000000E+00  0.000000E+00  0.259552E+04
  0.744342E+00  0.255619E+04  0.194077E+04  0.000000E+00  0.000000E+00  0.000000E+00  0.246121E+04
  0.769572E+00  0.242352E+04  0.184001E+04  0.000000E+00  0.000000E+00  0.000000E+00  0.233347E+04
  0.795656E+00  0.229745E+04  0.174436E+04  0.000000E+00  0.000000E+00  0.000000E+00  0.221209E+04
  0.822625E+00  0.217761E+04  0.165337E+04  0.000000E+00  0.000000E+00  0.000000E+00  0.209671E+04
  0.850508E+00  0.206376E+04  0.156695E+04  0.000000E+00  0.000000E+00  0.000000E+00  0.198708E+04
  0.879336E+00  0.195558E+04  0.148483E+04  0.000000E+00  0.000000E+00  0.000000E+00  0.188293E+04
  0.909141E+00  0.185284E+04  0.140683E+04  0.000000E+00  0.000000E+00  0.000000E+00  0.178401E+04
  0.939957E+00  0.175530E+04  0.133279E+04  0.000000E+00  0.000000E+00  0.000000E+00  0.169009E+04
  0.971817E+00  0.166268E+04  0.126248E+04  0.000000E+00  0.000000E+00  0.000000E+00  0.160092E+04
  0.100476E+01  0.157475E+04  0.119573E+04  0.000000E+00  0.000000E+00  0.000000E+00  0.151625E+04
  0.103881E+01  0.149130E+04  0.113237E+04  0.000000E+00  0.000000E+00  0.000000E+00  0.143590E+04
  0.107402E+01  0.141208E+04  0.107223E+04  0.000000E+00  0.000000E+00  0.000000E+00  0.135963E+04
  0.111043E+01  0.133692E+04  0.101517E+04  0.000000E+00  0.000000E+00  0.000000E+00  0.128726E+04
  0.114807E+01  0.126560E+04  0.961021E+03  0.000000E+00  0.000000E+00  0.000000E+00  0.121859E+04
  0.118698E+01  0.119797E+04  0.909672E+03  0.000000E+00  0.000000E+00  0.000000E+00  0.115347E+04
  0.122721E+01  0.113382E+04  0.860971E+03  0.000000E+00  0.000000E+00  0.000000E+00  0.109171E+04
  0.126881E+01  0.107299E+04  0.814785E+03  0.000000E+00  0.000000E+00  0.000000E+00  0.103314E+04
  0.131182E+01  0.101531E+04  0.770993E+03  0.000000E+00  0.000000E+00  0.000000E+00  0.977606E+03
  0.135628E+01  0.960627E+03  0.729474E+03  0.000000E+00  0.000000E+00  0.000000E+00  0.924953E+03
  0.140225E+01  0.908792E+03  0.690117E+03  0.000000E+00  0.000000E+00  0.000000E+00  0.875044E+03
  0.144978E+01  0.859664E+03  0.652814E+03  0.000000E+00  0.000000E+00  0.000000E+00  0.827741E+03
  0.149892E+01  0.813110E+03  0.617465E+03  0.000000E+00  0.000000E+00  0.000000E+00  0.782916E+03
  0.154973E+01  0.769000E+03  0.583973E+03  0.000000E+00  0.000000E+00  0.000000E+00  0.740445E+03
  0.160226E+01  0.727210E+03  0.552241E+03  0.000000E+00  0.000000E+00  0.000000E+00  0.700207E+03
  0.165656E+01  0.687628E+03  0.522187E+03  0.000000E+00  0.000000E+00  0.000000E+00  0.662095E+03
  0.171271E+01  0.650135E+03  0.493718E+03  0.000000E+00  0.000000E+00  0.000000E+00  0.625995E+03
  0.177077E+01  0.614627E+03  0.466755E+03  0.000000E+00  0.000000E+00  0.000000E+00  0.591806E+03
  0.183079E+01  0.581002E+03  0.441222E+03  0.000000E+00  0.000000E+00  0.000000E+00  0.559430E+03
  0.189284E+01  0.549168E+03  0.417049E+03  0.000000E+00  0.000000E+00  0.000000E+00  0.528778E+03
  0.195700E+01  0.519031E+03  0.394165E+03  0.000000E+00  0.000000E+00  0.000000E+00  0.499761E+03
  0.202333E+01  0.490507E+03  0.372505E+03  0.000000E+00  0.000000E+00  0.000000E+00  0.472296E+03
  0.209191E+01  0.463507E+03  0.352002E+03  0.000000E+00  0.000000E+00  0.000000E+00  0.446298E+03
  0.216282E+01  0.437955E+03  0.332599E+03  0.000000E+00  0.000000E+00  0.000000E+00  0.421695E+03
  0.223613E+01  0.413775E+03  0.314237E+03  0.000000E+00  0.000000E+00  0.000000E+00  0.398413E+03
  0.231192E+01  0.390899E+03  0.296865E+03  0.000000E+00  0.000000E+00  0.000000E+00  0.376387E+03
  0.239028E+01  0.369257E+03  0.280431E+03  0.000000E+00  0.000000E+00  0.000000E+00  0.355549E+03
  0.247130E+01  0.348785E+03  0.264884E+03  0.000000E+00  0.000000E+00  0.000000E+00  0.335836E+03
  0.255507E+01  0.329419E+03  0.250178E+03  0.000000E+00  0.000000E+00  0.000000E+00  0.317190E+03
  0.264167E+01  0.311105E+03  0.236270E+03  0.000000E+00  0.000000E+00  0.000000E+00  0.299555E+03
  0.273121E+01  0.293787E+03  0.223119E+03  0.000000E+00  0.000000E+00  0.000000E+00  0.282881E+03
  0.282379E+01  0.277411E+03  0.210683E+03  0.000000E+00  0.000000E+00  0.000000E+00  0.267113E+03
  0.291950E+01  0.261927E+03  0.198924E+03  0.000000E+00  0.000000E+00  0.000000E+00  0.252204E+03
  0.301846E+01  0.247289E+03  0.187807E+03  0.000000E+00  0.000000E+00  0.000000E+00  0.238109E+03
  0.312077E+01  0.233452E+03  0.177299E+03  0.000000E+00  0.000000E+00  0.000000E+00  0.224786E+03
  0.322655E+01  0.220373E+03  0.167367E+03  0.000000E+00  0.000000E+00  0.000000E+00  0.212193E+03
  0.333591E+01  0.208012E+03  0.157979E+03  0.000000E+00  0.000000E+00  0.000000E+00  0.200290E+03
  0.344898E+01  0.196330E+03  0.149107E+03  0.000000E+00  0.000000E+00  0.000000E+00  0.189042E+03
  0.356588E+01  0.185291E+03  0.140724E+03  0.000000E+00  0.000000E+00  0.000000E+00  0.178413E+03
  0.368675E+01  0.174861E+03  0.132803E+03  0.000000E+00  0.000000E+00  0.000000E+00  0.168370E+03
  0.381172E+01  0.165006E+03  0.125319E+03  0.000000E+00  0.000000E+00  0.000000E+00  0.158881E+03
  0.394091E+01  0.155697E+03  0.118249E+03  0.000000E+00  0.000000E+00  0.000000E+00  0.149918E+03
  0.407449E+01  0.146903E+03  0.111570E+03  0.000000E+00  0.000000E+00  0.000000E+00  0.141450E+03
  0.421259E+01  0.138596E+03  0.105261E+03  0.000000E+00  0.000000E+00  0.000000E+00  0.133452E+03
  0.435538E+01  0.130751E+03  0.993034E+02  0.000000E+00  0.000000E+00  0.000000E+00  0.125898E+03
  0.450301E+01  0.123342E+03  0.936765E+02  0.000000E+00  0.000000E+00  0.000000E+00  0.118764E+03
  0.465564E+01  0.116346E+03  0.883626E+02  0.000000E+00  0.000000E+00  0.000000E+00  0.112027E+03
  0.481344E+01  0.109739E+03  0.833452E+02  0.000000E+00  0.000000E+00  0.000000E+00  0.105666E+03
  0.497659E+01  0.103502E+03  0.786079E+02  0.000000E+00  0.000000E+00  0.000000E+00  0.996598E+02
  0.514527E+01  0.976127E+02  0.741353E+02  0.000000E+00  0.000000E+00  0.000000E+00  0.939894E+02
  0.531968E+01  0.920531E+02  0.699128E+02  0.000000E+00  0.000000E+00  0.000000E+00  0.886361E+02
  0.549998E+01  0.868053E+02  0.659272E+02  0.000000E+00  0.000000E+00  0.000000E+00  0.835832E+02
  0.568641E+01  0.818518E+02  0.621650E+02  0.000000E+00  0.000000E+00  0.000000E+00  0.788136E+02
  0.587915E+01  0.771765E+02  0.586141E+02  0.000000E+00  0.000000E+00  0.000000E+00  0.743118E+02
  0.607843E+01  0.727641E+02  0.552629E+02  0.000000E+00  0.000000E+00  0.000000E+00  0.700631E+02
  0.628446E+01  0.686002E+02  0.521004E+02  0.000000E+00  0.000000E+00  0.000000E+00  0.660538E+02
  0.649747E+01  0.646710E+02  0.491161E+02  0.000000E+00  0.000000E+00  0.000000E+00  0.622704E+02
  0.671770E+01  0.609634E+02  0.463001E+02  0.000000E+00  0.000000E+00  0.000000E+00  0.587004E+02
  0.694539E+01  0.574656E+02  0.436434E+02  0.000000E+00  0.000000E+00  0.000000E+00  0.553324E+02
  0.718081E+01  0.541653E+02  0.411368E+02  0.000000E+00  0.000000E+00  0.000000E+00  0.521546E+02
  0.742420E+01  0.510519E+02  0.387721E+02  0.000000E+00  0.000000E+00  0.000000E+00  0.491568E+02
  0.767585E+01  0.481150E+02  0.365415E+02  0.000000E+00  0.000000E+00  0.000000E+00  0.463289E+02
  0.793602E+01  0.453448E+02  0.344374E+02  0.000000E+00  0.000000E+00  0.000000E+00  0.436614E+02
  0.820502E+01  0.427318E+02  0.324528E+02  0.000000E+00  0.000000E+00  0.000000E+00  0.411454E+02
  0.848312E+01  0.402675E+02  0.305810E+02  0.000000E+00  0.000000E+00  0.000000E+00  0.387726E+02
  0.877066E+01  0.379433E+02  0.288157E+02  0.000000E+00  0.000000E+00  0.000000E+00  0.365347E+02
  0.906794E+01  0.357516E+02  0.271511E+02  0.000000E+00  0.000000E+00  0.000000E+00  0.344243E+02
  0.937530E+01  0.336849E+02  0.255813E+02  0.000000E+00  0.000000E+00  0.000000E+00  0.324342E+02
  0.969308E+01  0.317361E+02  0.241011E+02  0.000000E+00  0.000000E+00  0.000000E+00  0.305578E+02
  0.100216E+02  0.298986E+02  0.227054E+02  0.000000E+00  0.000000E+00  0.000000E+00  0.287885E+02
  0.103613E+02  0.281663E+02  0.213896E+02  0.000000E+00  0.000000E+00  0.000000E+00  0.271204E+02
  0.107125E+02  0.265331E+02  0.201491E+02  0.000000E+00  0.000000E+00  0.000000E+00  0.255478E+02
  0.110756E+02  0.249934E+02  0.189796E+02  0.000000E+00  0.000000E+00  0.000000E+00  0.240653E+02
  0.114510E+02  0.235421E+02  0.178772E+02  0.000000E+00  0.000000E+00  0.000000E+00  0.226678E+02
  0.118392E+02  0.221740E+02  0.168381E+02  0.000000E+00  0.000000E+00  0.000000E+00  0.213505E+02
  0.122404E+02  0.208845E+02  0.158587E+02  0.000000E+00  0.000000E+00  0.000000E+00  0.201089E+02
  0.126553E+02  0.196692E+02  0.149355E+02  0.000000E+00  0.000000E+00  0.000000E+00  0.189386E+02
  0.130843E+02  0.185238E+02  0.140655E+02  0.000000E+00  0.000000E+00  0.000000E+00  0.178358E+02
  0.135278E+02  0.174443E+02  0.132456E+02  0.000000E+00  0.000000E+00  0.000000E+00  0.167963E+02
  0.139863E+02  0.164271E+02  0.124729E+02  0.000000E+00  0.000000E+00  0.000000E+00  0.158169E+02
  0.144604E+02  0.154686E+02  0.117448E+02  0.000000E+00  0.000000E+00  0.000000E+00  0.148939E+02
  0.149505E+02  0.145654E+02  0.110587E+02  0.000000E+00  0.000000E+00  0.000000E+00  0.140242E+02
  0.154573E+02  0.137143E+02  0.104123E+02  0.000000E+00  0.000000E+00  0.000000E+00  0.132047E+02
  0.159812E+02  0.129125E+02  0.980322E+01  0.000000E+00  0.000000E+00  0.000000E+00  0.124327E+02
  0.165229E+02  0.121571E+02  0.922941E+01  0.000000E+00  0.000000E+00  0.000000E+00  0.117053E+02
  0.170829E+02  0.114454E+02  0.868881E+01  0.000000E+00  0.000000E+00  0.000000E+00  0.110200E+02
  0.176619E+02  0.107750E+02  0.817955E+01  0.000000E+00  0.000000E+00  0.000000E+00  0.103745E+02
  0.182606E+02  0.101435E+02  0.769982E+01  0.000000E+00  0.000000E+00  0.000000E+00  0.976635E+01
  0.188795E+02  0.954860E+01  0.724793E+01  0.000000E+00  0.000000E+00  0.000000E+00  0.919354E+01
  0.195195E+02  0.898827E+01  0.682229E+01  0.000000E+00  0.000000E+00  0.000000E+00  0.865399E+01
  0.201811E+02  0.846051E+01  0.642138E+01  0.000000E+00  0.000000E+00  0.000000E+00  0.814581E+01
  0.208651E+02  0.796344E+01  0.604379E+01  0.000000E+00  0.000000E+00  0.000000E+00  0.766718E+01
  0.215723E+02  0.749531E+01  0.568818E+01  0.000000E+00  0.000000E+00  0.000000E+00  0.721641E+01
  0.223035E+02  0.705444E+01  0.535327E+01  0.000000E+00  0.000000E+00  0.000000E+00  0.679190E+01
  0.230595E+02  0.663928E+01  0.503789E+01  0.000000E+00  0.000000E+00  0.000000E+00  0.639213E+01
  0.238411E+02  0.624831E+01  0.474089E+01  0.000000E+00  0.000000E+00  0.000000E+00  0.601567E+01
  0.246492E+02  0.588019E+01  0.446123E+01  0.000000E+00  0.000000E+00  0.000000E+00  0.566120E+01
  0.254847E+02  0.553354E+01  0.419790E+01  0.000000E+00  0.000000E+00  0.000000E+00  0.532741E+01
  0.263485E+02  0.520716E+01  0.394995E+01  0.000000E+00  0.000000E+00  0.000000E+00  0.501313E+01
  0.272416E+02  0.489987E+01  0.371651E+01  0.000000E+00  0.000000E+00  0.000000E+00  0.471724E+01
  0.281650E+02  0.461056E+01  0.349672E+01  0.000000E+00  0.000000E+00  0.000000E+00  0.443866E+01
  0.291196E+02  0.433819E+01  0.328980E+01  0.000000E+00  0.000000E+00  0.000000E+00  0.417639E+01
  0.301066E+02  0.408177E+01  0.309499E+01  0.000000E+00  0.000000E+00  0.000000E+00  0.392948E+01
  0.311271E+02  0.384039E+01  0.291161E+01  0.000000E+00  0.000000E+00  0.000000E+00  0.369705E+01
  0.321822E+02  0.361317E+01  0.273898E+01  0.000000E+00  0.000000E+00  0.000000E+00  0.347825E+01
  0.332730E+02  0.339928E+01  0.257648E+01  0.000000E+00  0.000000E+00  0.000000E+00  0.327230E+01
  0.344008E+02  0.319795E+01  0.242352E+01  0.000000E+00  0.000000E+00  0.000000E+00  0.307844E+01
  0.355668E+02  0.300846E+01  0.227955E+01  0.000000E+00  0.000000E+00  0.000000E+00  0.289597E+01
  0.367723E+02  0.283011E+01  0.214404E+01  0.000000E+00  0.000000E+00  0.000000E+00  0.272423E+01
  0.380187E+02  0.266225E+01  0.201651E+01  0.000000E+00  0.000000E+00  0.000000E+00  0.256259E+01
  0.393074E+02  0.250427E+01  0.189647E+01  0.000000E+00  0.000000E+00  0.000000E+00  0.241046E+01
  0.406397E+02  0.235559E+01  0.178351E+01  0.000000E+00  0.000000E+00  0.000000E+00  0.226730E+01
  0.420172E+02  0.221567E+01  0.167719E+01  0.000000E+00  0.000000E+00  0.000000E+00  0.213257E+01
  0.434414E+02  0.208401E+01  0.157715E+01  0.000000E+00  0.000000E+00  0.000000E+00  0.200578E+01
  0.449138E+02  0.196011E+01  0.148300E+01  0.000000E+00  0.000000E+00  0.000000E+00  0.188648E+01
  0.464362E+02  0.184352E+01  0.139441E+01  0.000000E+00  0.000000E+00  0.000000E+00  0.177421E+01
  0.480101E+02  0.173382E+01  0.131105E+01  0.000000E+00  0.000000E+00  0.000000E+00  0.166858E+01
  0.496375E+02  0.163060E+01  0.123262E+01  0.000000E+00  0.000000E+00  0.000000E+00  0.156918E+01
  0.513199E+02  0.153349E+01  0.115881E+01  0.000000E+00  0.000000E+00  0.000000E+00  0.147566E+01
  0.530594E+02  0.144211E+01  0.108937E+01  0.000000E+00  0.000000E+00  0.000000E+00  0.138767E+01
  0.548579E+02  0.135615E+01  0.102404E+01  0.000000E+00  0.000000E+00  0.000000E+00  0.130489E+01
  0.567173E+02  0.127527E+01  0.962576E+00  0.000000E+00  0.000000E+00  0.000000E+00  0.122701E+01
  0.586397E+02  0.119918E+01  0.904750E+00  0.000000E+00  0.000000E+00  0.000000E+00  0.115374E+01
  0.606273E+02  0.112761E+01  0.850348E+00  0.000000E+00  0.000000E+00  0.000000E+00  0.108482E+01
  0.626823E+02  0.106027E+01  0.799170E+00  0.000000E+00  0.000000E+00  0.000000E+00  0.101998E+01
  0.648069E+02  0.996932E+00  0.751026E+00  0.000000E+00  0.000000E+00  0.000000E+00  0.958981E+00
  0.670036E+02  0.937350E+00  0.705737E+00  0.000000E+00  0.000000E+00  0.000000E+00  0.901605E+00
  0.692747E+02  0.881308E+00  0.663136E+00  0.000000E+00  0.000000E+00  0.000000E+00  0.847637E+00
  0.716227E+02  0.828592E+00  0.623063E+00  0.000000E+00  0.000000E+00  0.000000E+00  0.796873E+00
  0.740504E+02  0.779011E+00  0.585371E+00  0.000000E+00  0.000000E+00  0.000000E+00  0.749127E+00
  0.765604E+02  0.732377E+00  0.549917E+00  0.000000E+00  0.000000E+00  0.000000E+00  0.704218E+00
  0.791553E+02  0.688517E+00  0.516571E+00  0.000000E+00  0.000000E+00  0.000000E+00  0.661981E+00
  0.818384E+02  0.647267E+00  0.485208E+00  0.000000E+00  0.000000E+00  0.000000E+00  0.622256E+00
  0.846122E+02  0.608473E+00  0.455710E+00  0.000000E+00  0.000000E+00  0.000000E+00  0.584897E+00
  0.874802E+02  0.571988E+00  0.427968E+00  0.000000E+00  0.000000E+00  0.000000E+00  0.549762E+00
  0.904453E+02  0.537679E+00  0.401877E+00  0.000000E+00  0.000000E+00  0.000000E+00  0.516720E+00
  0.935109E+02  0.505414E+00  0.377341E+00  0.000000E+00  0.000000E+00  0.000000E+00  0.485649E+00
  0.966806E+02  0.475072E+00  0.354265E+00  0.000000E+00  0.000000E+00  0.000000E+00  0.456428E+00
  0.999576E+02  0.446542E+00  0.332565E+00  0.000000E+00  0.000000E+00  0.000000E+00  0.428952E+00
  0.103346E+03  0.419714E+00  0.312159E+00  0.000000E+00  0.000000E+00  0.000000E+00  0.403115E+00
  0.106849E+03  0.394487E+00  0.292970E+00  0.000000E+00  0.000000E+00  0.000000E+00  0.378820E+00
  0.110470E+03  0.370768E+00  0.274926E+00  0.000000E+00  0.000000E+00  0.000000E+00  0.355976E+00
  0.114215E+03  0.348466E+00  0.257960E+00  0.000000E+00  0.000000E+00  0.000000E+00  0.334498E+00
  0.118086E+03  0.327497E+00  0.242007E+00  0.000000E+00  0.000000E+00  0.000000E+00  0.314303E+00
  0.122089E+03  0.307781E+00  0.227006E+00  0.000000E+00  0.000000E+00  0.000000E+00  0.295315E+00
  0.126227E+03  0.289246E+00  0.212902E+00  0.000000E+00  0.000000E+00  0.000000E+00  0.277464E+00
  0.130505E+03  0.271820E+00  0.199641E+00  0.000000E+00  0.000000E+00  0.000000E+00  0.260681E+00
  0.134928E+03  0.255437E+00  0.187174E+00  0.000000E+00  0.000000E+00  0.000000E+00  0.244902E+00
  0.139502E+03  0.240035E+00  0.175452E+00  0.000000E+00  0.000000E+00  0.000000E+00  0.230068E+00
  0.144230E+03  0.225556E+00  0.164433E+00  0.000000E+00  0.000000E+00  0.000000E+00  0.216123E+00
  0.149119E+03  0.211945E+00  0.154073E+00  0.000000E+00  0.000000E+00  0.000000E+00  0.203013E+00
  0.154173E+03  0.199150E+00  0.144334E+00  0.000000E+00  0.000000E+00  0.000000E+00  0.190690E+00
  0.159399E+03  0.187122E+00  0.135179E+00  0.000000E+00  0.000000E+00  0.000000E+00  0.179105E+00
  0.164802E+03  0.175816E+00  0.126573E+00  0.000000E+00  0.000000E+00  0.000000E+00  0.168216E+00
  0.170388E+03  0.165188E+00  0.118483E+00  0.000000E+00  0.000000E+00  0.000000E+00  0.157980E+00
  0.176164E+03  0.155199E+00  0.110880E+00  0.000000E+00  0.000000E+00  0.000000E+00  0.148359E+00
  0.182135E+03  0.145809E+00  0.103733E+00  0.000000E+00  0.000000E+00  0.000000E+00  0.139316E+00
  0.188308E+03  0.136984E+00  0.970164E-01  0.000000E+00  0.000000E+00  0.000000E+00  0.130816E+00
  0.194691E+03  0.128690E+00  0.907040E-01  0.000000E+00  0.000000E+00  0.000000E+00  0.122827E+00
  0.201290E+03  0.120893E+00  0.847716E-01  0.000000E+00  0.000000E+00  0.000000E+00  0.115319E+00
