    0.10880E-04    0.99765E+00
    0.11249E-04    0.10302E+01
    0.11630E-04    0.10638E+01
    0.12024E-04    0.10984E+01
    0.12432E-04    0.11342E+01
    0.12853E-04    0.11712E+01
    0.13289E-04    0.12094E+01
    0.13739E-04    0.12488E+01
    0.14205E-04    0.12895E+01
    0.14686E-04    0.13316E+01
    0.15184E-04    0.13750E+01
    0.15699E-04    0.14198E+01
    0.16231E-04    0.14661E+01
    0.16781E-04    0.15139E+01
    0.17350E-04    0.15632E+01
    0.17938E-04    0.16142E+01
    0.18546E-04    0.16668E+01
    0.19175E-04    0.17212E+01
    0.19825E-04    0.17773E+01
    0.20497E-04    0.18352E+01
    0.21191E-04    0.18950E+01
    0.21910E-04    0.19568E+01
    0.22652E-04    0.20206E+01
    0.23420E-04    0.20865E+01
    0.24214E-04    0.21545E+01
    0.25035E-04    0.22247E+01
    0.25883E-04    0.22973E+01
    0.26760E-04    0.23722E+01
    0.27667E-04    0.24495E+01
    0.28605E-04    0.25293E+01
    0.29575E-04    0.26118E+01
    0.30577E-04    0.26969E+01
    0.31614E-04    0.27848E+01
    0.32685E-04    0.28756E+01
    0.33793E-04    0.29694E+01
    0.34938E-04    0.30662E+01
    0.36123E-04    0.31661E+01
    0.37347E-04    0.32693E+01
    0.38613E-04    0.33759E+01
    0.39922E-04    0.34860E+01
    0.41275E-04    0.35996E+01
    0.42674E-04    0.37169E+01
    0.44120E-04    0.38381E+01
    0.45616E-04    0.39632E+01
    0.47162E-04    0.40924E+01
    0.48761E-04    0.42258E+01
    0.50413E-04    0.43636E+01
    0.52122E-04    0.45058E+01
    0.53889E-04    0.46527E+01
    0.55715E-04    0.48044E+01
    0.57604E-04    0.49610E+01
    0.59556E-04    0.51227E+01
    0.61575E-04    0.52897E+01
    0.63662E-04    0.54621E+01
    0.65820E-04    0.56401E+01
    0.68051E-04    0.58240E+01
    0.70357E-04    0.60138E+01
    0.72742E-04    0.62098E+01
    0.75208E-04    0.64122E+01
    0.77757E-04    0.66212E+01
    0.80393E-04    0.68370E+01
    0.83118E-04    0.70599E+01
    0.85935E-04    0.72900E+01
    0.88848E-04    0.75276E+01
    0.91859E-04    0.77729E+01
    0.94973E-04    0.80262E+01
    0.98192E-04    0.82878E+01
    0.10152E-03    0.85579E+01
    0.10496E-03    0.88368E+01
    0.10852E-03    0.91248E+01
    0.11220E-03    0.94222E+01
    0.11600E-03    0.97292E+01
    0.11993E-03    0.10046E+02
    0.12400E-03    0.10374E+02
    0.12820E-03    0.10712E+02
    0.13255E-03    0.11061E+02
    0.13704E-03    0.11421E+02
    0.14168E-03    0.11793E+02
    0.14648E-03    0.12177E+02
    0.15145E-03    0.12574E+02
    0.15658E-03    0.12984E+02
    0.16189E-03    0.13407E+02
    0.16738E-03    0.13843E+02
    0.17305E-03    0.14294E+02
    0.17892E-03    0.14760E+02
    0.18498E-03    0.15240E+02
    0.19125E-03    0.15737E+02
    0.19773E-03    0.16249E+02
    0.20444E-03    0.16778E+02
    0.21137E-03    0.17324E+02
    0.21853E-03    0.17888E+02
    0.22594E-03    0.18471E+02
    0.23360E-03    0.19072E+02
    0.24151E-03    0.19692E+02
    0.24970E-03    0.20333E+02
    0.25816E-03    0.20995E+02
    0.26691E-03    0.21678E+02
    0.27596E-03    0.22383E+02
    0.28531E-03    0.23111E+02
    0.29498E-03    0.23862E+02
    0.30498E-03    0.24638E+02
    0.31532E-03    0.25439E+02
    0.32601E-03    0.26266E+02
    0.33706E-03    0.27119E+02
    0.34848E-03    0.28000E+02
    0.36029E-03    0.28909E+02
    0.37251E-03    0.29848E+02
    0.38513E-03    0.30816E+02
    0.39819E-03    0.31816E+02
    0.41168E-03    0.32848E+02
    0.42564E-03    0.33914E+02
    0.44006E-03    0.35013E+02
    0.45498E-03    0.36147E+02
    0.47040E-03    0.37318E+02
    0.48635E-03    0.38526E+02
    0.50283E-03    0.39773E+02
    0.51988E-03    0.41059E+02
    0.53750E-03    0.42386E+02
    0.55572E-03    0.43756E+02
    0.57455E-03    0.45169E+02
    0.59403E-03    0.46626E+02
    0.61416E-03    0.48129E+02
    0.63498E-03    0.49680E+02
    0.65650E-03    0.51280E+02
    0.67875E-03    0.52929E+02
    0.70176E-03    0.54631E+02
    0.72554E-03    0.56385E+02
    0.75014E-03    0.58194E+02
    0.77556E-03    0.60058E+02
    0.80185E-03    0.61981E+02
    0.82903E-03    0.63962E+02
    0.85713E-03    0.66005E+02
    0.88618E-03    0.68109E+02
    0.91622E-03    0.70278E+02
    0.94727E-03    0.72513E+02
    0.97938E-03    0.74814E+02
    0.10126E-02    0.77185E+02
    0.10469E-02    0.79627E+02
    0.10824E-02    0.82141E+02
    0.11191E-02    0.84729E+02
    0.11570E-02    0.87393E+02
    0.11962E-02    0.90135E+02
    0.12368E-02    0.92957E+02
    0.12787E-02    0.95859E+02
    0.13220E-02    0.98844E+02
    0.13668E-02    0.10191E+03
    0.14132E-02    0.10507E+03
    0.14611E-02    0.10831E+03
    0.15106E-02    0.11165E+03
    0.15618E-02    0.11507E+03
    0.16147E-02    0.11859E+03
    0.16695E-02    0.12220E+03
    0.17260E-02    0.12591E+03
    0.17846E-02    0.12971E+03
    0.18450E-02    0.13362E+03
    0.19076E-02    0.13762E+03
    0.19722E-02    0.14173E+03
    0.20391E-02    0.14594E+03
    0.21082E-02    0.15025E+03
    0.21797E-02    0.15467E+03
    0.22535E-02    0.15919E+03
    0.23299E-02    0.16382E+03
    0.24089E-02    0.16856E+03
    0.24905E-02    0.17341E+03
    0.25750E-02    0.17837E+03
    0.26622E-02    0.18344E+03
    0.27525E-02    0.18861E+03
    0.28458E-02    0.19390E+03
    0.29422E-02    0.19930E+03
    0.30420E-02    0.20481E+03
    0.31451E-02    0.21042E+03
    0.32517E-02    0.21615E+03
    0.33619E-02    0.22198E+03
    0.34758E-02    0.22792E+03
    0.35936E-02    0.23396E+03
    0.37155E-02    0.24011E+03
    0.38414E-02    0.24635E+03
    0.39716E-02    0.25270E+03
    0.41062E-02    0.25914E+03
    0.42454E-02    0.26568E+03
    0.43893E-02    0.27230E+03
    0.45381E-02    0.27901E+03
    0.46919E-02    0.28580E+03
    0.48509E-02    0.29266E+03
    0.50153E-02    0.29960E+03
    0.51853E-02    0.30660E+03
    0.53611E-02    0.31367E+03
    0.55428E-02    0.32079E+03
    0.57307E-02    0.32795E+03
    0.59249E-02    0.33516E+03
    0.61257E-02    0.34240E+03
    0.63334E-02    0.34966E+03
    0.65481E-02    0.35694E+03
    0.67700E-02    0.36422E+03
    0.69995E-02    0.37150E+03
    0.72367E-02    0.37877E+03
    0.74820E-02    0.38601E+03
    0.77356E-02    0.39321E+03
    0.79978E-02    0.40037E+03
    0.82689E-02    0.40746E+03
    0.85492E-02    0.41449E+03
    0.88389E-02    0.42142E+03
    0.91385E-02    0.42826E+03
    0.94483E-02    0.43497E+03
    0.97685E-02    0.44156E+03
    0.10100E-01    0.44800E+03
    0.10442E-01    0.45428E+03
    0.10796E-01    0.46038E+03
    0.11162E-01    0.46629E+03
    0.11540E-01    0.47199E+03
    0.11931E-01    0.47745E+03
    0.12336E-01    0.48267E+03
    0.12754E-01    0.48763E+03
    0.13186E-01    0.49230E+03
    0.13633E-01    0.49667E+03
    0.14095E-01    0.50073E+03
    0.14573E-01    0.50445E+03
    0.15067E-01    0.50782E+03
    0.15578E-01    0.51082E+03
    0.16106E-01    0.51343E+03
    0.16652E-01    0.51565E+03
    0.17216E-01    0.51744E+03
    0.17799E-01    0.51881E+03
    0.18403E-01    0.51973E+03
    0.19027E-01    0.52020E+03
    0.19671E-01    0.52020E+03
    0.20338E-01    0.51972E+03
    0.21028E-01    0.51877E+03
    0.21740E-01    0.51733E+03
    0.22477E-01    0.51540E+03
    0.23239E-01    0.51299E+03
    0.24027E-01    0.51009E+03
    0.24841E-01    0.50670E+03
    0.25683E-01    0.50285E+03
    0.26554E-01    0.49853E+03
    0.27454E-01    0.49377E+03
    0.28384E-01    0.48858E+03
    0.29346E-01    0.48298E+03
    0.30341E-01    0.47700E+03
    0.31369E-01    0.47066E+03
    0.32433E-01    0.46399E+03
    0.33532E-01    0.45703E+03
    0.34669E-01    0.44981E+03
    0.35844E-01    0.44235E+03
    0.37059E-01    0.43471E+03
    0.38315E-01    0.42682E+03
    0.39613E-01    0.41866E+03
    0.40956E-01    0.41043E+03
    0.42344E-01    0.40216E+03
    0.43780E-01    0.39387E+03
    0.45263E-01    0.38555E+03
    0.46798E-01    0.37720E+03
    0.48384E-01    0.36878E+03
    0.50024E-01    0.36025E+03
    0.51719E-01    0.35159E+03
    0.53472E-01    0.34279E+03
    0.55285E-01    0.33385E+03
    0.57159E-01    0.32481E+03
    0.59096E-01    0.31580E+03
    0.61099E-01    0.30730E+03
    0.63170E-01    0.29822E+03
    0.65311E-01    0.28906E+03
    0.67525E-01    0.27981E+03
    0.69814E-01    0.27048E+03
    0.72180E-01    0.26110E+03
    0.74627E-01    0.25175E+03
    0.77156E-01    0.24251E+03
    0.79772E-01    0.23346E+03
    0.82475E-01    0.22468E+03
    0.85271E-01    0.21620E+03
    0.88161E-01    0.20800E+03
    0.91150E-01    0.20006E+03
    0.94239E-01    0.19235E+03
    0.97433E-01    0.18485E+03
    0.10074E+00    0.17757E+03
    0.10415E+00    0.17047E+03
    0.10768E+00    0.16353E+03
    0.11133E+00    0.15668E+03
    0.11510E+00    0.14990E+03
    0.11901E+00    0.14320E+03
    0.12304E+00    0.13662E+03
    0.12721E+00    0.13018E+03
    0.13152E+00    0.12391E+03
    0.13598E+00    0.11787E+03
    0.14059E+00    0.11213E+03
    0.14535E+00    0.10671E+03
    0.15028E+00    0.10157E+03
    0.15537E+00    0.96634E+02
    0.16064E+00    0.91877E+02
    0.16609E+00    0.87276E+02
    0.17171E+00    0.82803E+02
    0.17753E+00    0.78451E+02
    0.18355E+00    0.74255E+02
    0.18977E+00    0.70246E+02
    0.19621E+00    0.66438E+02
    0.20286E+00    0.62837E+02
    0.20973E+00    0.59420E+02
    0.21684E+00    0.56147E+02
    0.22419E+00    0.53014E+02
    0.23179E+00    0.50024E+02
    0.23965E+00    0.47159E+02
    0.24777E+00    0.44434E+02
    0.25617E+00    0.41859E+02
    0.26485E+00    0.39414E+02
    0.27383E+00    0.37095E+02
    0.28311E+00    0.34894E+02
    0.29271E+00    0.32800E+02
    0.30263E+00    0.30820E+02
    0.31288E+00    0.28944E+02
    0.32349E+00    0.27172E+02
    0.33445E+00    0.25495E+02
    0.34579E+00    0.23911E+02
    0.35751E+00    0.22414E+02
    0.36963E+00    0.21003E+02
    0.38216E+00    0.19670E+02
    0.39511E+00    0.18416E+02
    0.40850E+00    0.17232E+02
    0.42235E+00    0.16120E+02
    0.43667E+00    0.15072E+02
    0.45147E+00    0.14088E+02
    0.46677E+00    0.13162E+02
    0.48259E+00    0.12293E+02
    0.49895E+00    0.11477E+02
    0.51586E+00    0.10711E+02
    0.53334E+00    0.99921E+01
    0.55142E+00    0.93181E+01
    0.57011E+00    0.86865E+01
    0.58944E+00    0.80948E+01
    0.60942E+00    0.75406E+01
    0.63007E+00    0.70220E+01
    0.65143E+00    0.65369E+01
    0.67351E+00    0.60835E+01
    0.69634E+00    0.56598E+01
    0.71994E+00    0.52640E+01
    0.74434E+00    0.48944E+01
    0.76957E+00    0.45493E+01
    0.79566E+00    0.42272E+01
    0.82263E+00    0.39266E+01
    0.85051E+00    0.36463E+01
    0.87934E+00    0.33850E+01
    0.90914E+00    0.31416E+01
    0.93996E+00    0.29150E+01
    0.97182E+00    0.27040E+01
    0.10048E+01    0.25075E+01
    0.10388E+01    0.23247E+01
    0.10740E+01    0.21546E+01
    0.11104E+01    0.19965E+01
    0.11481E+01    0.18495E+01
    0.11870E+01    0.17130E+01
    0.12272E+01    0.15861E+01
    0.12688E+01    0.14683E+01
    0.13118E+01    0.13589E+01
    0.13563E+01    0.12574E+01
    0.14023E+01    0.11632E+01
    0.14498E+01    0.10758E+01
    0.14989E+01    0.99470E+00
    0.15497E+01    0.91954E+00
    0.16023E+01    0.84988E+00
    0.16566E+01    0.78534E+00
    0.17127E+01    0.72554E+00
    0.17708E+01    0.67015E+00
    0.18308E+01    0.61887E+00
    0.18928E+01    0.57141E+00
    0.19570E+01    0.52748E+00
    0.20233E+01    0.48684E+00
    0.20919E+01    0.44924E+00
    0.21628E+01    0.41448E+00
    0.22361E+01    0.38232E+00
    0.23119E+01    0.35260E+00
    0.23903E+01    0.32513E+00
    0.24713E+01    0.29975E+00
    0.25551E+01    0.27630E+00
    0.26417E+01    0.25464E+00
    0.27312E+01    0.23464E+00
    0.28238E+01    0.21617E+00
    0.29195E+01    0.19913E+00
    0.30185E+01    0.18340E+00
    0.31208E+01    0.16889E+00
    0.32265E+01    0.15550E+00
    0.33359E+01    0.14315E+00
    0.34490E+01    0.13176E+00
    0.35659E+01    0.12126E+00
    0.36868E+01    0.11158E+00
    0.38117E+01    0.10265E+00
    0.39409E+01    0.94430E-01
    0.40745E+01    0.86854E-01
    0.42126E+01    0.79875E-01
    0.43554E+01    0.73446E-01
    0.45030E+01    0.67525E-01
    0.46556E+01    0.62073E-01
    0.48134E+01    0.57054E-01
    0.49766E+01    0.52433E-01
    0.51453E+01    0.48181E-01
    0.53197E+01    0.44268E-01
    0.55000E+01    0.40668E-01
    0.56864E+01    0.37356E-01
    0.58791E+01    0.34310E-01
    0.60784E+01    0.31508E-01
    0.62845E+01    0.28931E-01
    0.64975E+01    0.26562E-01
    0.67177E+01    0.24384E-01
    0.69454E+01    0.22383E-01
    0.71808E+01    0.20543E-01
    0.74242E+01    0.18853E-01
    0.76759E+01    0.17299E-01
    0.79360E+01    0.15872E-01
    0.82050E+01    0.14561E-01
    0.84831E+01    0.13357E-01
    0.87707E+01    0.12251E-01
    0.90679E+01    0.11236E-01
    0.93753E+01    0.10303E-01
    0.96931E+01    0.94475E-02
    0.10022E+02    0.86618E-02
    0.10361E+02    0.79407E-02
    0.10713E+02    0.72790E-02
    0.11076E+02    0.66718E-02
    0.11451E+02    0.61146E-02
    0.11839E+02    0.56034E-02
    0.12240E+02    0.51345E-02
    0.12655E+02    0.47044E-02
    0.13084E+02    0.43100E-02
    0.13528E+02    0.39483E-02
    0.13986E+02    0.36166E-02
    0.14460E+02    0.33124E-02
    0.14951E+02    0.30337E-02
    0.15457E+02    0.27781E-02
    0.15981E+02    0.25438E-02
    0.16523E+02    0.23291E-02
    0.17083E+02    0.21324E-02
    0.17662E+02    0.19521E-02
    0.18261E+02    0.17869E-02
    0.18880E+02    0.16356E-02
    0.19519E+02    0.14969E-02
    0.20181E+02    0.13699E-02
    0.20865E+02    0.12536E-02
    0.21572E+02    0.11471E-02
    0.22304E+02    0.10495E-02
    0.23060E+02    0.96021E-03
    0.23841E+02    0.87841E-03
    0.24649E+02    0.80353E-03
    0.25485E+02    0.73498E-03
    0.26349E+02    0.67223E-03
    0.27242E+02    0.61479E-03
    0.28165E+02    0.56222E-03
    0.29120E+02    0.51411E-03
    0.30107E+02    0.47008E-03
    0.31127E+02    0.42980E-03
    0.32182E+02    0.39294E-03
    0.33273E+02    0.35922E-03
    0.34401E+02    0.32837E-03
    0.35567E+02    0.30015E-03
    0.36772E+02    0.27434E-03
    0.38019E+02    0.25073E-03
    0.39307E+02    0.22914E-03
    0.40640E+02    0.20939E-03
    0.42017E+02    0.19133E-03
    0.43441E+02    0.17482E-03
    0.44914E+02    0.15973E-03
    0.46436E+02    0.14593E-03
    0.48010E+02    0.13331E-03
    0.49637E+02    0.12178E-03
    0.51320E+02    0.11124E-03
    0.53059E+02    0.10160E-03
    0.54858E+02    0.92793E-04
    0.56717E+02    0.84744E-04
    0.58640E+02    0.77390E-04
    0.60627E+02    0.70669E-04
    0.62682E+02    0.64528E-04
    0.64807E+02    0.58917E-04
    0.67004E+02    0.53791E-04
    0.69275E+02    0.49108E-04
    0.71623E+02    0.44831E-04
    0.74050E+02    0.40923E-04
    0.76560E+02    0.37354E-04
    0.79155E+02    0.34094E-04
    0.81838E+02    0.31117E-04
    0.84612E+02    0.28398E-04
    0.87480E+02    0.25915E-04
    0.90445E+02    0.23648E-04
    0.93511E+02    0.21578E-04
    0.96681E+02    0.19688E-04
    0.99958E+02    0.17962E-04
    0.10335E+03    0.16387E-04
    0.10685E+03    0.14949E-04
    0.11047E+03    0.13636E-04
    0.11421E+03    0.12438E-04
    0.11809E+03    0.11345E-04
    0.12209E+03    0.10346E-04
    0.12623E+03    0.94356E-05
    0.13051E+03    0.86043E-05
    0.13493E+03    0.78458E-05
    0.13950E+03    0.71537E-05
    0.14423E+03    0.65222E-05
    0.14912E+03    0.59460E-05
    0.15417E+03    0.54204E-05
    0.15940E+03    0.49409E-05
    0.16480E+03    0.45034E-05
    0.17039E+03    0.41045E-05
    0.17616E+03    0.37405E-05
    0.18213E+03    0.34086E-05
    0.18831E+03    0.31059E-05
    0.19469E+03    0.28299E-05
    0.20129E+03    0.25782E-05
