  0.108800E-04  0.824885E+07  0.824885E+07  0.109961E+08  0.109961E+08  0.000000E+00  0.824885E+07
  0.112487E-04  0.824884E+07  0.824884E+07  0.109959E+08  0.109959E+08  0.000000E+00  0.824884E+07
  0.116300E-04  0.824884E+07  0.824884E+07  0.109958E+08  0.109957E+08  0.000000E+00  0.824884E+07
  0.120242E-04  0.824884E+07  0.824884E+07  0.109956E+08  0.109956E+08  0.000000E+00  0.824884E+07
  0.124318E-04  0.824884E+07  0.824884E+07  0.109954E+08  0.109954E+08  0.000000E+00  0.824884E+07
  0.128531E-04  0.824884E+07  0.824884E+07  0.109951E+08  0.109951E+08  0.000000E+00  0.824884E+07
  0.132888E-04  0.824884E+07  0.824884E+07  0.109949E+08  0.109949E+08  0.000000E+00  0.824884E+07
  0.137392E-04  0.824884E+07  0.824884E+07  0.109947E+08  0.109947E+08  0.000000E+00  0.824884E+07
  0.142049E-04  0.824884E+07  0.824884E+07  0.109944E+08  0.109944E+08  0.000000E+00  0.824884E+07
  0.146864E-04  0.824884E+07  0.824884E+07  0.109941E+08  0.109941E+08  0.000000E+00  0.824884E+07
  0.151842E-04  0.824884E+07  0.824884E+07  0.109938E+08  0.109938E+08  0.000000E+00  0.824884E+07
  0.156989E-04  0.824884E+07  0.824884E+07  0.109935E+08  0.109935E+08  0.000000E+00  0.824884E+07
  0.162310E-04  0.824883E+07  0.824883E+07  0.109932E+08  0.109931E+08  0.000000E+00  0.824883E+07
  0.167811E-04  0.824883E+07  0.824883E+07  0.109928E+08  0.109928E+08  0.000000E+00  0.824883E+07
  0.173499E-04  0.824883E+07  0.824883E+07  0.109924E+08  0.109924E+08  0.000000E+00  0.824883E+07
  0.179380E-04  0.824883E+07  0.824883E+07  0.109920E+08  0.109920E+08  0.000000E+00  0.824883E+07
  0.185460E-04  0.824883E+07  0.824883E+07  0.109915E+08  0.109915E+08  0.000000E+00  0.824883E+07
  0.191746E-04  0.824882E+07  0.824882E+07  0.109911E+08  0.109910E+08  0.000000E+00  0.824882E+07
  0.198246E-04  0.824882E+07  0.824882E+07  0.109906E+08  0.109905E+08  0.000000E+00  0.824882E+07
  0.204965E-04  0.824882E+07  0.824882E+07  0.109900E+08  0.109900E+08  0.000000E+00  0.824882E+07
  0.211913E-04  0.824882E+07  0.824882E+07  0.109894E+08  0.109894E+08  0.000000E+00  0.824882E+07
  0.219095E-04  0.824882E+07  0.824882E+07  0.109888E+08  0.109888E+08  0.000000E+00  0.824882E+07
  0.226522E-04  0.824881E+07  0.824881E+07  0.109881E+08  0.109881E+08  0.000000E+00  0.824881E+07
  0.234200E-04  0.824881E+07  0.824881E+07  0.109874E+08  0.109874E+08  0.000000E+00  0.824881E+07
  0.242138E-04  0.824881E+07  0.824881E+07  0.109867E+08  0.109866E+08  0.000000E+00  0.824881E+07
  0.250345E-04  0.824880E+07  0.824880E+07  0.109859E+08  0.109858E+08  0.000000E+00  0.824880E+07
  0.258831E-04  0.824880E+07  0.824880E+07  0.109850E+08  0.109849E+08  0.000000E+00  0.824880E+07
  0.267604E-04  0.824880E+07  0.824880E+07  0.109841E+08  0.109840E+08  0.000000E+00  0.824880E+07
  0.276674E-04  0.824879E+07  0.824879E+07  0.109831E+08  0.109830E+08  0.000000E+00  0.824879E+07
  0.286052E-04  0.824879E+07  0.824879E+07  0.109820E+08  0.109819E+08  0.000000E+00  0.824879E+07
  0.295748E-04  0.824878E+07  0.824878E+07  0.109809E+08  0.109808E+08  0.000000E+00  0.824878E+07
  0.305772E-04  0.824878E+07  0.824878E+07  0.109797E+08  0.109796E+08  0.000000E+00  0.824878E+07
  0.316136E-04  0.824877E+07  0.824877E+07  0.109784E+08  0.109783E+08  0.000000E+00  0.824877E+07
  0.326852E-04  0.824877E+07  0.824877E+07  0.109770E+08  0.109769E+08  0.000000E+00  0.824877E+07
  0.337931E-04  0.824876E+07  0.824876E+07  0.109755E+08  0.109754E+08  0.000000E+00  0.824876E+07
  0.349385E-04  0.824876E+07  0.824875E+07  0.109739E+08  0.109738E+08  0.000000E+00  0.824876E+07
  0.361227E-04  0.824875E+07  0.824875E+07  0.109722E+08  0.109721E+08  0.000000E+00  0.824875E+07
  0.373471E-04  0.824874E+07  0.824874E+07  0.109704E+08  0.109703E+08  0.000000E+00  0.824874E+07
  0.386130E-04  0.824873E+07  0.824873E+07  0.109685E+08  0.109684E+08  0.000000E+00  0.824873E+07
  0.399218E-04  0.824872E+07  0.824872E+07  0.109664E+08  0.109663E+08  0.000000E+00  0.824872E+07
  0.412749E-04  0.824872E+07  0.824872E+07  0.109642E+08  0.109641E+08  0.000000E+00  0.824872E+07
  0.426740E-04  0.824871E+07  0.824870E+07  0.109618E+08  0.109617E+08  0.000000E+00  0.824871E+07
  0.441204E-04  0.824870E+07  0.824870E+07  0.109593E+08  0.109592E+08  0.000000E+00  0.824870E+07
  0.456159E-04  0.824868E+07  0.824868E+07  0.109566E+08  0.109565E+08  0.000000E+00  0.824868E+07
  0.471620E-04  0.824867E+07  0.824867E+07  0.109538E+08  0.109536E+08  0.000000E+00  0.824867E+07
  0.487606E-04  0.824866E+07  0.824866E+07  0.109507E+08  0.109505E+08  0.000000E+00  0.824866E+07
  0.504133E-04  0.824865E+07  0.824865E+07  0.109474E+08  0.109472E+08  0.000000E+00  0.824865E+07
  0.521221E-04  0.824863E+07  0.824863E+07  0.109439E+08  0.109437E+08  0.000000E+00  0.824863E+07
  0.538888E-04  0.824862E+07  0.824862E+07  0.109401E+08  0.109399E+08  0.000000E+00  0.824862E+07
  0.557153E-04  0.824860E+07  0.824860E+07  0.109361E+08  0.109359E+08  0.000000E+00  0.824860E+07
  0.576038E-04  0.824858E+07  0.824858E+07  0.109318E+08  0.109316E+08  0.000000E+00  0.824858E+07
  0.595563E-04  0.824856E+07  0.824856E+07  0.109272E+08  0.109270E+08  0.000000E+00  0.824856E+07
  0.615750E-04  0.824854E+07  0.824854E+07  0.109223E+08  0.109221E+08  0.000000E+00  0.824854E+07
  0.636621E-04  0.824852E+07  0.824852E+07  0.109171E+08  0.109168E+08  0.000000E+00  0.824852E+07
  0.658199E-04  0.824850E+07  0.824850E+07  0.109115E+08  0.109112E+08  0.000000E+00  0.824850E+07
  0.680509E-04  0.824847E+07  0.824847E+07  0.109056E+08  0.109052E+08  0.000000E+00  0.824847E+07
  0.703575E-04  0.824845E+07  0.824845E+07  0.108992E+08  0.108988E+08  0.000000E+00  0.824845E+07
  0.727422E-04  0.824842E+07  0.824842E+07  0.108924E+08  0.108920E+08  0.000000E+00  0.824842E+07
  0.752079E-04  0.824839E+07  0.824839E+07  0.108851E+08  0.108847E+08  0.000000E+00  0.824839E+07
  0.777570E-04  0.824836E+07  0.824836E+07  0.108773E+08  0.108769E+08  0.000000E+00  0.824836E+07
  0.803926E-04  0.824832E+07  0.824832E+07  0.108690E+08  0.108685E+08  0.000000E+00  0.824832E+07
  0.831175E-04  0.824829E+07  0.824829E+07  0.108601E+08  0.108596E+08  0.000000E+00  0.824829E+07
  0.859348E-04  0.824825E+07  0.824825E+07  0.108507E+08  0.108501E+08  0.000000E+00  0.824825E+07
  0.888476E-04  0.824821E+07  0.824820E+07  0.108405E+08  0.108400E+08  0.000000E+00  0.824820E+07
  0.918591E-04  0.824816E+07  0.824816E+07  0.108297E+08  0.108291E+08  0.000000E+00  0.824816E+07
  0.949726E-04  0.824811E+07  0.824811E+07  0.108182E+08  0.108175E+08  0.000000E+00  0.824811E+07
  0.981917E-04  0.824806E+07  0.824806E+07  0.108059E+08  0.108052E+08  0.000000E+00  0.824806E+07
  0.101520E-03  0.824801E+07  0.824801E+07  0.107927E+08  0.107919E+08  0.000000E+00  0.824801E+07
  0.104961E-03  0.824795E+07  0.824795E+07  0.107786E+08  0.107778E+08  0.000000E+00  0.824795E+07
  0.108519E-03  0.824789E+07  0.824788E+07  0.107636E+08  0.107628E+08  0.000000E+00  0.824789E+07
  0.112197E-03  0.824782E+07  0.824782E+07  0.107476E+08  0.107467E+08  0.000000E+00  0.824782E+07
  0.116000E-03  0.824775E+07  0.824775E+07  0.107305E+08  0.107296E+08  0.000000E+00  0.824775E+07
  0.119932E-03  0.824767E+07  0.824767E+07  0.107123E+08  0.107113E+08  0.000000E+00  0.824767E+07
  0.123997E-03  0.824759E+07  0.824759E+07  0.106928E+08  0.106917E+08  0.000000E+00  0.824759E+07
  0.128200E-03  0.824750E+07  0.824750E+07  0.106720E+08  0.106709E+08  0.000000E+00  0.824750E+07
  0.132545E-03  0.824741E+07  0.824741E+07  0.106499E+08  0.106486E+08  0.000000E+00  0.824741E+07
  0.137038E-03  0.824731E+07  0.824731E+07  0.106262E+08  0.106249E+08  0.000000E+00  0.824731E+07
  0.141683E-03  0.824720E+07  0.824720E+07  0.106010E+08  0.105996E+08  0.000000E+00  0.824720E+07
  0.146485E-03  0.824709E+07  0.824709E+07  0.105741E+08  0.105726E+08  0.000000E+00  0.824709E+07
  0.151450E-03  0.824697E+07  0.824697E+07  0.105454E+08  0.105438E+08  0.000000E+00  0.824697E+07
  0.156583E-03  0.824684E+07  0.824684E+07  0.105149E+08  0.105131E+08  0.000000E+00  0.824684E+07
  0.161891E-03  0.824670E+07  0.824670E+07  0.104823E+08  0.104804E+08  0.000000E+00  0.824670E+07
  0.167378E-03  0.824655E+07  0.824655E+07  0.104475E+08  0.104456E+08  0.000000E+00  0.824655E+07
  0.173051E-03  0.824640E+07  0.824639E+07  0.104105E+08  0.104085E+08  0.000000E+00  0.824640E+07
  0.178917E-03  0.824623E+07  0.824622E+07  0.103711E+08  0.103689E+08  0.000000E+00  0.824623E+07
  0.184981E-03  0.824605E+07  0.824604E+07  0.103291E+08  0.103268E+08  0.000000E+00  0.824605E+07
  0.191251E-03  0.824585E+07  0.824585E+07  0.102844E+08  0.102819E+08  0.000000E+00  0.824585E+07
  0.197734E-03  0.824565E+07  0.824564E+07  0.102368E+08  0.102342E+08  0.000000E+00  0.824565E+07
  0.204436E-03  0.824543E+07  0.824542E+07  0.101862E+08  0.101834E+08  0.000000E+00  0.824543E+07
  0.211366E-03  0.824519E+07  0.824519E+07  0.101323E+08  0.101294E+08  0.000000E+00  0.824519E+07
  0.218530E-03  0.824494E+07  0.824494E+07  0.100750E+08  0.100719E+08  0.000000E+00  0.824494E+07
  0.225937E-03  0.824468E+07  0.824467E+07  0.100142E+08  0.100108E+08  0.000000E+00  0.824468E+07
  0.233595E-03  0.824439E+07  0.824438E+07  0.994946E+07  0.994593E+07  0.000000E+00  0.824439E+07
  0.241513E-03  0.824408E+07  0.824408E+07  0.988073E+07  0.987700E+07  0.000000E+00  0.824408E+07
  0.249699E-03  0.824376E+07  0.824375E+07  0.980776E+07  0.980381E+07  0.000000E+00  0.824376E+07
  0.258162E-03  0.824341E+07  0.824340E+07  0.973033E+07  0.972615E+07  0.000000E+00  0.824341E+07
  0.266913E-03  0.824304E+07  0.824303E+07  0.964820E+07  0.964378E+07  0.000000E+00  0.824304E+07
  0.275960E-03  0.824264E+07  0.824263E+07  0.956113E+07  0.955647E+07  0.000000E+00  0.824264E+07
  0.285314E-03  0.824222E+07  0.824221E+07  0.946888E+07  0.946397E+07  0.000000E+00  0.824222E+07
  0.294984E-03  0.824177E+07  0.824176E+07  0.937121E+07  0.936603E+07  0.000000E+00  0.824176E+07
  0.304983E-03  0.824128E+07  0.824127E+07  0.926787E+07  0.926241E+07  0.000000E+00  0.824128E+07
  0.315320E-03  0.824077E+07  0.824076E+07  0.915859E+07  0.915286E+07  0.000000E+00  0.824077E+07
  0.326008E-03  0.824022E+07  0.824021E+07  0.904314E+07  0.903711E+07  0.000000E+00  0.824022E+07
  0.337058E-03  0.823963E+07  0.823962E+07  0.892126E+07  0.891494E+07  0.000000E+00  0.823963E+07
  0.348483E-03  0.823901E+07  0.823899E+07  0.879271E+07  0.878609E+07  0.000000E+00  0.823901E+07
  0.360295E-03  0.823834E+07  0.823833E+07  0.865726E+07  0.865033E+07  0.000000E+00  0.823834E+07
  0.372507E-03  0.823763E+07  0.823761E+07  0.851467E+07  0.850743E+07  0.000000E+00  0.823763E+07
  0.385133E-03  0.823687E+07  0.823685E+07  0.836473E+07  0.835719E+07  0.000000E+00  0.823687E+07
  0.398187E-03  0.823606E+07  0.823604E+07  0.820726E+07  0.819941E+07  0.000000E+00  0.823606E+07
  0.411684E-03  0.823520E+07  0.823518E+07  0.804208E+07  0.803393E+07  0.000000E+00  0.823520E+07
  0.425638E-03  0.823428E+07  0.823426E+07  0.786905E+07  0.786061E+07  0.000000E+00  0.823428E+07
  0.440065E-03  0.823330E+07  0.823328E+07  0.768806E+07  0.767933E+07  0.000000E+00  0.823330E+07
  0.454981E-03  0.823226E+07  0.823224E+07  0.749903E+07  0.749004E+07  0.000000E+00  0.823226E+07
  0.470403E-03  0.823115E+07  0.823112E+07  0.730195E+07  0.729271E+07  0.000000E+00  0.823115E+07
  0.486347E-03  0.822997E+07  0.822994E+07  0.709685E+07  0.708738E+07  0.000000E+00  0.822996E+07
  0.502832E-03  0.822871E+07  0.822868E+07  0.688381E+07  0.687414E+07  0.000000E+00  0.822870E+07
  0.519875E-03  0.822737E+07  0.822734E+07  0.666299E+07  0.665316E+07  0.000000E+00  0.822736E+07
  0.537497E-03  0.822594E+07  0.822591E+07  0.643463E+07  0.642467E+07  0.000000E+00  0.822594E+07
  0.555715E-03  0.822443E+07  0.822439E+07  0.619905E+07  0.618900E+07  0.000000E+00  0.822442E+07
  0.574551E-03  0.822281E+07  0.822278E+07  0.595666E+07  0.594658E+07  0.000000E+00  0.822281E+07
  0.594026E-03  0.822110E+07  0.822106E+07  0.570796E+07  0.569791E+07  0.000000E+00  0.822109E+07
  0.614160E-03  0.821928E+07  0.821923E+07  0.545360E+07  0.544364E+07  0.000000E+00  0.821927E+07
  0.634977E-03  0.821734E+07  0.821730E+07  0.519431E+07  0.518451E+07  0.000000E+00  0.821733E+07
  0.656500E-03  0.821529E+07  0.821524E+07  0.493094E+07  0.492138E+07  0.000000E+00  0.821528E+07
  0.678752E-03  0.821310E+07  0.821305E+07  0.466449E+07  0.465524E+07  0.000000E+00  0.821310E+07
  0.701758E-03  0.821079E+07  0.821073E+07  0.439607E+07  0.438722E+07  0.000000E+00  0.821078E+07
  0.725544E-03  0.820833E+07  0.820827E+07  0.412692E+07  0.411856E+07  0.000000E+00  0.820832E+07
  0.750137E-03  0.820573E+07  0.820567E+07  0.385839E+07  0.385062E+07  0.000000E+00  0.820572E+07
  0.775563E-03  0.820297E+07  0.820290E+07  0.359197E+07  0.358487E+07  0.000000E+00  0.820296E+07
  0.801851E-03  0.820005E+07  0.819998E+07  0.332923E+07  0.332289E+07  0.000000E+00  0.820004E+07
  0.829029E-03  0.819696E+07  0.819688E+07  0.307183E+07  0.306633E+07  0.000000E+00  0.819694E+07
  0.857129E-03  0.819368E+07  0.819360E+07  0.282148E+07  0.281690E+07  0.000000E+00  0.819367E+07
  0.886182E-03  0.819022E+07  0.819013E+07  0.257993E+07  0.257633E+07  0.000000E+00  0.819021E+07
  0.916219E-03  0.818656E+07  0.818647E+07  0.234892E+07  0.234634E+07  0.000000E+00  0.818655E+07
  0.947274E-03  0.818270E+07  0.818260E+07  0.213012E+07  0.212860E+07  0.000000E+00  0.818268E+07
  0.979383E-03  0.817862E+07  0.817851E+07  0.192512E+07  0.192465E+07  0.000000E+00  0.817860E+07
  0.101258E-02  0.817431E+07  0.817420E+07  0.173535E+07  0.173591E+07  0.000000E+00  0.817429E+07
  0.104690E-02  0.816977E+07  0.816965E+07  0.156200E+07  0.156354E+07  0.000000E+00  0.816975E+07
  0.108239E-02  0.816498E+07  0.816485E+07  0.140601E+07  0.140845E+07  0.000000E+00  0.816496E+07
  0.111907E-02  0.815994E+07  0.815980E+07  0.126797E+07  0.127119E+07  0.000000E+00  0.815992E+07
  0.115700E-02  0.815464E+07  0.815449E+07  0.114809E+07  0.115192E+07  0.000000E+00  0.815461E+07
  0.119622E-02  0.814905E+07  0.814889E+07  0.104611E+07  0.105038E+07  0.000000E+00  0.814903E+07
  0.123677E-02  0.814318E+07  0.814301E+07  0.961336E+06  0.965823E+06  0.000000E+00  0.814316E+07
  0.127869E-02  0.813701E+07  0.813683E+07  0.892562E+06  0.897036E+06  0.000000E+00  0.813699E+07
  0.132203E-02  0.813054E+07  0.813034E+07  0.838112E+06  0.842331E+06  0.000000E+00  0.813051E+07
  0.136684E-02  0.812374E+07  0.812353E+07  0.795875E+06  0.799600E+06  0.000000E+00  0.812370E+07
  0.141317E-02  0.811660E+07  0.811638E+07  0.763375E+06  0.766386E+06  0.000000E+00  0.811657E+07
  0.146107E-02  0.810912E+07  0.810889E+07  0.737882E+06  0.739993E+06  0.000000E+00  0.810909E+07
  0.151059E-02  0.810129E+07  0.810103E+07  0.716552E+06  0.717628E+06  0.000000E+00  0.810125E+07
  0.156179E-02  0.809308E+07  0.809281E+07  0.696602E+06  0.696575E+06  0.000000E+00  0.809304E+07
  0.161473E-02  0.808448E+07  0.808419E+07  0.675501E+06  0.674379E+06  0.000000E+00  0.808444E+07
  0.166946E-02  0.807549E+07  0.807518E+07  0.651166E+06  0.649042E+06  0.000000E+00  0.807544E+07
  0.172605E-02  0.806608E+07  0.806575E+07  0.622148E+06  0.619193E+06  0.000000E+00  0.806603E+07
  0.178455E-02  0.805625E+07  0.805589E+07  0.587782E+06  0.584233E+06  0.000000E+00  0.805619E+07
  0.184504E-02  0.804596E+07  0.804559E+07  0.548266E+06  0.544404E+06  0.000000E+00  0.804591E+07
  0.190758E-02  0.803522E+07  0.803482E+07  0.504669E+06  0.500777E+06  0.000000E+00  0.803516E+07
  0.197223E-02  0.802401E+07  0.802358E+07  0.458819E+06  0.455143E+06  0.000000E+00  0.802394E+07
  0.203908E-02  0.801229E+07  0.801183E+07  0.413090E+06  0.409790E+06  0.000000E+00  0.801222E+07
  0.210820E-02  0.800007E+07  0.799958E+07  0.370083E+06  0.367187E+06  0.000000E+00  0.799999E+07
  0.217966E-02  0.798732E+07  0.798680E+07  0.332232E+06  0.329610E+06  0.000000E+00  0.798724E+07
  0.225354E-02  0.797402E+07  0.797346E+07  0.301392E+06  0.298750E+06  0.000000E+00  0.797393E+07
  0.232992E-02  0.796016E+07  0.795956E+07  0.278470E+06  0.275378E+06  0.000000E+00  0.796007E+07
  0.240889E-02  0.794571E+07  0.794508E+07  0.263192E+06  0.259150E+06  0.000000E+00  0.794561E+07
  0.249054E-02  0.793066E+07  0.792998E+07  0.254068E+06  0.248608E+06  0.000000E+00  0.793056E+07
  0.257496E-02  0.791499E+07  0.791427E+07  0.000000E+00  0.000000E+00  0.000000E+00  0.791488E+07
  0.266224E-02  0.789868E+07  0.789791E+07  0.000000E+00  0.000000E+00  0.000000E+00  0.789856E+07
  0.275248E-02  0.788171E+07  0.788089E+07  0.000000E+00  0.000000E+00  0.000000E+00  0.788158E+07
  0.284577E-02  0.786406E+07  0.786318E+07  0.000000E+00  0.000000E+00  0.000000E+00  0.786392E+07
  0.294223E-02  0.784571E+07  0.784477E+07  0.000000E+00  0.000000E+00  0.000000E+00  0.784556E+07
  0.304196E-02  0.782663E+07  0.782563E+07  0.000000E+00  0.000000E+00  0.000000E+00  0.782648E+07
  0.314506E-02  0.780682E+07  0.780575E+07  0.000000E+00  0.000000E+00  0.000000E+00  0.780665E+07
  0.325166E-02  0.778624E+07  0.778509E+07  0.000000E+00  0.000000E+00  0.000000E+00  0.778606E+07
  0.336188E-02  0.776487E+07  0.776365E+07  0.000000E+00  0.000000E+00  0.000000E+00  0.776468E+07
  0.347583E-02  0.774270E+07  0.774140E+07  0.000000E+00  0.000000E+00  0.000000E+00  0.774250E+07
  0.359365E-02  0.771969E+07  0.771831E+07  0.000000E+00  0.000000E+00  0.000000E+00  0.771948E+07
  0.371545E-02  0.769584E+07  0.769436E+07  0.000000E+00  0.000000E+00  0.000000E+00  0.769561E+07
  0.384139E-02  0.767112E+07  0.766954E+07  0.000000E+00  0.000000E+00  0.000000E+00  0.767087E+07
  0.397159E-02  0.764550E+07  0.764382E+07  0.000000E+00  0.000000E+00  0.000000E+00  0.764524E+07
  0.410621E-02  0.761896E+07  0.761717E+07  0.000000E+00  0.000000E+00  0.000000E+00  0.761868E+07
  0.424539E-02  0.759148E+07  0.758958E+07  0.000000E+00  0.000000E+00  0.000000E+00  0.759119E+07
  0.438929E-02  0.756304E+07  0.756101E+07  0.000000E+00  0.000000E+00  0.000000E+00  0.756273E+07
  0.453806E-02  0.753362E+07  0.753145E+07  0.000000E+00  0.000000E+00  0.000000E+00  0.753329E+07
  0.469188E-02  0.750319E+07  0.750088E+07  0.000000E+00  0.000000E+00  0.000000E+00  0.750284E+07
  0.485091E-02  0.747173E+07  0.746927E+07  0.000000E+00  0.000000E+00  0.000000E+00  0.747135E+07
  0.501534E-02  0.743922E+07  0.743659E+07  0.000000E+00  0.000000E+00  0.000000E+00  0.743881E+07
  0.518533E-02  0.740563E+07  0.740284E+07  0.000000E+00  0.000000E+00  0.000000E+00  0.740520E+07
  0.536109E-02  0.737094E+07  0.736797E+07  0.000000E+00  0.000000E+00  0.000000E+00  0.737048E+07
  0.554280E-02  0.733514E+07  0.733197E+07  0.000000E+00  0.000000E+00  0.000000E+00  0.733465E+07
  0.573068E-02  0.729819E+07  0.729481E+07  0.000000E+00  0.000000E+00  0.000000E+00  0.729767E+07
  0.592492E-02  0.726007E+07  0.725647E+07  0.000000E+00  0.000000E+00  0.000000E+00  0.725952E+07
  0.612574E-02  0.722077E+07  0.721694E+07  0.000000E+00  0.000000E+00  0.000000E+00  0.722017E+07
  0.633338E-02  0.718025E+07  0.717617E+07  0.000000E+00  0.000000E+00  0.000000E+00  0.717962E+07
  0.654805E-02  0.713850E+07  0.713416E+07  0.000000E+00  0.000000E+00  0.000000E+00  0.713783E+07
  0.677000E-02  0.709549E+07  0.709088E+07  0.000000E+00  0.000000E+00  0.000000E+00  0.709478E+07
  0.699947E-02  0.705121E+07  0.704629E+07  0.000000E+00  0.000000E+00  0.000000E+00  0.705045E+07
  0.723671E-02  0.700562E+07  0.700040E+07  0.000000E+00  0.000000E+00  0.000000E+00  0.700481E+07
  0.748200E-02  0.695871E+07  0.695315E+07  0.000000E+00  0.000000E+00  0.000000E+00  0.695785E+07
  0.773561E-02  0.691045E+07  0.690455E+07  0.000000E+00  0.000000E+00  0.000000E+00  0.690954E+07
  0.799781E-02  0.686083E+07  0.685455E+07  0.000000E+00  0.000000E+00  0.000000E+00  0.685986E+07
  0.826889E-02  0.680982E+07  0.680314E+07  0.000000E+00  0.000000E+00  0.000000E+00  0.680879E+07
  0.854917E-02  0.675739E+07  0.675030E+07  0.000000E+00  0.000000E+00  0.000000E+00  0.675630E+07
  0.883894E-02  0.670353E+07  0.669600E+07  0.000000E+00  0.000000E+00  0.000000E+00  0.670237E+07
  0.913854E-02  0.664822E+07  0.664022E+07  0.000000E+00  0.000000E+00  0.000000E+00  0.664698E+07
  0.944829E-02  0.659142E+07  0.658293E+07  0.000000E+00  0.000000E+00  0.000000E+00  0.659011E+07
  0.976854E-02  0.653313E+07  0.652412E+07  0.000000E+00  0.000000E+00  0.000000E+00  0.653174E+07
  0.100996E-01  0.647332E+07  0.646375E+07  0.000000E+00  0.000000E+00  0.000000E+00  0.647184E+07
  0.104420E-01  0.641196E+07  0.640182E+07  0.000000E+00  0.000000E+00  0.000000E+00  0.641040E+07
  0.107959E-01  0.634904E+07  0.633829E+07  0.000000E+00  0.000000E+00  0.000000E+00  0.634738E+07
  0.111618E-01  0.628454E+07  0.627315E+07  0.000000E+00  0.000000E+00  0.000000E+00  0.628279E+07
  0.115402E-01  0.621844E+07  0.620638E+07  0.000000E+00  0.000000E+00  0.000000E+00  0.621658E+07
  0.119313E-01  0.615072E+07  0.613795E+07  0.000000E+00  0.000000E+00  0.000000E+00  0.614875E+07
  0.123357E-01  0.608137E+07  0.606785E+07  0.000000E+00  0.000000E+00  0.000000E+00  0.607928E+07
  0.127539E-01  0.601035E+07  0.599606E+07  0.000000E+00  0.000000E+00  0.000000E+00  0.600815E+07
  0.131862E-01  0.593767E+07  0.592256E+07  0.000000E+00  0.000000E+00  0.000000E+00  0.593534E+07
  0.136331E-01  0.586330E+07  0.584734E+07  0.000000E+00  0.000000E+00  0.000000E+00  0.586084E+07
  0.140952E-01  0.578724E+07  0.577038E+07  0.000000E+00  0.000000E+00  0.000000E+00  0.578464E+07
  0.145730E-01  0.570948E+07  0.569169E+07  0.000000E+00  0.000000E+00  0.000000E+00  0.570673E+07
  0.150669E-01  0.563000E+07  0.561124E+07  0.000000E+00  0.000000E+00  0.000000E+00  0.562711E+07
  0.155776E-01  0.554881E+07  0.552905E+07  0.000000E+00  0.000000E+00  0.000000E+00  0.554576E+07
  0.161056E-01  0.546590E+07  0.544510E+07  0.000000E+00  0.000000E+00  0.000000E+00  0.546269E+07
  0.166515E-01  0.538129E+07  0.535941E+07  0.000000E+00  0.000000E+00  0.000000E+00  0.537791E+07
  0.172159E-01  0.529497E+07  0.527198E+07  0.000000E+00  0.000000E+00  0.000000E+00  0.529142E+07
  0.177994E-01  0.520698E+07  0.518284E+07  0.000000E+00  0.000000E+00  0.000000E+00  0.520325E+07
  0.184028E-01  0.511732E+07  0.509200E+07  0.000000E+00  0.000000E+00  0.000000E+00  0.511341E+07
  0.190265E-01  0.502603E+07  0.499951E+07  0.000000E+00  0.000000E+00  0.000000E+00  0.502194E+07
  0.196714E-01  0.493315E+07  0.490540E+07  0.000000E+00  0.000000E+00  0.000000E+00  0.492887E+07
  0.203382E-01  0.483872E+07  0.480973E+07  0.000000E+00  0.000000E+00  0.000000E+00  0.483425E+07
  0.210276E-01  0.474281E+07  0.471256E+07  0.000000E+00  0.000000E+00  0.000000E+00  0.473814E+07
  0.217403E-01  0.464548E+07  0.461396E+07  0.000000E+00  0.000000E+00  0.000000E+00  0.464062E+07
  0.224772E-01  0.454682E+07  0.451403E+07  0.000000E+00  0.000000E+00  0.000000E+00  0.454176E+07
  0.232390E-01  0.444692E+07  0.441286E+07  0.000000E+00  0.000000E+00  0.000000E+00  0.444167E+07
  0.240267E-01  0.434590E+07  0.431059E+07  0.000000E+00  0.000000E+00  0.000000E+00  0.434045E+07
  0.248411E-01  0.424388E+07  0.420735E+07  0.000000E+00  0.000000E+00  0.000000E+00  0.423824E+07
  0.256831E-01  0.414102E+07  0.410329E+07  0.000000E+00  0.000000E+00  0.000000E+00  0.413519E+07
  0.265537E-01  0.403746E+07  0.399859E+07  0.000000E+00  0.000000E+00  0.000000E+00  0.403146E+07
  0.274537E-01  0.393340E+07  0.389346E+07  0.000000E+00  0.000000E+00  0.000000E+00  0.392724E+07
  0.283842E-01  0.382905E+07  0.378810E+07  0.000000E+00  0.000000E+00  0.000000E+00  0.382273E+07
  0.293463E-01  0.372462E+07  0.368275E+07  0.000000E+00  0.000000E+00  0.000000E+00  0.371816E+07
  0.303410E-01  0.362036E+07  0.357769E+07  0.000000E+00  0.000000E+00  0.000000E+00  0.361377E+07
  0.313694E-01  0.351654E+07  0.347318E+07  0.000000E+00  0.000000E+00  0.000000E+00  0.350985E+07
  0.324327E-01  0.341343E+07  0.336953E+07  0.000000E+00  0.000000E+00  0.000000E+00  0.340666E+07
  0.335320E-01  0.331135E+07  0.326706E+07  0.000000E+00  0.000000E+00  0.000000E+00  0.330451E+07
  0.346686E-01  0.321060E+07  0.316609E+07  0.000000E+00  0.000000E+00  0.000000E+00  0.320373E+07
  0.358437E-01  0.311149E+07  0.306696E+07  0.000000E+00  0.000000E+00  0.000000E+00  0.310462E+07
  0.370586E-01  0.301437E+07  0.297001E+07  0.000000E+00  0.000000E+00  0.000000E+00  0.300752E+07
  0.383147E-01  0.291908E+07  0.287511E+07  0.000000E+00  0.000000E+00  0.000000E+00  0.291230E+07
  0.396134E-01  0.282610E+07  0.278274E+07  0.000000E+00  0.000000E+00  0.000000E+00  0.281941E+07
  0.409561E-01  0.273602E+07  0.269350E+07  0.000000E+00  0.000000E+00  0.000000E+00  0.272946E+07
  0.423443E-01  0.264917E+07  0.260773E+07  0.000000E+00  0.000000E+00  0.000000E+00  0.264277E+07
  0.437796E-01  0.256582E+07  0.252570E+07  0.000000E+00  0.000000E+00  0.000000E+00  0.255963E+07
  0.452635E-01  0.248616E+07  0.244758E+07  0.000000E+00  0.000000E+00  0.000000E+00  0.248020E+07
  0.467977E-01  0.241025E+07  0.237342E+07  0.000000E+00  0.000000E+00  0.000000E+00  0.240457E+07
  0.483839E-01  0.233807E+07  0.230319E+07  0.000000E+00  0.000000E+00  0.000000E+00  0.233269E+07
  0.500239E-01  0.226947E+07  0.223669E+07  0.000000E+00  0.000000E+00  0.000000E+00  0.226441E+07
  0.517194E-01  0.220421E+07  0.217366E+07  0.000000E+00  0.000000E+00  0.000000E+00  0.219949E+07
  0.534725E-01  0.214198E+07  0.211374E+07  0.000000E+00  0.000000E+00  0.000000E+00  0.213762E+07
  0.552850E-01  0.208245E+07  0.205657E+07  0.000000E+00  0.000000E+00  0.000000E+00  0.207846E+07
  0.571588E-01  0.202531E+07  0.200176E+07  0.000000E+00  0.000000E+00  0.000000E+00  0.202168E+07
  0.590963E-01  0.197045E+07  0.194915E+07  0.000000E+00  0.000000E+00  0.000000E+00  0.196716E+07
  0.610993E-01  0.191881E+07  0.189962E+07  0.000000E+00  0.000000E+00  0.000000E+00  0.191585E+07
  0.631703E-01  0.186667E+07  0.184940E+07  0.000000E+00  0.000000E+00  0.000000E+00  0.186400E+07
  0.653114E-01  0.181481E+07  0.179919E+07  0.000000E+00  0.000000E+00  0.000000E+00  0.181240E+07
  0.675252E-01  0.176261E+07  0.174835E+07  0.000000E+00  0.000000E+00  0.000000E+00  0.176041E+07
  0.698139E-01  0.170952E+07  0.169627E+07  0.000000E+00  0.000000E+00  0.000000E+00  0.170748E+07
  0.721803E-01  0.165507E+07  0.164247E+07  0.000000E+00  0.000000E+00  0.000000E+00  0.165313E+07
  0.746268E-01  0.159899E+07  0.158667E+07  0.000000E+00  0.000000E+00  0.000000E+00  0.159709E+07
  0.771564E-01  0.154119E+07  0.152882E+07  0.000000E+00  0.000000E+00  0.000000E+00  0.153928E+07
  0.797716E-01  0.148189E+07  0.146916E+07  0.000000E+00  0.000000E+00  0.000000E+00  0.147992E+07
  0.824755E-01  0.142150E+07  0.140818E+07  0.000000E+00  0.000000E+00  0.000000E+00  0.141944E+07
  0.852709E-01  0.136066E+07  0.134661E+07  0.000000E+00  0.000000E+00  0.000000E+00  0.135849E+07
  0.881612E-01  0.130014E+07  0.128533E+07  0.000000E+00  0.000000E+00  0.000000E+00  0.129785E+07
  0.911495E-01  0.124082E+07  0.122533E+07  0.000000E+00  0.000000E+00  0.000000E+00  0.123843E+07
  0.942390E-01  0.118367E+07  0.116768E+07  0.000000E+00  0.000000E+00  0.000000E+00  0.118120E+07
  0.974333E-01  0.112966E+07  0.111345E+07  0.000000E+00  0.000000E+00  0.000000E+00  0.112715E+07
  0.100736E+00  0.107969E+07  0.106363E+07  0.000000E+00  0.000000E+00  0.000000E+00  0.107721E+07
  0.104150E+00  0.103443E+07  0.101891E+07  0.000000E+00  0.000000E+00  0.000000E+00  0.103203E+07
  0.107680E+00  0.994102E+06  0.979498E+06  0.000000E+00  0.000000E+00  0.000000E+00  0.991848E+06
  0.111330E+00  0.958443E+06  0.945073E+06  0.000000E+00  0.000000E+00  0.000000E+00  0.956380E+06
  0.115104E+00  0.926712E+06  0.914785E+06  0.000000E+00  0.000000E+00  0.000000E+00  0.924871E+06
  0.119005E+00  0.897823E+06  0.887404E+06  0.000000E+00  0.000000E+00  0.000000E+00  0.896215E+06
  0.123039E+00  0.870459E+06  0.861450E+06  0.000000E+00  0.000000E+00  0.000000E+00  0.869068E+06
  0.127209E+00  0.843129E+06  0.835280E+06  0.000000E+00  0.000000E+00  0.000000E+00  0.841917E+06
  0.131521E+00  0.814363E+06  0.807309E+06  0.000000E+00  0.000000E+00  0.000000E+00  0.813275E+06
  0.135979E+00  0.783108E+06  0.776424E+06  0.000000E+00  0.000000E+00  0.000000E+00  0.782076E+06
  0.140588E+00  0.749176E+06  0.742459E+06  0.000000E+00  0.000000E+00  0.000000E+00  0.748140E+06
  0.145353E+00  0.713352E+06  0.706300E+06  0.000000E+00  0.000000E+00  0.000000E+00  0.712264E+06
  0.150280E+00  0.677006E+06  0.669478E+06  0.000000E+00  0.000000E+00  0.000000E+00  0.675844E+06
  0.155374E+00  0.641630E+06  0.633678E+06  0.000000E+00  0.000000E+00  0.000000E+00  0.640403E+06
  0.160640E+00  0.608682E+06  0.600532E+06  0.000000E+00  0.000000E+00  0.000000E+00  0.607424E+06
  0.166085E+00  0.579495E+06  0.571490E+06  0.000000E+00  0.000000E+00  0.000000E+00  0.578259E+06
  0.171715E+00  0.554763E+06  0.547261E+06  0.000000E+00  0.000000E+00  0.000000E+00  0.553606E+06
  0.177535E+00  0.533964E+06  0.527234E+06  0.000000E+00  0.000000E+00  0.000000E+00  0.532926E+06
  0.183553E+00  0.515519E+06  0.509656E+06  0.000000E+00  0.000000E+00  0.000000E+00  0.514614E+06
  0.189774E+00  0.497592E+06  0.492492E+06  0.000000E+00  0.000000E+00  0.000000E+00  0.496805E+06
  0.196206E+00  0.478656E+06  0.474052E+06  0.000000E+00  0.000000E+00  0.000000E+00  0.477945E+06
  0.202857E+00  0.457805E+06  0.453370E+06  0.000000E+00  0.000000E+00  0.000000E+00  0.457120E+06
  0.209733E+00  0.435194E+06  0.430664E+06  0.000000E+00  0.000000E+00  0.000000E+00  0.434495E+06
  0.216842E+00  0.412098E+06  0.407372E+06  0.000000E+00  0.000000E+00  0.000000E+00  0.411369E+06
  0.224192E+00  0.390238E+06  0.385406E+06  0.000000E+00  0.000000E+00  0.000000E+00  0.389492E+06
  0.231791E+00  0.371002E+06  0.366286E+06  0.000000E+00  0.000000E+00  0.000000E+00  0.370274E+06
  0.239647E+00  0.354818E+06  0.350450E+06  0.000000E+00  0.000000E+00  0.000000E+00  0.354144E+06
  0.247770E+00  0.340816E+06  0.336914E+06  0.000000E+00  0.000000E+00  0.000000E+00  0.340214E+06
  0.256168E+00  0.327382E+06  0.323894E+06  0.000000E+00  0.000000E+00  0.000000E+00  0.326843E+06
  0.264851E+00  0.313210E+06  0.309959E+06  0.000000E+00  0.000000E+00  0.000000E+00  0.312708E+06
  0.273828E+00  0.297968E+06  0.294767E+06  0.000000E+00  0.000000E+00  0.000000E+00  0.297474E+06
  0.283110E+00  0.282397E+06  0.279166E+06  0.000000E+00  0.000000E+00  0.000000E+00  0.281899E+06
  0.292706E+00  0.267828E+06  0.264628E+06  0.000000E+00  0.000000E+00  0.000000E+00  0.267334E+06
  0.302627E+00  0.255076E+06  0.252039E+06  0.000000E+00  0.000000E+00  0.000000E+00  0.254607E+06
  0.312884E+00  0.243860E+06  0.241076E+06  0.000000E+00  0.000000E+00  0.000000E+00  0.243430E+06
  0.323490E+00  0.233239E+06  0.230685E+06  0.000000E+00  0.000000E+00  0.000000E+00  0.232845E+06
  0.334454E+00  0.222303E+06  0.219880E+06  0.000000E+00  0.000000E+00  0.000000E+00  0.221929E+06
  0.345791E+00  0.211072E+06  0.208698E+06  0.000000E+00  0.000000E+00  0.000000E+00  0.210705E+06
  0.357512E+00  0.200272E+06  0.197953E+06  0.000000E+00  0.000000E+00  0.000000E+00  0.199914E+06
  0.369629E+00  0.190512E+06  0.188309E+06  0.000000E+00  0.000000E+00  0.000000E+00  0.190172E+06
  0.382158E+00  0.181651E+06  0.179601E+06  0.000000E+00  0.000000E+00  0.000000E+00  0.181335E+06
  0.395111E+00  0.173093E+06  0.171170E+06  0.000000E+00  0.000000E+00  0.000000E+00  0.172797E+06
  0.408504E+00  0.164509E+06  0.162664E+06  0.000000E+00  0.000000E+00  0.000000E+00  0.164224E+06
  0.422350E+00  0.156162E+06  0.154381E+06  0.000000E+00  0.000000E+00  0.000000E+00  0.155888E+06
  0.436666E+00  0.148414E+06  0.146721E+06  0.000000E+00  0.000000E+00  0.000000E+00  0.148153E+06
  0.451466E+00  0.141230E+06  0.139638E+06  0.000000E+00  0.000000E+00  0.000000E+00  0.140984E+06
  0.466769E+00  0.134291E+06  0.132784E+06  0.000000E+00  0.000000E+00  0.000000E+00  0.134058E+06
  0.482590E+00  0.127515E+06  0.126073E+06  0.000000E+00  0.000000E+00  0.000000E+00  0.127293E+06
  0.498948E+00  0.121084E+06  0.119709E+06  0.000000E+00  0.000000E+00  0.000000E+00  0.120872E+06
  0.515859E+00  0.115059E+06  0.113759E+06  0.000000E+00  0.000000E+00  0.000000E+00  0.114858E+06
  0.533344E+00  0.109304E+06  0.108072E+06  0.000000E+00  0.000000E+00  0.000000E+00  0.109114E+06
  0.551422E+00  0.103757E+06  0.102584E+06  0.000000E+00  0.000000E+00  0.000000E+00  0.103576E+06
  0.570113E+00  0.984913E+05  0.973769E+05  0.000000E+00  0.000000E+00  0.000000E+00  0.983193E+05
  0.589437E+00  0.935103E+05  0.924548E+05  0.000000E+00  0.000000E+00  0.000000E+00  0.933474E+05
  0.609416E+00  0.887496E+05  0.877478E+05  0.000000E+00  0.000000E+00  0.000000E+00  0.885950E+05
  0.630072E+00  0.842059E+05  0.832543E+05  0.000000E+00  0.000000E+00  0.000000E+00  0.840590E+05
  0.651428E+00  0.798974E+05  0.789951E+05  0.000000E+00  0.000000E+00  0.000000E+00  0.797582E+05
  0.673509E+00  0.757971E+05  0.749414E+05  0.000000E+00  0.000000E+00  0.000000E+00  0.756650E+05
  0.696337E+00  0.718908E+05  0.710789E+05  0.000000E+00  0.000000E+00  0.000000E+00  0.717655E+05
  0.719940E+00  0.681804E+05  0.674106E+05  0.000000E+00  0.000000E+00  0.000000E+00  0.680616E+05
  0.744342E+00  0.646521E+05  0.639223E+05  0.000000E+00  0.000000E+00  0.000000E+00  0.645395E+05
  0.769572E+00  0.612966E+05  0.606046E+05  0.000000E+00  0.000000E+00  0.000000E+00  0.611898E+05
  0.795656E+00  0.581081E+05  0.574522E+05  0.000000E+00  0.000000E+00  0.000000E+00  0.580069E+05
  0.822625E+00  0.550772E+05  0.544555E+05  0.000000E+00  0.000000E+00  0.000000E+00  0.549813E+05
  0.850508E+00  0.521975E+05  0.516084E+05  0.000000E+00  0.000000E+00  0.000000E+00  0.521066E+05
  0.879336E+00  0.494617E+05  0.489034E+05  0.000000E+00  0.000000E+00  0.000000E+00  0.493755E+05
  0.909141E+00  0.468631E+05  0.463342E+05  0.000000E+00  0.000000E+00  0.000000E+00  0.467815E+05
  0.939957E+00  0.443960E+05  0.438950E+05  0.000000E+00  0.000000E+00  0.000000E+00  0.443187E+05
  0.971817E+00  0.420535E+05  0.415790E+05  0.000000E+00  0.000000E+00  0.000000E+00  0.419803E+05
  0.100476E+01  0.398296E+05  0.393801E+05  0.000000E+00  0.000000E+00  0.000000E+00  0.397602E+05
  0.103881E+01  0.377189E+05  0.372933E+05  0.000000E+00  0.000000E+00  0.000000E+00  0.376532E+05
  0.107402E+01  0.357153E+05  0.353123E+05  0.000000E+00  0.000000E+00  0.000000E+00  0.356531E+05
  0.111043E+01  0.338143E+05  0.334327E+05  0.000000E+00  0.000000E+00  0.000000E+00  0.337554E+05
  0.114807E+01  0.320105E+05  0.316493E+05  0.000000E+00  0.000000E+00  0.000000E+00  0.319548E+05
  0.118698E+01  0.302999E+05  0.299580E+05  0.000000E+00  0.000000E+00  0.000000E+00  0.302471E+05
  0.122721E+01  0.286775E+05  0.283539E+05  0.000000E+00  0.000000E+00  0.000000E+00  0.286275E+05
  0.126881E+01  0.271389E+05  0.268327E+05  0.000000E+00  0.000000E+00  0.000000E+00  0.270916E+05
  0.131182E+01  0.256801E+05  0.253904E+05  0.000000E+00  0.000000E+00  0.000000E+00  0.256354E+05
  0.135628E+01  0.242970E+05  0.240229E+05  0.000000E+00  0.000000E+00  0.000000E+00  0.242547E+05
  0.140225E+01  0.229859E+05  0.227266E+05  0.000000E+00  0.000000E+00  0.000000E+00  0.229459E+05
  0.144978E+01  0.217434E+05  0.214981E+05  0.000000E+00  0.000000E+00  0.000000E+00  0.217055E+05
  0.149892E+01  0.205659E+05  0.203339E+05  0.000000E+00  0.000000E+00  0.000000E+00  0.205301E+05
  0.154973E+01  0.194502E+05  0.192308E+05  0.000000E+00  0.000000E+00  0.000000E+00  0.194164E+05
  0.160226E+01  0.183933E+05  0.181858E+05  0.000000E+00  0.000000E+00  0.000000E+00  0.183612E+05
  0.165656E+01  0.173921E+05  0.171959E+05  0.000000E+00  0.000000E+00  0.000000E+00  0.173618E+05
  0.171271E+01  0.164438E+05  0.162583E+05  0.000000E+00  0.000000E+00  0.000000E+00  0.164152E+05
  0.177077E+01  0.155457E+05  0.153704E+05  0.000000E+00  0.000000E+00  0.000000E+00  0.155187E+05
  0.183079E+01  0.146953E+05  0.145295E+05  0.000000E+00  0.000000E+00  0.000000E+00  0.146697E+05
  0.189284E+01  0.138901E+05  0.137334E+05  0.000000E+00  0.000000E+00  0.000000E+00  0.138659E+05
  0.195700E+01  0.131279E+05  0.129798E+05  0.000000E+00  0.000000E+00  0.000000E+00  0.131050E+05
  0.202333E+01  0.124064E+05  0.122665E+05  0.000000E+00  0.000000E+00  0.000000E+00  0.123848E+05
  0.209191E+01  0.117235E+05  0.115913E+05  0.000000E+00  0.000000E+00  0.000000E+00  0.117031E+05
  0.216282E+01  0.110772E+05  0.109523E+05  0.000000E+00  0.000000E+00  0.000000E+00  0.110579E+05
  0.223613E+01  0.104656E+05  0.103476E+05  0.000000E+00  0.000000E+00  0.000000E+00  0.104474E+05
  0.231192E+01  0.988702E+04  0.977550E+04  0.000000E+00  0.000000E+00  0.000000E+00  0.986981E+04
  0.239028E+01  0.933964E+04  0.923429E+04  0.000000E+00  0.000000E+00  0.000000E+00  0.932338E+04
  0.247130E+01  0.882183E+04  0.872232E+04  0.000000E+00  0.000000E+00  0.000000E+00  0.880647E+04
  0.255507E+01  0.833202E+04  0.823803E+04  0.000000E+00  0.000000E+00  0.000000E+00  0.831751E+04
  0.264167E+01  0.786879E+04  0.778003E+04  0.000000E+00  0.000000E+00  0.000000E+00  0.785509E+04
  0.273121E+01  0.743077E+04  0.734695E+04  0.000000E+00  0.000000E+00  0.000000E+00  0.741784E+04
  0.282379E+01  0.701657E+04  0.693742E+04  0.000000E+00  0.000000E+00  0.000000E+00  0.700436E+04
  0.291950E+01  0.662495E+04  0.655022E+04  0.000000E+00  0.000000E+00  0.000000E+00  0.661342E+04
  0.301846E+01  0.625470E+04  0.618414E+04  0.000000E+00  0.000000E+00  0.000000E+00  0.624381E+04
  0.312077E+01  0.590471E+04  0.583810E+04  0.000000E+00  0.000000E+00  0.000000E+00  0.589443E+04
  0.322655E+01  0.557391E+04  0.551103E+04  0.000000E+00  0.000000E+00  0.000000E+00  0.556421E+04
  0.333591E+01  0.526127E+04  0.520191E+04  0.000000E+00  0.000000E+00  0.000000E+00  0.525211E+04
  0.344898E+01  0.496579E+04  0.490976E+04  0.000000E+00  0.000000E+00  0.000000E+00  0.495714E+04
  0.356588E+01  0.468658E+04  0.463370E+04  0.000000E+00  0.000000E+00  0.000000E+00  0.467842E+04
  0.368675E+01  0.442277E+04  0.437286E+04  0.000000E+00  0.000000E+00  0.000000E+00  0.441507E+04
  0.381172E+01  0.417352E+04  0.412643E+04  0.000000E+00  0.000000E+00  0.000000E+00  0.416625E+04
  0.394091E+01  0.393806E+04  0.389362E+04  0.000000E+00  0.000000E+00  0.000000E+00  0.393120E+04
  0.407449E+01  0.371562E+04  0.367368E+04  0.000000E+00  0.000000E+00  0.000000E+00  0.370915E+04
  0.421259E+01  0.350553E+04  0.346596E+04  0.000000E+00  0.000000E+00  0.000000E+00  0.349942E+04
  0.435538E+01  0.330710E+04  0.326977E+04  0.000000E+00  0.000000E+00  0.000000E+00  0.330134E+04
  0.450301E+01  0.311970E+04  0.308449E+04  0.000000E+00  0.000000E+00  0.000000E+00  0.311427E+04
  0.465564E+01  0.294273E+04  0.290951E+04  0.000000E+00  0.000000E+00  0.000000E+00  0.293761E+04
  0.481344E+01  0.277564E+04  0.274430E+04  0.000000E+00  0.000000E+00  0.000000E+00  0.277080E+04
  0.497659E+01  0.261787E+04  0.258831E+04  0.000000E+00  0.000000E+00  0.000000E+00  0.261331E+04
  0.514527E+01  0.246892E+04  0.244104E+04  0.000000E+00  0.000000E+00  0.000000E+00  0.246461E+04
  0.531968E+01  0.232830E+04  0.230200E+04  0.000000E+00  0.000000E+00  0.000000E+00  0.232424E+04
  0.549998E+01  0.219557E+04  0.217076E+04  0.000000E+00  0.000000E+00  0.000000E+00  0.219174E+04
  0.568641E+01  0.207027E+04  0.204689E+04  0.000000E+00  0.000000E+00  0.000000E+00  0.206667E+04
  0.587915E+01  0.195202E+04  0.192996E+04  0.000000E+00  0.000000E+00  0.000000E+00  0.194862E+04
  0.607843E+01  0.184042E+04  0.181962E+04  0.000000E+00  0.000000E+00  0.000000E+00  0.183721E+04
  0.628446E+01  0.173510E+04  0.171549E+04  0.000000E+00  0.000000E+00  0.000000E+00  0.173207E+04
  0.649747E+01  0.163572E+04  0.161722E+04  0.000000E+00  0.000000E+00  0.000000E+00  0.163286E+04
  0.671770E+01  0.154194E+04  0.152450E+04  0.000000E+00  0.000000E+00  0.000000E+00  0.153925E+04
  0.694539E+01  0.145347E+04  0.143703E+04  0.000000E+00  0.000000E+00  0.000000E+00  0.145093E+04
  0.718081E+01  0.136999E+04  0.135449E+04  0.000000E+00  0.000000E+00  0.000000E+00  0.136760E+04
  0.742420E+01  0.129124E+04  0.127663E+04  0.000000E+00  0.000000E+00  0.000000E+00  0.128899E+04
  0.767585E+01  0.121696E+04  0.120318E+04  0.000000E+00  0.000000E+00  0.000000E+00  0.121483E+04
  0.793602E+01  0.114689E+04  0.113390E+04  0.000000E+00  0.000000E+00  0.000000E+00  0.114489E+04
  0.820502E+01  0.108080E+04  0.106856E+04  0.000000E+00  0.000000E+00  0.000000E+00  0.107891E+04
  0.848312E+01  0.101847E+04  0.100693E+04  0.000000E+00  0.000000E+00  0.000000E+00  0.101669E+04
  0.877066E+01  0.959681E+03  0.948803E+03  0.000000E+00  0.000000E+00  0.000000E+00  0.958002E+03
  0.906794E+01  0.904246E+03  0.893992E+03  0.000000E+00  0.000000E+00  0.000000E+00  0.902663E+03
  0.937530E+01  0.851971E+03  0.842305E+03  0.000000E+00  0.000000E+00  0.000000E+00  0.850479E+03
  0.969308E+01  0.802679E+03  0.793569E+03  0.000000E+00  0.000000E+00  0.000000E+00  0.801273E+03
  0.100216E+02  0.756203E+03  0.747616E+03  0.000000E+00  0.000000E+00  0.000000E+00  0.754878E+03
  0.103613E+02  0.712385E+03  0.704291E+03  0.000000E+00  0.000000E+00  0.000000E+00  0.711136E+03
  0.107125E+02  0.671076E+03  0.663447E+03  0.000000E+00  0.000000E+00  0.000000E+00  0.669898E+03
  0.110756E+02  0.632133E+03  0.624942E+03  0.000000E+00  0.000000E+00  0.000000E+00  0.631023E+03
  0.114510E+02  0.595423E+03  0.588646E+03  0.000000E+00  0.000000E+00  0.000000E+00  0.594377E+03
  0.118392E+02  0.560820E+03  0.554432E+03  0.000000E+00  0.000000E+00  0.000000E+00  0.559834E+03
  0.122404E+02  0.528204E+03  0.522184E+03  0.000000E+00  0.000000E+00  0.000000E+00  0.527275E+03
  0.126553E+02  0.497464E+03  0.491789E+03  0.000000E+00  0.000000E+00  0.000000E+00  0.496588E+03
  0.130843E+02  0.468493E+03  0.463144E+03  0.000000E+00  0.000000E+00  0.000000E+00  0.467668E+03
  0.135278E+02  0.441189E+03  0.436148E+03  0.000000E+00  0.000000E+00  0.000000E+00  0.440411E+03
  0.139863E+02  0.415461E+03  0.410709E+03  0.000000E+00  0.000000E+00  0.000000E+00  0.414727E+03
  0.144604E+02  0.391215E+03  0.386736E+03  0.000000E+00  0.000000E+00  0.000000E+00  0.390524E+03
  0.149505E+02  0.368370E+03  0.364148E+03  0.000000E+00  0.000000E+00  0.000000E+00  0.367718E+03
  0.154573E+02  0.346844E+03  0.342864E+03  0.000000E+00  0.000000E+00  0.000000E+00  0.346230E+03
  0.159812E+02  0.326563E+03  0.322811E+03  0.000000E+00  0.000000E+00  0.000000E+00  0.325984E+03
  0.165229E+02  0.307456E+03  0.303918E+03  0.000000E+00  0.000000E+00  0.000000E+00  0.306910E+03
  0.170829E+02  0.289455E+03  0.286120E+03  0.000000E+00  0.000000E+00  0.000000E+00  0.288940E+03
  0.176619E+02  0.272497E+03  0.269353E+03  0.000000E+00  0.000000E+00  0.000000E+00  0.272012E+03
  0.182606E+02  0.256523E+03  0.253558E+03  0.000000E+00  0.000000E+00  0.000000E+00  0.256065E+03
  0.188795E+02  0.241476E+03  0.238680E+03  0.000000E+00  0.000000E+00  0.000000E+00  0.241045E+03
  0.195195E+02  0.227303E+03  0.224666E+03  0.000000E+00  0.000000E+00  0.000000E+00  0.226896E+03
  0.201811E+02  0.213954E+03  0.211467E+03  0.000000E+00  0.000000E+00  0.000000E+00  0.213570E+03
  0.208651E+02  0.201381E+03  0.199036E+03  0.000000E+00  0.000000E+00  0.000000E+00  0.201019E+03
  0.215723E+02  0.189540E+03  0.187328E+03  0.000000E+00  0.000000E+00  0.000000E+00  0.189199E+03
  0.223035E+02  0.178389E+03  0.176301E+03  0.000000E+00  0.000000E+00  0.000000E+00  0.178067E+03
  0.230595E+02  0.167888E+03  0.165918E+03  0.000000E+00  0.000000E+00  0.000000E+00  0.167584E+03
  0.238411E+02  0.157998E+03  0.156140E+03  0.000000E+00  0.000000E+00  0.000000E+00  0.157712E+03
  0.246492E+02  0.148687E+03  0.146933E+03  0.000000E+00  0.000000E+00  0.000000E+00  0.148416E+03
  0.254847E+02  0.139919E+03  0.138263E+03  0.000000E+00  0.000000E+00  0.000000E+00  0.139663E+03
  0.263485E+02  0.131663E+03  0.130100E+03  0.000000E+00  0.000000E+00  0.000000E+00  0.131422E+03
  0.272416E+02  0.123891E+03  0.122414E+03  0.000000E+00  0.000000E+00  0.000000E+00  0.123663E+03
  0.281650E+02  0.116572E+03  0.115178E+03  0.000000E+00  0.000000E+00  0.000000E+00  0.116357E+03
  0.291196E+02  0.109683E+03  0.108366E+03  0.000000E+00  0.000000E+00  0.000000E+00  0.109480E+03
  0.301066E+02  0.103197E+03  0.101953E+03  0.000000E+00  0.000000E+00  0.000000E+00  0.103005E+03
  0.311271E+02  0.970915E+02  0.959154E+02  0.000000E+00  0.000000E+00  0.000000E+00  0.969100E+02
  0.321822E+02  0.913439E+02  0.902320E+02  0.000000E+00  0.000000E+00  0.000000E+00  0.911723E+02
  0.332730E+02  0.859338E+02  0.848824E+02  0.000000E+00  0.000000E+00  0.000000E+00  0.857715E+02
  0.344008E+02  0.808412E+02  0.798467E+02  0.000000E+00  0.000000E+00  0.000000E+00  0.806877E+02
  0.355668E+02  0.760480E+02  0.751071E+02  0.000000E+00  0.000000E+00  0.000000E+00  0.759028E+02
  0.367723E+02  0.715365E+02  0.706459E+02  0.000000E+00  0.000000E+00  0.000000E+00  0.713991E+02
  0.380187E+02  0.672905E+02  0.664473E+02  0.000000E+00  0.000000E+00  0.000000E+00  0.671604E+02
  0.393074E+02  0.632943E+02  0.624957E+02  0.000000E+00  0.000000E+00  0.000000E+00  0.631711E+02
  0.406397E+02  0.595336E+02  0.587768E+02  0.000000E+00  0.000000E+00  0.000000E+00  0.594168E+02
  0.420172E+02  0.559943E+02  0.552770E+02  0.000000E+00  0.000000E+00  0.000000E+00  0.558836E+02
  0.434414E+02  0.526637E+02  0.519835E+02  0.000000E+00  0.000000E+00  0.000000E+00  0.525587E+02
  0.449138E+02  0.495297E+02  0.488843E+02  0.000000E+00  0.000000E+00  0.000000E+00  0.494301E+02
  0.464362E+02  0.465805E+02  0.459679E+02  0.000000E+00  0.000000E+00  0.000000E+00  0.464860E+02
  0.480101E+02  0.438056E+02  0.432238E+02  0.000000E+00  0.000000E+00  0.000000E+00  0.437158E+02
  0.496375E+02  0.411945E+02  0.406417E+02  0.000000E+00  0.000000E+00  0.000000E+00  0.411092E+02
  0.513199E+02  0.387378E+02  0.382123E+02  0.000000E+00  0.000000E+00  0.000000E+00  0.386567E+02
  0.530594E+02  0.364264E+02  0.359264E+02  0.000000E+00  0.000000E+00  0.000000E+00  0.363492E+02
  0.548579E+02  0.342518E+02  0.337758E+02  0.000000E+00  0.000000E+00  0.000000E+00  0.341783E+02
  0.567173E+02  0.322058E+02  0.317525E+02  0.000000E+00  0.000000E+00  0.000000E+00  0.321359E+02
  0.586397E+02  0.302811E+02  0.298490E+02  0.000000E+00  0.000000E+00  0.000000E+00  0.302144E+02
  0.606273E+02  0.284704E+02  0.280583E+02  0.000000E+00  0.000000E+00  0.000000E+00  0.284068E+02
  0.626823E+02  0.267670E+02  0.263737E+02  0.000000E+00  0.000000E+00  0.000000E+00  0.267063E+02
  0.648069E+02  0.251647E+02  0.247890E+02  0.000000E+00  0.000000E+00  0.000000E+00  0.251067E+02
  0.670036E+02  0.236574E+02  0.232983E+02  0.000000E+00  0.000000E+00  0.000000E+00  0.236020E+02
  0.692747E+02  0.222397E+02  0.218961E+02  0.000000E+00  0.000000E+00  0.000000E+00  0.221866E+02
  0.716227E+02  0.209061E+02  0.205771E+02  0.000000E+00  0.000000E+00  0.000000E+00  0.208553E+02
  0.740504E+02  0.196518E+02  0.193365E+02  0.000000E+00  0.000000E+00  0.000000E+00  0.196031E+02
  0.765604E+02  0.184720E+02  0.181696E+02  0.000000E+00  0.000000E+00  0.000000E+00  0.184253E+02
  0.791553E+02  0.173624E+02  0.170721E+02  0.000000E+00  0.000000E+00  0.000000E+00  0.173176E+02
  0.818384E+02  0.163188E+02  0.160399E+02  0.000000E+00  0.000000E+00  0.000000E+00  0.162757E+02
  0.846122E+02  0.153373E+02  0.150691E+02  0.000000E+00  0.000000E+00  0.000000E+00  0.152959E+02
  0.874802E+02  0.144143E+02  0.141561E+02  0.000000E+00  0.000000E+00  0.000000E+00  0.143744E+02
  0.904453E+02  0.135462E+02  0.132975E+02  0.000000E+00  0.000000E+00  0.000000E+00  0.135079E+02
  0.935109E+02  0.127299E+02  0.124900E+02  0.000000E+00  0.000000E+00  0.000000E+00  0.126929E+02
  0.966806E+02  0.119623E+02  0.117307E+02  0.000000E+00  0.000000E+00  0.000000E+00  0.119265E+02
  0.999576E+02  0.112404E+02  0.110166E+02  0.000000E+00  0.000000E+00  0.000000E+00  0.112059E+02
  0.103346E+03  0.105617E+02  0.103452E+02  0.000000E+00  0.000000E+00  0.000000E+00  0.105283E+02
  0.106849E+03  0.992339E+01  0.971374E+01  0.000000E+00  0.000000E+00  0.000000E+00  0.989103E+01
  0.110470E+03  0.932326E+01  0.912005E+01  0.000000E+00  0.000000E+00  0.000000E+00  0.929190E+01
  0.114215E+03  0.875898E+01  0.856184E+01  0.000000E+00  0.000000E+00  0.000000E+00  0.872855E+01
  0.118086E+03  0.822843E+01  0.803697E+01  0.000000E+00  0.000000E+00  0.000000E+00  0.819888E+01
  0.122089E+03  0.772957E+01  0.754346E+01  0.000000E+00  0.000000E+00  0.000000E+00  0.770085E+01
  0.126227E+03  0.726058E+01  0.707950E+01  0.000000E+00  0.000000E+00  0.000000E+00  0.723263E+01
  0.130505E+03  0.681965E+01  0.664329E+01  0.000000E+00  0.000000E+00  0.000000E+00  0.679244E+01
  0.134928E+03  0.640512E+01  0.623320E+01  0.000000E+00  0.000000E+00  0.000000E+00  0.637859E+01
  0.139502E+03  0.601540E+01  0.584766E+01  0.000000E+00  0.000000E+00  0.000000E+00  0.598951E+01
  0.144230E+03  0.564904E+01  0.548524E+01  0.000000E+00  0.000000E+00  0.000000E+00  0.562376E+01
  0.149119E+03  0.530464E+01  0.514455E+01  0.000000E+00  0.000000E+00  0.000000E+00  0.527994E+01
  0.154173E+03  0.498090E+01  0.482430E+01  0.000000E+00  0.000000E+00  0.000000E+00  0.495673E+01
  0.159399E+03  0.467656E+01  0.452325E+01  0.000000E+00  0.000000E+00  0.000000E+00  0.465290E+01
  0.164802E+03  0.439050E+01  0.424031E+01  0.000000E+00  0.000000E+00  0.000000E+00  0.436732E+01
  0.170388E+03  0.412161E+01  0.397437E+01  0.000000E+00  0.000000E+00  0.000000E+00  0.409889E+01
  0.176164E+03  0.386887E+01  0.372442E+01  0.000000E+00  0.000000E+00  0.000000E+00  0.384658E+01
  0.182135E+03  0.363133E+01  0.348953E+01  0.000000E+00  0.000000E+00  0.000000E+00  0.360944E+01
  0.188308E+03  0.340807E+01  0.326879E+01  0.000000E+00  0.000000E+00  0.000000E+00  0.338657E+01
  0.194691E+03  0.319824E+01  0.306136E+01  0.000000E+00  0.000000E+00  0.000000E+00  0.317712E+01
  0.201290E+03  0.300104E+01  0.286644E+01  0.000000E+00  0.000000E+00  0.000000E+00  0.298026E+01
