  0.108800E-04  0.398251E+06  0.398251E+06  0.530997E+06  0.530997E+06  0.000000E+00  0.398251E+06
  0.112487E-04  0.398251E+06  0.398251E+06  0.530997E+06  0.530996E+06  0.000000E+00  0.398251E+06
  0.116300E-04  0.398251E+06  0.398251E+06  0.530996E+06  0.530996E+06  0.000000E+00  0.398251E+06
  0.120242E-04  0.398251E+06  0.398251E+06  0.530996E+06  0.530996E+06  0.000000E+00  0.398251E+06
  0.124318E-04  0.398251E+06  0.398251E+06  0.530996E+06  0.530995E+06  0.000000E+00  0.398251E+06
  0.128531E-04  0.398251E+06  0.398251E+06  0.530995E+06  0.530995E+06  0.000000E+00  0.398251E+06
  0.132888E-04  0.398251E+06  0.398251E+06  0.530995E+06  0.530994E+06  0.000000E+00  0.398251E+06
  0.137392E-04  0.398251E+06  0.398251E+06  0.530994E+06  0.530994E+06  0.000000E+00  0.398251E+06
  0.142049E-04  0.398251E+06  0.398251E+06  0.530994E+06  0.530993E+06  0.000000E+00  0.398251E+06
  0.146864E-04  0.398251E+06  0.398251E+06  0.530993E+06  0.530993E+06  0.000000E+00  0.398251E+06
  0.151842E-04  0.398251E+06  0.398251E+06  0.530993E+06  0.530992E+06  0.000000E+00  0.398251E+06
  0.156989E-04  0.398251E+06  0.398251E+06  0.530992E+06  0.530991E+06  0.000000E+00  0.398251E+06
  0.162310E-04  0.398251E+06  0.398251E+06  0.530991E+06  0.530991E+06  0.000000E+00  0.398251E+06
  0.167811E-04  0.398251E+06  0.398251E+06  0.530991E+06  0.530990E+06  0.000000E+00  0.398251E+06
  0.173499E-04  0.398251E+06  0.398251E+06  0.530990E+06  0.530989E+06  0.000000E+00  0.398251E+06
  0.179380E-04  0.398251E+06  0.398251E+06  0.530989E+06  0.530988E+06  0.000000E+00  0.398251E+06
  0.185460E-04  0.398251E+06  0.398251E+06  0.530988E+06  0.530987E+06  0.000000E+00  0.398251E+06
  0.191746E-04  0.398251E+06  0.398251E+06  0.530987E+06  0.530986E+06  0.000000E+00  0.398251E+06
  0.198246E-04  0.398251E+06  0.398251E+06  0.530986E+06  0.530985E+06  0.000000E+00  0.398251E+06
  0.204965E-04  0.398251E+06  0.398251E+06  0.530985E+06  0.530984E+06  0.000000E+00  0.398251E+06
  0.211913E-04  0.398251E+06  0.398251E+06  0.530984E+06  0.530983E+06  0.000000E+00  0.398251E+06
  0.219095E-04  0.398251E+06  0.398251E+06  0.530983E+06  0.530982E+06  0.000000E+00  0.398251E+06
  0.226522E-04  0.398251E+06  0.398250E+06  0.530981E+06  0.530980E+06  0.000000E+00  0.398251E+06
  0.234200E-04  0.398251E+06  0.398250E+06  0.530980E+06  0.530979E+06  0.000000E+00  0.398251E+06
  0.242138E-04  0.398250E+06  0.398250E+06  0.530979E+06  0.530977E+06  0.000000E+00  0.398250E+06
  0.250345E-04  0.398250E+06  0.398250E+06  0.530977E+06  0.530976E+06  0.000000E+00  0.398250E+06
  0.258831E-04  0.398250E+06  0.398250E+06  0.530975E+06  0.530974E+06  0.000000E+00  0.398250E+06
  0.267604E-04  0.398250E+06  0.398250E+06  0.530973E+06  0.530972E+06  0.000000E+00  0.398250E+06
  0.276674E-04  0.398250E+06  0.398250E+06  0.530971E+06  0.530970E+06  0.000000E+00  0.398250E+06
  0.286052E-04  0.398250E+06  0.398250E+06  0.530969E+06  0.530968E+06  0.000000E+00  0.398250E+06
  0.295748E-04  0.398250E+06  0.398250E+06  0.530967E+06  0.530965E+06  0.000000E+00  0.398250E+06
  0.305772E-04  0.398250E+06  0.398250E+06  0.530965E+06  0.530963E+06  0.000000E+00  0.398250E+06
  0.316136E-04  0.398250E+06  0.398250E+06  0.530962E+06  0.530960E+06  0.000000E+00  0.398250E+06
  0.326852E-04  0.398250E+06  0.398250E+06  0.530960E+06  0.530957E+06  0.000000E+00  0.398250E+06
  0.337931E-04  0.398250E+06  0.398250E+06  0.530957E+06  0.530954E+06  0.000000E+00  0.398250E+06
  0.349385E-04  0.398250E+06  0.398249E+06  0.530954E+06  0.530951E+06  0.000000E+00  0.398250E+06
  0.361227E-04  0.398250E+06  0.398249E+06  0.530950E+06  0.530947E+06  0.000000E+00  0.398250E+06
  0.373471E-04  0.398249E+06  0.398249E+06  0.530947E+06  0.530944E+06  0.000000E+00  0.398249E+06
  0.386130E-04  0.398249E+06  0.398249E+06  0.530943E+06  0.530940E+06  0.000000E+00  0.398249E+06
  0.399218E-04  0.398249E+06  0.398249E+06  0.530939E+06  0.530935E+06  0.000000E+00  0.398249E+06
  0.412749E-04  0.398249E+06  0.398249E+06  0.530934E+06  0.530931E+06  0.000000E+00  0.398249E+06
  0.426740E-04  0.398249E+06  0.398249E+06  0.530930E+06  0.530926E+06  0.000000E+00  0.398249E+06
  0.441204E-04  0.398249E+06  0.398248E+06  0.530925E+06  0.530921E+06  0.000000E+00  0.398249E+06
  0.456159E-04  0.398249E+06  0.398248E+06  0.530920E+06  0.530915E+06  0.000000E+00  0.398249E+06
  0.471620E-04  0.398248E+06  0.398248E+06  0.530914E+06  0.530909E+06  0.000000E+00  0.398248E+06
  0.487606E-04  0.398248E+06  0.398248E+06  0.530908E+06  0.530903E+06  0.000000E+00  0.398248E+06
  0.504133E-04  0.398248E+06  0.398248E+06  0.530901E+06  0.530896E+06  0.000000E+00  0.398248E+06
  0.521221E-04  0.398248E+06  0.398247E+06  0.530895E+06  0.530888E+06  0.000000E+00  0.398248E+06
  0.538888E-04  0.398248E+06  0.398247E+06  0.530887E+06  0.530881E+06  0.000000E+00  0.398248E+06
  0.557153E-04  0.398247E+06  0.398247E+06  0.530879E+06  0.530872E+06  0.000000E+00  0.398247E+06
  0.576038E-04  0.398247E+06  0.398246E+06  0.530871E+06  0.530863E+06  0.000000E+00  0.398247E+06
  0.595563E-04  0.398247E+06  0.398246E+06  0.530862E+06  0.530854E+06  0.000000E+00  0.398247E+06
  0.615750E-04  0.398246E+06  0.398246E+06  0.530852E+06  0.530844E+06  0.000000E+00  0.398246E+06
  0.636621E-04  0.398246E+06  0.398245E+06  0.530842E+06  0.530833E+06  0.000000E+00  0.398246E+06
  0.658199E-04  0.398246E+06  0.398245E+06  0.530831E+06  0.530821E+06  0.000000E+00  0.398246E+06
  0.680509E-04  0.398245E+06  0.398245E+06  0.530819E+06  0.530809E+06  0.000000E+00  0.398245E+06
  0.703575E-04  0.398245E+06  0.398244E+06  0.530806E+06  0.530795E+06  0.000000E+00  0.398245E+06
  0.727422E-04  0.398244E+06  0.398244E+06  0.530793E+06  0.530781E+06  0.000000E+00  0.398244E+06
  0.752079E-04  0.398244E+06  0.398243E+06  0.530779E+06  0.530766E+06  0.000000E+00  0.398244E+06
  0.777570E-04  0.398244E+06  0.398242E+06  0.530763E+06  0.530750E+06  0.000000E+00  0.398244E+06
  0.803926E-04  0.398243E+06  0.398242E+06  0.530747E+06  0.530732E+06  0.000000E+00  0.398243E+06
  0.831175E-04  0.398242E+06  0.398241E+06  0.530729E+06  0.530714E+06  0.000000E+00  0.398242E+06
  0.859348E-04  0.398242E+06  0.398241E+06  0.530711E+06  0.530694E+06  0.000000E+00  0.398242E+06
  0.888476E-04  0.398241E+06  0.398240E+06  0.530690E+06  0.530673E+06  0.000000E+00  0.398241E+06
  0.918591E-04  0.398240E+06  0.398239E+06  0.530669E+06  0.530650E+06  0.000000E+00  0.398240E+06
  0.949726E-04  0.398240E+06  0.398238E+06  0.530646E+06  0.530626E+06  0.000000E+00  0.398240E+06
  0.981917E-04  0.398239E+06  0.398237E+06  0.530622E+06  0.530600E+06  0.000000E+00  0.398239E+06
  0.101520E-03  0.398238E+06  0.398236E+06  0.530595E+06  0.530572E+06  0.000000E+00  0.398238E+06
  0.104961E-03  0.398237E+06  0.398235E+06  0.530567E+06  0.530543E+06  0.000000E+00  0.398237E+06
  0.108519E-03  0.398236E+06  0.398234E+06  0.530538E+06  0.530511E+06  0.000000E+00  0.398236E+06
  0.112197E-03  0.398235E+06  0.398233E+06  0.530506E+06  0.530477E+06  0.000000E+00  0.398235E+06
  0.116000E-03  0.398234E+06  0.398232E+06  0.530471E+06  0.530441E+06  0.000000E+00  0.398234E+06
  0.119932E-03  0.398233E+06  0.398230E+06  0.530435E+06  0.530403E+06  0.000000E+00  0.398233E+06
  0.123997E-03  0.398232E+06  0.398229E+06  0.530396E+06  0.530361E+06  0.000000E+00  0.398232E+06
  0.128200E-03  0.398230E+06  0.398228E+06  0.530354E+06  0.530317E+06  0.000000E+00  0.398230E+06
  0.132545E-03  0.398229E+06  0.398226E+06  0.530309E+06  0.530270E+06  0.000000E+00  0.398229E+06
  0.137038E-03  0.398227E+06  0.398224E+06  0.530262E+06  0.530220E+06  0.000000E+00  0.398227E+06
  0.141683E-03  0.398226E+06  0.398222E+06  0.530211E+06  0.530166E+06  0.000000E+00  0.398226E+06
  0.146485E-03  0.398224E+06  0.398220E+06  0.530156E+06  0.530108E+06  0.000000E+00  0.398224E+06
  0.151450E-03  0.398222E+06  0.398218E+06  0.530098E+06  0.530047E+06  0.000000E+00  0.398222E+06
  0.156583E-03  0.398220E+06  0.398216E+06  0.530036E+06  0.529981E+06  0.000000E+00  0.398220E+06
  0.161891E-03  0.398218E+06  0.398213E+06  0.529969E+06  0.529910E+06  0.000000E+00  0.398218E+06
  0.167378E-03  0.398216E+06  0.398211E+06  0.529898E+06  0.529835E+06  0.000000E+00  0.398215E+06
  0.173051E-03  0.398213E+06  0.398208E+06  0.529822E+06  0.529755E+06  0.000000E+00  0.398213E+06
  0.178917E-03  0.398210E+06  0.398205E+06  0.529741E+06  0.529669E+06  0.000000E+00  0.398210E+06
  0.184981E-03  0.398208E+06  0.398202E+06  0.529654E+06  0.529577E+06  0.000000E+00  0.398208E+06
  0.191251E-03  0.398205E+06  0.398198E+06  0.529561E+06  0.529479E+06  0.000000E+00  0.398204E+06
  0.197734E-03  0.398201E+06  0.398195E+06  0.529462E+06  0.529375E+06  0.000000E+00  0.398201E+06
  0.204436E-03  0.398198E+06  0.398191E+06  0.529356E+06  0.529263E+06  0.000000E+00  0.398198E+06
  0.211366E-03  0.398194E+06  0.398187E+06  0.529243E+06  0.529143E+06  0.000000E+00  0.398194E+06
  0.218530E-03  0.398190E+06  0.398182E+06  0.529122E+06  0.529015E+06  0.000000E+00  0.398190E+06
  0.225937E-03  0.398186E+06  0.398178E+06  0.528992E+06  0.528878E+06  0.000000E+00  0.398186E+06
  0.233595E-03  0.398182E+06  0.398173E+06  0.528854E+06  0.528732E+06  0.000000E+00  0.398182E+06
  0.241513E-03  0.398177E+06  0.398167E+06  0.528706E+06  0.528576E+06  0.000000E+00  0.398177E+06
  0.249699E-03  0.398172E+06  0.398161E+06  0.528548E+06  0.528409E+06  0.000000E+00  0.398172E+06
  0.258162E-03  0.398166E+06  0.398155E+06  0.528380E+06  0.528231E+06  0.000000E+00  0.398166E+06
  0.266913E-03  0.398161E+06  0.398148E+06  0.528199E+06  0.528040E+06  0.000000E+00  0.398160E+06
  0.275960E-03  0.398154E+06  0.398141E+06  0.528007E+06  0.527837E+06  0.000000E+00  0.398154E+06
  0.285314E-03  0.398148E+06  0.398134E+06  0.527801E+06  0.527619E+06  0.000000E+00  0.398147E+06
  0.294984E-03  0.398141E+06  0.398126E+06  0.527581E+06  0.527387E+06  0.000000E+00  0.398140E+06
  0.304983E-03  0.398133E+06  0.398117E+06  0.527345E+06  0.527138E+06  0.000000E+00  0.398132E+06
  0.315320E-03  0.398125E+06  0.398108E+06  0.527094E+06  0.526873E+06  0.000000E+00  0.398124E+06
  0.326008E-03  0.398116E+06  0.398098E+06  0.526826E+06  0.526589E+06  0.000000E+00  0.398115E+06
  0.337058E-03  0.398107E+06  0.398087E+06  0.526539E+06  0.526286E+06  0.000000E+00  0.398106E+06
  0.348483E-03  0.398097E+06  0.398076E+06  0.526233E+06  0.525963E+06  0.000000E+00  0.398096E+06
  0.360295E-03  0.398086E+06  0.398064E+06  0.525905E+06  0.525617E+06  0.000000E+00  0.398085E+06
  0.372507E-03  0.398075E+06  0.398051E+06  0.525556E+06  0.525248E+06  0.000000E+00  0.398074E+06
  0.385133E-03  0.398063E+06  0.398037E+06  0.525182E+06  0.524853E+06  0.000000E+00  0.398062E+06
  0.398187E-03  0.398050E+06  0.398023E+06  0.524783E+06  0.524432E+06  0.000000E+00  0.398049E+06
  0.411684E-03  0.398036E+06  0.398007E+06  0.524356E+06  0.523981E+06  0.000000E+00  0.398035E+06
  0.425638E-03  0.398021E+06  0.397990E+06  0.523901E+06  0.523501E+06  0.000000E+00  0.398020E+06
  0.440065E-03  0.398005E+06  0.397972E+06  0.523415E+06  0.522987E+06  0.000000E+00  0.398004E+06
  0.454981E-03  0.397988E+06  0.397953E+06  0.522895E+06  0.522439E+06  0.000000E+00  0.397987E+06
  0.470403E-03  0.397970E+06  0.397932E+06  0.522340E+06  0.521853E+06  0.000000E+00  0.397969E+06
  0.486347E-03  0.397951E+06  0.397911E+06  0.521748E+06  0.521228E+06  0.000000E+00  0.397949E+06
  0.502832E-03  0.397930E+06  0.397887E+06  0.521115E+06  0.520560E+06  0.000000E+00  0.397929E+06
  0.519875E-03  0.397908E+06  0.397862E+06  0.520440E+06  0.519847E+06  0.000000E+00  0.397906E+06
  0.537497E-03  0.397884E+06  0.397835E+06  0.519719E+06  0.519086E+06  0.000000E+00  0.397883E+06
  0.555715E-03  0.397859E+06  0.397807E+06  0.518949E+06  0.518273E+06  0.000000E+00  0.397857E+06
  0.574551E-03  0.397832E+06  0.397776E+06  0.518127E+06  0.517406E+06  0.000000E+00  0.397830E+06
  0.594026E-03  0.397803E+06  0.397743E+06  0.517250E+06  0.516481E+06  0.000000E+00  0.397801E+06
  0.614160E-03  0.397773E+06  0.397709E+06  0.516313E+06  0.515493E+06  0.000000E+00  0.397771E+06
  0.634977E-03  0.397740E+06  0.397671E+06  0.515314E+06  0.514440E+06  0.000000E+00  0.397738E+06
  0.656500E-03  0.397705E+06  0.397631E+06  0.514248E+06  0.513315E+06  0.000000E+00  0.397702E+06
  0.678752E-03  0.397667E+06  0.397589E+06  0.513111E+06  0.512116E+06  0.000000E+00  0.397665E+06
  0.701758E-03  0.397627E+06  0.397543E+06  0.511897E+06  0.510837E+06  0.000000E+00  0.397624E+06
  0.725544E-03  0.397584E+06  0.397495E+06  0.510603E+06  0.509473E+06  0.000000E+00  0.397581E+06
  0.750137E-03  0.397538E+06  0.397443E+06  0.509223E+06  0.508018E+06  0.000000E+00  0.397535E+06
  0.775563E-03  0.397489E+06  0.397387E+06  0.507751E+06  0.506468E+06  0.000000E+00  0.397486E+06
  0.801851E-03  0.397437E+06  0.397328E+06  0.506182E+06  0.504815E+06  0.000000E+00  0.397434E+06
  0.829029E-03  0.397381E+06  0.397265E+06  0.504510E+06  0.503054E+06  0.000000E+00  0.397378E+06
  0.857129E-03  0.397322E+06  0.397197E+06  0.502728E+06  0.501178E+06  0.000000E+00  0.397318E+06
  0.886182E-03  0.397258E+06  0.397125E+06  0.500829E+06  0.499179E+06  0.000000E+00  0.397254E+06
  0.916219E-03  0.397190E+06  0.397048E+06  0.498806E+06  0.497051E+06  0.000000E+00  0.397186E+06
  0.947274E-03  0.397118E+06  0.396966E+06  0.496652E+06  0.494785E+06  0.000000E+00  0.397113E+06
  0.979383E-03  0.397040E+06  0.396878E+06  0.494359E+06  0.492373E+06  0.000000E+00  0.397035E+06
  0.101258E-02  0.396958E+06  0.396784E+06  0.491918E+06  0.489807E+06  0.000000E+00  0.396952E+06
  0.104690E-02  0.396869E+06  0.396684E+06  0.489320E+06  0.487078E+06  0.000000E+00  0.396863E+06
  0.108239E-02  0.396775E+06  0.396576E+06  0.486557E+06  0.484176E+06  0.000000E+00  0.396769E+06
  0.111907E-02  0.396674E+06  0.396462E+06  0.483619E+06  0.481091E+06  0.000000E+00  0.396668E+06
  0.115700E-02  0.396567E+06  0.396340E+06  0.480496E+06  0.477814E+06  0.000000E+00  0.396560E+06
  0.119622E-02  0.396452E+06  0.396210E+06  0.477177E+06  0.474333E+06  0.000000E+00  0.396444E+06
  0.123677E-02  0.396330E+06  0.396071E+06  0.473653E+06  0.470638E+06  0.000000E+00  0.396322E+06
  0.127869E-02  0.396199E+06  0.395923E+06  0.469911E+06  0.466717E+06  0.000000E+00  0.396190E+06
  0.132203E-02  0.396060E+06  0.395764E+06  0.465940E+06  0.462559E+06  0.000000E+00  0.396050E+06
  0.136684E-02  0.395911E+06  0.395595E+06  0.461728E+06  0.458152E+06  0.000000E+00  0.395901E+06
  0.141317E-02  0.395753E+06  0.395415E+06  0.457264E+06  0.453484E+06  0.000000E+00  0.395742E+06
  0.146107E-02  0.395584E+06  0.395223E+06  0.452535E+06  0.448542E+06  0.000000E+00  0.395572E+06
  0.151059E-02  0.395403E+06  0.395018E+06  0.447528E+06  0.443314E+06  0.000000E+00  0.395391E+06
  0.156179E-02  0.395211E+06  0.394800E+06  0.442231E+06  0.437788E+06  0.000000E+00  0.395198E+06
  0.161473E-02  0.395006E+06  0.394567E+06  0.436630E+06  0.431951E+06  0.000000E+00  0.394992E+06
  0.166946E-02  0.394788E+06  0.394318E+06  0.430714E+06  0.425790E+06  0.000000E+00  0.394773E+06
  0.172605E-02  0.394555E+06  0.394053E+06  0.424469E+06  0.419295E+06  0.000000E+00  0.394540E+06
  0.178455E-02  0.394308E+06  0.393771E+06  0.417884E+06  0.412452E+06  0.000000E+00  0.394291E+06
  0.184504E-02  0.394044E+06  0.393471E+06  0.410945E+06  0.405252E+06  0.000000E+00  0.394026E+06
  0.190758E-02  0.393763E+06  0.393151E+06  0.403643E+06  0.397684E+06  0.000000E+00  0.393743E+06
  0.197223E-02  0.393464E+06  0.392810E+06  0.395966E+06  0.389738E+06  0.000000E+00  0.393443E+06
  0.203908E-02  0.393145E+06  0.392447E+06  0.387905E+06  0.381407E+06  0.000000E+00  0.393123E+06
  0.210820E-02  0.392806E+06  0.392061E+06  0.379452E+06  0.372684E+06  0.000000E+00  0.392783E+06
  0.217966E-02  0.392446E+06  0.391650E+06  0.370599E+06  0.363565E+06  0.000000E+00  0.392421E+06
  0.225354E-02  0.392063E+06  0.391213E+06  0.361342E+06  0.354046E+06  0.000000E+00  0.392036E+06
  0.232992E-02  0.391656E+06  0.390748E+06  0.351677E+06  0.344128E+06  0.000000E+00  0.391628E+06
  0.240889E-02  0.391224E+06  0.390254E+06  0.341605E+06  0.333813E+06  0.000000E+00  0.391193E+06
  0.249054E-02  0.390764E+06  0.389729E+06  0.331126E+06  0.323106E+06  0.000000E+00  0.390732E+06
  0.257496E-02  0.390277E+06  0.389171E+06  0.320248E+06  0.312017E+06  0.000000E+00  0.390242E+06
  0.266224E-02  0.389759E+06  0.388579E+06  0.308978E+06  0.300559E+06  0.000000E+00  0.389722E+06
  0.275248E-02  0.389211E+06  0.387950E+06  0.297330E+06  0.288750E+06  0.000000E+00  0.389171E+06
  0.284577E-02  0.388629E+06  0.387283E+06  0.285323E+06  0.276612E+06  0.000000E+00  0.388587E+06
  0.294223E-02  0.388013E+06  0.386577E+06  0.272978E+06  0.264172E+06  0.000000E+00  0.387968E+06
  0.304196E-02  0.387360E+06  0.385827E+06  0.260323E+06  0.251465E+06  0.000000E+00  0.387312E+06
  0.314506E-02  0.386670E+06  0.385034E+06  0.247393E+06  0.238529E+06  0.000000E+00  0.386618E+06
  0.325166E-02  0.385939E+06  0.384194E+06  0.234228E+06  0.225410E+06  0.000000E+00  0.385884E+06
  0.336188E-02  0.385167E+06  0.383305E+06  0.220873E+06  0.212160E+06  0.000000E+00  0.385108E+06
  0.347583E-02  0.384352E+06  0.382365E+06  0.207383E+06  0.198837E+06  0.000000E+00  0.384289E+06
  0.359365E-02  0.383491E+06  0.381372E+06  0.193817E+06  0.185505E+06  0.000000E+00  0.383424E+06
  0.371545E-02  0.382584E+06  0.380324E+06  0.180242E+06  0.172237E+06  0.000000E+00  0.382512E+06
  0.384139E-02  0.381627E+06  0.379217E+06  0.166732E+06  0.159107E+06  0.000000E+00  0.381551E+06
  0.397159E-02  0.380620E+06  0.378051E+06  0.153365E+06  0.146197E+06  0.000000E+00  0.380539E+06
  0.410621E-02  0.379561E+06  0.376822E+06  0.140227E+06  0.133594E+06  0.000000E+00  0.379474E+06
  0.424539E-02  0.378447E+06  0.375528E+06  0.127407E+06  0.121384E+06  0.000000E+00  0.378355E+06
  0.438929E-02  0.377278E+06  0.374167E+06  0.114997E+06  0.109657E+06  0.000000E+00  0.377180E+06
  0.453806E-02  0.376051E+06  0.372737E+06  0.103092E+06  0.985002E+05  0.000000E+00  0.375947E+06
  0.469188E-02  0.374766E+06  0.371235E+06  0.917844E+05  0.879995E+05  0.000000E+00  0.374655E+06
  0.485091E-02  0.373420E+06  0.369660E+06  0.811657E+05  0.782334E+05  0.000000E+00  0.373302E+06
  0.501534E-02  0.372013E+06  0.368009E+06  0.713210E+05  0.692722E+05  0.000000E+00  0.371887E+06
  0.518533E-02  0.370544E+06  0.366281E+06  0.623269E+05  0.611744E+05  0.000000E+00  0.370409E+06
  0.536109E-02  0.369010E+06  0.364473E+06  0.542483E+05  0.539835E+05  0.000000E+00  0.368867E+06
  0.554280E-02  0.367412E+06  0.362584E+06  0.471346E+05  0.477251E+05  0.000000E+00  0.367260E+06
  0.573068E-02  0.365748E+06  0.360612E+06  0.410168E+05  0.424037E+05  0.000000E+00  0.365586E+06
  0.592492E-02  0.364018E+06  0.358556E+06  0.359039E+05  0.380010E+05  0.000000E+00  0.363846E+06
  0.612574E-02  0.362221E+06  0.356414E+06  0.317800E+05  0.344736E+05  0.000000E+00  0.362038E+06
  0.633338E-02  0.360357E+06  0.354184E+06  0.286026E+05  0.317530E+05  0.000000E+00  0.360162E+06
  0.654805E-02  0.358425E+06  0.351867E+06  0.263014E+05  0.297461E+05  0.000000E+00  0.358219E+06
  0.677000E-02  0.356426E+06  0.349460E+06  0.247783E+05  0.283374E+05  0.000000E+00  0.356207E+06
  0.699947E-02  0.354359E+06  0.346962E+06  0.239095E+05  0.273932E+05  0.000000E+00  0.354126E+06
  0.723671E-02  0.352225E+06  0.344373E+06  0.235490E+05  0.267676E+05  0.000000E+00  0.351978E+06
  0.748200E-02  0.350022E+06  0.341691E+06  0.235348E+05  0.263098E+05  0.000000E+00  0.349760E+06
  0.773561E-02  0.347753E+06  0.338915E+06  0.236964E+05  0.258737E+05  0.000000E+00  0.347474E+06
  0.799781E-02  0.345415E+06  0.336045E+06  0.238649E+05  0.253276E+05  0.000000E+00  0.345120E+06
  0.826889E-02  0.343010E+06  0.333079E+06  0.238839E+05  0.245650E+05  0.000000E+00  0.342697E+06
  0.854917E-02  0.340537E+06  0.330016E+06  0.236218E+05  0.235136E+05  0.000000E+00  0.340206E+06
  0.883894E-02  0.337996E+06  0.326856E+06  0.229831E+05  0.221434E+05  0.000000E+00  0.337646E+06
  0.913854E-02  0.335388E+06  0.323598E+06  0.219190E+05  0.204703E+05  0.000000E+00  0.335017E+06
  0.944829E-02  0.332712E+06  0.320240E+06  0.204338E+05  0.185559E+05  0.000000E+00  0.332320E+06
  0.976854E-02  0.329968E+06  0.316781E+06  0.185877E+05  0.165014E+05  0.000000E+00  0.329553E+06
  0.100996E-01  0.327156E+06  0.313221E+06  0.164930E+05  0.144361E+05  0.000000E+00  0.326718E+06
  0.104420E-01  0.324276E+06  0.309558E+06  0.143035E+05  0.124997E+05  0.000000E+00  0.323813E+06
  0.107959E-01  0.321327E+06  0.305793E+06  0.121972E+05  0.108220E+05  0.000000E+00  0.320838E+06
  0.111618E-01  0.318310E+06  0.301924E+06  0.103532E+05  0.950102E+04  0.000000E+00  0.317794E+06
  0.115402E-01  0.315225E+06  0.297951E+06  0.892441E+04  0.858413E+04  0.000000E+00  0.314681E+06
  0.119313E-01  0.312071E+06  0.293875E+06  0.801181E+04  0.805631E+04  0.000000E+00  0.311498E+06
  0.123357E-01  0.308850E+06  0.289697E+06  0.764262E+04  0.783916E+04  0.000000E+00  0.308247E+06
  0.127539E-01  0.305561E+06  0.285415E+06  0.000000E+00  0.000000E+00  0.000000E+00  0.304926E+06
  0.131862E-01  0.302204E+06  0.281033E+06  0.000000E+00  0.000000E+00  0.000000E+00  0.301538E+06
  0.136331E-01  0.298782E+06  0.276551E+06  0.000000E+00  0.000000E+00  0.000000E+00  0.298082E+06
  0.140952E-01  0.295293E+06  0.271972E+06  0.000000E+00  0.000000E+00  0.000000E+00  0.294559E+06
  0.145730E-01  0.291740E+06  0.267299E+06  0.000000E+00  0.000000E+00  0.000000E+00  0.290970E+06
  0.150669E-01  0.288122E+06  0.262533E+06  0.000000E+00  0.000000E+00  0.000000E+00  0.287316E+06
  0.155776E-01  0.284441E+06  0.257680E+06  0.000000E+00  0.000000E+00  0.000000E+00  0.283598E+06
  0.161056E-01  0.280698E+06  0.252743E+06  0.000000E+00  0.000000E+00  0.000000E+00  0.279817E+06
  0.166515E-01  0.276894E+06  0.247728E+06  0.000000E+00  0.000000E+00  0.000000E+00  0.275975E+06
  0.172159E-01  0.273029E+06  0.242639E+06  0.000000E+00  0.000000E+00  0.000000E+00  0.272072E+06
  0.177994E-01  0.269107E+06  0.237485E+06  0.000000E+00  0.000000E+00  0.000000E+00  0.268111E+06
  0.184028E-01  0.265128E+06  0.232273E+06  0.000000E+00  0.000000E+00  0.000000E+00  0.264093E+06
  0.190265E-01  0.261094E+06  0.227011E+06  0.000000E+00  0.000000E+00  0.000000E+00  0.260020E+06
  0.196714E-01  0.257007E+06  0.221709E+06  0.000000E+00  0.000000E+00  0.000000E+00  0.255895E+06
  0.203382E-01  0.252870E+06  0.216377E+06  0.000000E+00  0.000000E+00  0.000000E+00  0.251720E+06
  0.210276E-01  0.248684E+06  0.211028E+06  0.000000E+00  0.000000E+00  0.000000E+00  0.247498E+06
  0.217403E-01  0.244453E+06  0.205675E+06  0.000000E+00  0.000000E+00  0.000000E+00  0.243231E+06
  0.224772E-01  0.240179E+06  0.200330E+06  0.000000E+00  0.000000E+00  0.000000E+00  0.238924E+06
  0.232390E-01  0.235865E+06  0.195010E+06  0.000000E+00  0.000000E+00  0.000000E+00  0.234579E+06
  0.240267E-01  0.231516E+06  0.189730E+06  0.000000E+00  0.000000E+00  0.000000E+00  0.230200E+06
  0.248411E-01  0.227135E+06  0.184507E+06  0.000000E+00  0.000000E+00  0.000000E+00  0.225792E+06
  0.256831E-01  0.222725E+06  0.179359E+06  0.000000E+00  0.000000E+00  0.000000E+00  0.221359E+06
  0.265537E-01  0.218292E+06  0.174305E+06  0.000000E+00  0.000000E+00  0.000000E+00  0.216906E+06
  0.274537E-01  0.213840E+06  0.169363E+06  0.000000E+00  0.000000E+00  0.000000E+00  0.212439E+06
  0.283842E-01  0.209373E+06  0.164552E+06  0.000000E+00  0.000000E+00  0.000000E+00  0.207962E+06
  0.293463E-01  0.204899E+06  0.159892E+06  0.000000E+00  0.000000E+00  0.000000E+00  0.203482E+06
  0.303410E-01  0.200422E+06  0.155399E+06  0.000000E+00  0.000000E+00  0.000000E+00  0.199004E+06
  0.313694E-01  0.195949E+06  0.151093E+06  0.000000E+00  0.000000E+00  0.000000E+00  0.194536E+06
  0.324327E-01  0.191485E+06  0.146988E+06  0.000000E+00  0.000000E+00  0.000000E+00  0.190083E+06
  0.335320E-01  0.187037E+06  0.143098E+06  0.000000E+00  0.000000E+00  0.000000E+00  0.185653E+06
  0.346686E-01  0.182613E+06  0.139434E+06  0.000000E+00  0.000000E+00  0.000000E+00  0.181253E+06
  0.358437E-01  0.178217E+06  0.136002E+06  0.000000E+00  0.000000E+00  0.000000E+00  0.176888E+06
  0.370586E-01  0.173857E+06  0.132805E+06  0.000000E+00  0.000000E+00  0.000000E+00  0.172564E+06
  0.383147E-01  0.169523E+06  0.129825E+06  0.000000E+00  0.000000E+00  0.000000E+00  0.168273E+06
  0.396134E-01  0.165210E+06  0.127042E+06  0.000000E+00  0.000000E+00  0.000000E+00  0.164008E+06
  0.409561E-01  0.160955E+06  0.124476E+06  0.000000E+00  0.000000E+00  0.000000E+00  0.159806E+06
  0.423443E-01  0.156764E+06  0.122111E+06  0.000000E+00  0.000000E+00  0.000000E+00  0.155672E+06
  0.437796E-01  0.152640E+06  0.119919E+06  0.000000E+00  0.000000E+00  0.000000E+00  0.151609E+06
  0.452635E-01  0.148582E+06  0.117863E+06  0.000000E+00  0.000000E+00  0.000000E+00  0.147615E+06
  0.467977E-01  0.144588E+06  0.115899E+06  0.000000E+00  0.000000E+00  0.000000E+00  0.143685E+06
  0.483839E-01  0.140652E+06  0.113976E+06  0.000000E+00  0.000000E+00  0.000000E+00  0.139811E+06
  0.500239E-01  0.136766E+06  0.112040E+06  0.000000E+00  0.000000E+00  0.000000E+00  0.135988E+06
  0.517194E-01  0.132928E+06  0.110037E+06  0.000000E+00  0.000000E+00  0.000000E+00  0.132207E+06
  0.534725E-01  0.129133E+06  0.107919E+06  0.000000E+00  0.000000E+00  0.000000E+00  0.128465E+06
  0.552850E-01  0.125384E+06  0.105643E+06  0.000000E+00  0.000000E+00  0.000000E+00  0.124762E+06
  0.571588E-01  0.121689E+06  0.103183E+06  0.000000E+00  0.000000E+00  0.000000E+00  0.121106E+06
  0.590963E-01  0.118067E+06  0.100533E+06  0.000000E+00  0.000000E+00  0.000000E+00  0.117514E+06
  0.610993E-01  0.114607E+06  0.977861E+05  0.000000E+00  0.000000E+00  0.000000E+00  0.114078E+06
  0.631703E-01  0.111108E+06  0.947086E+05  0.000000E+00  0.000000E+00  0.000000E+00  0.110592E+06
  0.653114E-01  0.107659E+06  0.914215E+05  0.000000E+00  0.000000E+00  0.000000E+00  0.107147E+06
  0.675252E-01  0.104255E+06  0.879550E+05  0.000000E+00  0.000000E+00  0.000000E+00  0.103742E+06
  0.698139E-01  0.100896E+06  0.843577E+05  0.000000E+00  0.000000E+00  0.000000E+00  0.100375E+06
  0.721803E-01  0.975839E+05  0.806964E+05  0.000000E+00  0.000000E+00  0.000000E+00  0.970520E+05
  0.746268E-01  0.943260E+05  0.770534E+05  0.000000E+00  0.000000E+00  0.000000E+00  0.937820E+05
  0.771564E-01  0.911347E+05  0.735220E+05  0.000000E+00  0.000000E+00  0.000000E+00  0.905800E+05
  0.797716E-01  0.880225E+05  0.701928E+05  0.000000E+00  0.000000E+00  0.000000E+00  0.874609E+05
  0.824755E-01  0.849982E+05  0.671423E+05  0.000000E+00  0.000000E+00  0.000000E+00  0.844358E+05
  0.852709E-01  0.820644E+05  0.644220E+05  0.000000E+00  0.000000E+00  0.000000E+00  0.815088E+05
  0.881612E-01  0.792172E+05  0.620506E+05  0.000000E+00  0.000000E+00  0.000000E+00  0.786765E+05
  0.911495E-01  0.764496E+05  0.600131E+05  0.000000E+00  0.000000E+00  0.000000E+00  0.759319E+05
  0.942390E-01  0.737569E+05  0.582645E+05  0.000000E+00  0.000000E+00  0.000000E+00  0.732690E+05
  0.974333E-01  0.711377E+05  0.567349E+05  0.000000E+00  0.000000E+00  0.000000E+00  0.706841E+05
  0.100736E+00  0.685928E+05  0.553356E+05  0.000000E+00  0.000000E+00  0.000000E+00  0.681753E+05
  0.104150E+00  0.661199E+05  0.539661E+05  0.000000E+00  0.000000E+00  0.000000E+00  0.657371E+05
  0.107680E+00  0.637120E+05  0.525269E+05  0.000000E+00  0.000000E+00  0.000000E+00  0.633597E+05
  0.111330E+00  0.613600E+05  0.509386E+05  0.000000E+00  0.000000E+00  0.000000E+00  0.610318E+05
  0.115104E+00  0.590588E+05  0.491609E+05  0.000000E+00  0.000000E+00  0.000000E+00  0.587471E+05
  0.119005E+00  0.568090E+05  0.472021E+05  0.000000E+00  0.000000E+00  0.000000E+00  0.565064E+05
  0.123039E+00  0.546135E+05  0.451148E+05  0.000000E+00  0.000000E+00  0.000000E+00  0.543143E+05
  0.127209E+00  0.524737E+05  0.429819E+05  0.000000E+00  0.000000E+00  0.000000E+00  0.521747E+05
  0.131521E+00  0.503918E+05  0.409015E+05  0.000000E+00  0.000000E+00  0.000000E+00  0.500929E+05
  0.135979E+00  0.483760E+05  0.389697E+05  0.000000E+00  0.000000E+00  0.000000E+00  0.480797E+05
  0.140588E+00  0.464377E+05  0.372555E+05  0.000000E+00  0.000000E+00  0.000000E+00  0.461485E+05
  0.145353E+00  0.445807E+05  0.357748E+05  0.000000E+00  0.000000E+00  0.000000E+00  0.443033E+05
  0.150280E+00  0.427963E+05  0.344828E+05  0.000000E+00  0.000000E+00  0.000000E+00  0.425344E+05
  0.155374E+00  0.410731E+05  0.332991E+05  0.000000E+00  0.000000E+00  0.000000E+00  0.408283E+05
  0.160640E+00  0.394060E+05  0.321407E+05  0.000000E+00  0.000000E+00  0.000000E+00  0.391772E+05
  0.166085E+00  0.377918E+05  0.309445E+05  0.000000E+00  0.000000E+00  0.000000E+00  0.375762E+05
  0.171715E+00  0.362243E+05  0.296803E+05  0.000000E+00  0.000000E+00  0.000000E+00  0.360182E+05
  0.177535E+00  0.347007E+05  0.283644E+05  0.000000E+00  0.000000E+00  0.000000E+00  0.345011E+05
  0.183553E+00  0.332262E+05  0.270524E+05  0.000000E+00  0.000000E+00  0.000000E+00  0.330317E+05
  0.189774E+00  0.318055E+05  0.258051E+05  0.000000E+00  0.000000E+00  0.000000E+00  0.316165E+05
  0.196206E+00  0.304404E+05  0.246596E+05  0.000000E+00  0.000000E+00  0.000000E+00  0.302583E+05
  0.202857E+00  0.291324E+05  0.236193E+05  0.000000E+00  0.000000E+00  0.000000E+00  0.289587E+05
  0.209733E+00  0.278767E+05  0.226528E+05  0.000000E+00  0.000000E+00  0.000000E+00  0.277122E+05
  0.216842E+00  0.266654E+05  0.217150E+05  0.000000E+00  0.000000E+00  0.000000E+00  0.265094E+05
  0.224192E+00  0.254980E+05  0.207823E+05  0.000000E+00  0.000000E+00  0.000000E+00  0.253495E+05
  0.231791E+00  0.243746E+05  0.198550E+05  0.000000E+00  0.000000E+00  0.000000E+00  0.242323E+05
  0.239647E+00  0.232905E+05  0.189474E+05  0.000000E+00  0.000000E+00  0.000000E+00  0.231537E+05
  0.247770E+00  0.222486E+05  0.180830E+05  0.000000E+00  0.000000E+00  0.000000E+00  0.221174E+05
  0.256168E+00  0.212508E+05  0.172722E+05  0.000000E+00  0.000000E+00  0.000000E+00  0.211255E+05
  0.264851E+00  0.202922E+05  0.165035E+05  0.000000E+00  0.000000E+00  0.000000E+00  0.201729E+05
  0.273828E+00  0.193728E+05  0.157648E+05  0.000000E+00  0.000000E+00  0.000000E+00  0.192591E+05
  0.283110E+00  0.184901E+05  0.150478E+05  0.000000E+00  0.000000E+00  0.000000E+00  0.183816E+05
  0.292706E+00  0.176418E+05  0.143532E+05  0.000000E+00  0.000000E+00  0.000000E+00  0.175382E+05
  0.302627E+00  0.168289E+05  0.136886E+05  0.000000E+00  0.000000E+00  0.000000E+00  0.167300E+05
  0.312884E+00  0.160493E+05  0.130547E+05  0.000000E+00  0.000000E+00  0.000000E+00  0.159550E+05
  0.323490E+00  0.153028E+05  0.124495E+05  0.000000E+00  0.000000E+00  0.000000E+00  0.152129E+05
  0.334454E+00  0.145871E+05  0.118682E+05  0.000000E+00  0.000000E+00  0.000000E+00  0.145015E+05
  0.345791E+00  0.139019E+05  0.113104E+05  0.000000E+00  0.000000E+00  0.000000E+00  0.138203E+05
  0.357512E+00  0.132456E+05  0.107760E+05  0.000000E+00  0.000000E+00  0.000000E+00  0.131678E+05
  0.369629E+00  0.126177E+05  0.102654E+05  0.000000E+00  0.000000E+00  0.000000E+00  0.125436E+05
  0.382158E+00  0.120166E+05  0.977665E+04  0.000000E+00  0.000000E+00  0.000000E+00  0.119461E+05
  0.395111E+00  0.114420E+05  0.930923E+04  0.000000E+00  0.000000E+00  0.000000E+00  0.113748E+05
  0.408504E+00  0.108922E+05  0.886191E+04  0.000000E+00  0.000000E+00  0.000000E+00  0.108283E+05
  0.422350E+00  0.103671E+05  0.843482E+04  0.000000E+00  0.000000E+00  0.000000E+00  0.103062E+05
  0.436666E+00  0.986504E+04  0.802642E+04  0.000000E+00  0.000000E+00  0.000000E+00  0.980713E+04
  0.451466E+00  0.938565E+04  0.763641E+04  0.000000E+00  0.000000E+00  0.000000E+00  0.933055E+04
  0.466769E+00  0.892781E+04  0.726396E+04  0.000000E+00  0.000000E+00  0.000000E+00  0.887541E+04
  0.482590E+00  0.849061E+04  0.690830E+04  0.000000E+00  0.000000E+00  0.000000E+00  0.844077E+04
  0.498948E+00  0.807341E+04  0.656890E+04  0.000000E+00  0.000000E+00  0.000000E+00  0.802602E+04
  0.515859E+00  0.767527E+04  0.624499E+04  0.000000E+00  0.000000E+00  0.000000E+00  0.763022E+04
  0.533344E+00  0.729529E+04  0.593586E+04  0.000000E+00  0.000000E+00  0.000000E+00  0.725247E+04
  0.551422E+00  0.693287E+04  0.564102E+04  0.000000E+00  0.000000E+00  0.000000E+00  0.689218E+04
  0.570113E+00  0.658727E+04  0.535985E+04  0.000000E+00  0.000000E+00  0.000000E+00  0.654862E+04
  0.589437E+00  0.625776E+04  0.509177E+04  0.000000E+00  0.000000E+00  0.000000E+00  0.622103E+04
  0.609416E+00  0.594366E+04  0.483623E+04  0.000000E+00  0.000000E+00  0.000000E+00  0.590878E+04
  0.630072E+00  0.564435E+04  0.459271E+04  0.000000E+00  0.000000E+00  0.000000E+00  0.561123E+04
  0.651428E+00  0.535926E+04  0.436077E+04  0.000000E+00  0.000000E+00  0.000000E+00  0.532781E+04
  0.673509E+00  0.508778E+04  0.413989E+04  0.000000E+00  0.000000E+00  0.000000E+00  0.505793E+04
  0.696337E+00  0.482933E+04  0.392961E+04  0.000000E+00  0.000000E+00  0.000000E+00  0.480099E+04
  0.719940E+00  0.458331E+04  0.372944E+04  0.000000E+00  0.000000E+00  0.000000E+00  0.455641E+04
  0.744342E+00  0.434914E+04  0.353892E+04  0.000000E+00  0.000000E+00  0.000000E+00  0.432362E+04
  0.769572E+00  0.412629E+04  0.335760E+04  0.000000E+00  0.000000E+00  0.000000E+00  0.410207E+04
  0.795656E+00  0.391422E+04  0.318506E+04  0.000000E+00  0.000000E+00  0.000000E+00  0.389126E+04
  0.822625E+00  0.371247E+04  0.302091E+04  0.000000E+00  0.000000E+00  0.000000E+00  0.369069E+04
  0.850508E+00  0.352059E+04  0.286478E+04  0.000000E+00  0.000000E+00  0.000000E+00  0.349993E+04
  0.879336E+00  0.333814E+04  0.271633E+04  0.000000E+00  0.000000E+00  0.000000E+00  0.331855E+04
  0.909141E+00  0.316472E+04  0.257522E+04  0.000000E+00  0.000000E+00  0.000000E+00  0.314615E+04
  0.939957E+00  0.299992E+04  0.244114E+04  0.000000E+00  0.000000E+00  0.000000E+00  0.298232E+04
  0.971817E+00  0.284332E+04  0.231372E+04  0.000000E+00  0.000000E+00  0.000000E+00  0.282664E+04
  0.100476E+01  0.269451E+04  0.219263E+04  0.000000E+00  0.000000E+00  0.000000E+00  0.267871E+04
  0.103881E+01  0.255315E+04  0.207761E+04  0.000000E+00  0.000000E+00  0.000000E+00  0.253817E+04
  0.107402E+01  0.241886E+04  0.196834E+04  0.000000E+00  0.000000E+00  0.000000E+00  0.240467E+04
  0.111043E+01  0.229137E+04  0.186459E+04  0.000000E+00  0.000000E+00  0.000000E+00  0.227792E+04
  0.114807E+01  0.217032E+04  0.176610E+04  0.000000E+00  0.000000E+00  0.000000E+00  0.215759E+04
  0.118698E+01  0.205544E+04  0.167262E+04  0.000000E+00  0.000000E+00  0.000000E+00  0.204338E+04
  0.122721E+01  0.194640E+04  0.158389E+04  0.000000E+00  0.000000E+00  0.000000E+00  0.193498E+04
  0.126881E+01  0.184290E+04  0.149968E+04  0.000000E+00  0.000000E+00  0.000000E+00  0.183209E+04
  0.131182E+01  0.174471E+04  0.141977E+04  0.000000E+00  0.000000E+00  0.000000E+00  0.173447E+04
  0.135628E+01  0.165155E+04  0.134397E+04  0.000000E+00  0.000000E+00  0.000000E+00  0.164187E+04
  0.140225E+01  0.156321E+04  0.127208E+04  0.000000E+00  0.000000E+00  0.000000E+00  0.155404E+04
  0.144978E+01  0.147941E+04  0.120390E+04  0.000000E+00  0.000000E+00  0.000000E+00  0.147073E+04
  0.149892E+01  0.139994E+04  0.113923E+04  0.000000E+00  0.000000E+00  0.000000E+00  0.139173E+04
  0.154973E+01  0.132460E+04  0.107792E+04  0.000000E+00  0.000000E+00  0.000000E+00  0.131683E+04
  0.160226E+01  0.125318E+04  0.101980E+04  0.000000E+00  0.000000E+00  0.000000E+00  0.124582E+04
  0.165656E+01  0.118548E+04  0.964716E+03  0.000000E+00  0.000000E+00  0.000000E+00  0.117853E+04
  0.171271E+01  0.112132E+04  0.912506E+03  0.000000E+00  0.000000E+00  0.000000E+00  0.111475E+04
  0.177077E+01  0.106053E+04  0.863034E+03  0.000000E+00  0.000000E+00  0.000000E+00  0.105431E+04
  0.183079E+01  0.100293E+04  0.816164E+03  0.000000E+00  0.000000E+00  0.000000E+00  0.997047E+03
  0.189284E+01  0.948368E+03  0.771764E+03  0.000000E+00  0.000000E+00  0.000000E+00  0.942805E+03
  0.195700E+01  0.896685E+03  0.729708E+03  0.000000E+00  0.000000E+00  0.000000E+00  0.891426E+03
  0.202333E+01  0.847742E+03  0.689880E+03  0.000000E+00  0.000000E+00  0.000000E+00  0.842770E+03
  0.209191E+01  0.801394E+03  0.652163E+03  0.000000E+00  0.000000E+00  0.000000E+00  0.796694E+03
  0.216282E+01  0.757509E+03  0.616452E+03  0.000000E+00  0.000000E+00  0.000000E+00  0.753067E+03
  0.223613E+01  0.715960E+03  0.582640E+03  0.000000E+00  0.000000E+00  0.000000E+00  0.711761E+03
  0.231192E+01  0.676628E+03  0.550633E+03  0.000000E+00  0.000000E+00  0.000000E+00  0.672659E+03
  0.239028E+01  0.639398E+03  0.520336E+03  0.000000E+00  0.000000E+00  0.000000E+00  0.635648E+03
  0.247130E+01  0.604162E+03  0.491662E+03  0.000000E+00  0.000000E+00  0.000000E+00  0.600618E+03
  0.255507E+01  0.570818E+03  0.464527E+03  0.000000E+00  0.000000E+00  0.000000E+00  0.567470E+03
  0.264167E+01  0.539268E+03  0.438853E+03  0.000000E+00  0.000000E+00  0.000000E+00  0.536105E+03
  0.273121E+01  0.509420E+03  0.414563E+03  0.000000E+00  0.000000E+00  0.000000E+00  0.506433E+03
  0.282379E+01  0.481185E+03  0.391586E+03  0.000000E+00  0.000000E+00  0.000000E+00  0.478363E+03
  0.291950E+01  0.454479E+03  0.369853E+03  0.000000E+00  0.000000E+00  0.000000E+00  0.451814E+03
  0.301846E+01  0.429221E+03  0.349298E+03  0.000000E+00  0.000000E+00  0.000000E+00  0.426704E+03
  0.312077E+01  0.405335E+03  0.329860E+03  0.000000E+00  0.000000E+00  0.000000E+00  0.402957E+03
  0.322655E+01  0.382747E+03  0.311478E+03  0.000000E+00  0.000000E+00  0.000000E+00  0.380503E+03
  0.333591E+01  0.361390E+03  0.294098E+03  0.000000E+00  0.000000E+00  0.000000E+00  0.359271E+03
  0.344898E+01  0.341198E+03  0.277666E+03  0.000000E+00  0.000000E+00  0.000000E+00  0.339197E+03
  0.356588E+01  0.322110E+03  0.262132E+03  0.000000E+00  0.000000E+00  0.000000E+00  0.320221E+03
  0.368675E+01  0.304066E+03  0.247448E+03  0.000000E+00  0.000000E+00  0.000000E+00  0.302283E+03
  0.381172E+01  0.287013E+03  0.233569E+03  0.000000E+00  0.000000E+00  0.000000E+00  0.285329E+03
  0.394091E+01  0.270897E+03  0.220455E+03  0.000000E+00  0.000000E+00  0.000000E+00  0.269309E+03
  0.407449E+01  0.255669E+03  0.208062E+03  0.000000E+00  0.000000E+00  0.000000E+00  0.254169E+03
  0.421259E+01  0.241280E+03  0.196352E+03  0.000000E+00  0.000000E+00  0.000000E+00  0.239865E+03
  0.435538E+01  0.227686E+03  0.185289E+03  0.000000E+00  0.000000E+00  0.000000E+00  0.226350E+03
  0.450301E+01  0.214842E+03  0.174836E+03  0.000000E+00  0.000000E+00  0.000000E+00  0.213582E+03
  0.465564E+01  0.202709E+03  0.164962E+03  0.000000E+00  0.000000E+00  0.000000E+00  0.201520E+03
  0.481344E+01  0.191248E+03  0.155635E+03  0.000000E+00  0.000000E+00  0.000000E+00  0.190126E+03
  0.497659E+01  0.180423E+03  0.146825E+03  0.000000E+00  0.000000E+00  0.000000E+00  0.179364E+03
  0.514527E+01  0.170200E+03  0.138506E+03  0.000000E+00  0.000000E+00  0.000000E+00  0.169202E+03
  0.531968E+01  0.160547E+03  0.130650E+03  0.000000E+00  0.000000E+00  0.000000E+00  0.159605E+03
  0.549998E+01  0.151432E+03  0.123232E+03  0.000000E+00  0.000000E+00  0.000000E+00  0.150544E+03
  0.568641E+01  0.142825E+03  0.116228E+03  0.000000E+00  0.000000E+00  0.000000E+00  0.141988E+03
  0.587915E+01  0.134700E+03  0.109615E+03  0.000000E+00  0.000000E+00  0.000000E+00  0.133910E+03
  0.607843E+01  0.127028E+03  0.103372E+03  0.000000E+00  0.000000E+00  0.000000E+00  0.126283E+03
  0.628446E+01  0.119787E+03  0.974783E+02  0.000000E+00  0.000000E+00  0.000000E+00  0.119084E+03
  0.649747E+01  0.112951E+03  0.919154E+02  0.000000E+00  0.000000E+00  0.000000E+00  0.112289E+03
  0.671770E+01  0.106500E+03  0.866650E+02  0.000000E+00  0.000000E+00  0.000000E+00  0.105875E+03
  0.694539E+01  0.100412E+03  0.817103E+02  0.000000E+00  0.000000E+00  0.000000E+00  0.998227E+02
  0.718081E+01  0.946662E+02  0.770343E+02  0.000000E+00  0.000000E+00  0.000000E+00  0.941108E+02
  0.742420E+01  0.892444E+02  0.726219E+02  0.000000E+00  0.000000E+00  0.000000E+00  0.887209E+02
  0.767585E+01  0.841281E+02  0.684580E+02  0.000000E+00  0.000000E+00  0.000000E+00  0.836346E+02
  0.793602E+01  0.793009E+02  0.645294E+02  0.000000E+00  0.000000E+00  0.000000E+00  0.788357E+02
  0.820502E+01  0.747466E+02  0.608229E+02  0.000000E+00  0.000000E+00  0.000000E+00  0.743081E+02
  0.848312E+01  0.704505E+02  0.573265E+02  0.000000E+00  0.000000E+00  0.000000E+00  0.700371E+02
  0.877066E+01  0.663979E+02  0.540283E+02  0.000000E+00  0.000000E+00  0.000000E+00  0.660083E+02
  0.906794E+01  0.625752E+02  0.509172E+02  0.000000E+00  0.000000E+00  0.000000E+00  0.622081E+02
  0.937530E+01  0.589694E+02  0.479826E+02  0.000000E+00  0.000000E+00  0.000000E+00  0.586233E+02
  0.969308E+01  0.555685E+02  0.452147E+02  0.000000E+00  0.000000E+00  0.000000E+00  0.552424E+02
  0.100216E+02  0.523611E+02  0.426044E+02  0.000000E+00  0.000000E+00  0.000000E+00  0.520538E+02
  0.103613E+02  0.493366E+02  0.401428E+02  0.000000E+00  0.000000E+00  0.000000E+00  0.490470E+02
  0.107125E+02  0.464847E+02  0.378218E+02  0.000000E+00  0.000000E+00  0.000000E+00  0.462119E+02
  0.110756E+02  0.437954E+02  0.356331E+02  0.000000E+00  0.000000E+00  0.000000E+00  0.435383E+02
  0.114510E+02  0.412597E+02  0.335693E+02  0.000000E+00  0.000000E+00  0.000000E+00  0.410175E+02
  0.118392E+02  0.388689E+02  0.316235E+02  0.000000E+00  0.000000E+00  0.000000E+00  0.386407E+02
  0.122404E+02  0.366151E+02  0.297892E+02  0.000000E+00  0.000000E+00  0.000000E+00  0.364001E+02
  0.126553E+02  0.344905E+02  0.280600E+02  0.000000E+00  0.000000E+00  0.000000E+00  0.342880E+02
  0.130843E+02  0.324877E+02  0.264300E+02  0.000000E+00  0.000000E+00  0.000000E+00  0.322969E+02
  0.135278E+02  0.305997E+02  0.248934E+02  0.000000E+00  0.000000E+00  0.000000E+00  0.304200E+02
  0.139863E+02  0.288202E+02  0.234450E+02  0.000000E+00  0.000000E+00  0.000000E+00  0.286509E+02
  0.144604E+02  0.271430E+02  0.220800E+02  0.000000E+00  0.000000E+00  0.000000E+00  0.269835E+02
  0.149505E+02  0.255624E+02  0.207936E+02  0.000000E+00  0.000000E+00  0.000000E+00  0.254122E+02
  0.154573E+02  0.240728E+02  0.195812E+02  0.000000E+00  0.000000E+00  0.000000E+00  0.239314E+02
  0.159812E+02  0.226690E+02  0.184386E+02  0.000000E+00  0.000000E+00  0.000000E+00  0.225357E+02
  0.165229E+02  0.213462E+02  0.173619E+02  0.000000E+00  0.000000E+00  0.000000E+00  0.212207E+02
  0.170829E+02  0.200997E+02  0.163475E+02  0.000000E+00  0.000000E+00  0.000000E+00  0.199816E+02
  0.176619E+02  0.189254E+02  0.153916E+02  0.000000E+00  0.000000E+00  0.000000E+00  0.188141E+02
  0.182606E+02  0.178189E+02  0.144910E+02  0.000000E+00  0.000000E+00  0.000000E+00  0.177140E+02
  0.188795E+02  0.167764E+02  0.136425E+02  0.000000E+00  0.000000E+00  0.000000E+00  0.166777E+02
  0.195195E+02  0.157943E+02  0.128431E+02  0.000000E+00  0.000000E+00  0.000000E+00  0.157013E+02
  0.201811E+02  0.148691E+02  0.120901E+02  0.000000E+00  0.000000E+00  0.000000E+00  0.147816E+02
  0.208651E+02  0.139976E+02  0.113808E+02  0.000000E+00  0.000000E+00  0.000000E+00  0.139152E+02
  0.215723E+02  0.131766E+02  0.107125E+02  0.000000E+00  0.000000E+00  0.000000E+00  0.130990E+02
  0.223035E+02  0.124034E+02  0.100831E+02  0.000000E+00  0.000000E+00  0.000000E+00  0.123303E+02
  0.230595E+02  0.116751E+02  0.949037E+01  0.000000E+00  0.000000E+00  0.000000E+00  0.116063E+02
  0.238411E+02  0.109891E+02  0.893202E+01  0.000000E+00  0.000000E+00  0.000000E+00  0.109243E+02
  0.246492E+02  0.103431E+02  0.840617E+01  0.000000E+00  0.000000E+00  0.000000E+00  0.102821E+02
  0.254847E+02  0.973473E+01  0.791096E+01  0.000000E+00  0.000000E+00  0.000000E+00  0.967729E+01
  0.263485E+02  0.916182E+01  0.744462E+01  0.000000E+00  0.000000E+00  0.000000E+00  0.910773E+01
  0.272416E+02  0.862230E+01  0.700545E+01  0.000000E+00  0.000000E+00  0.000000E+00  0.857138E+01
  0.281650E+02  0.811428E+01  0.659192E+01  0.000000E+00  0.000000E+00  0.000000E+00  0.806633E+01
  0.291196E+02  0.763595E+01  0.620256E+01  0.000000E+00  0.000000E+00  0.000000E+00  0.759081E+01
  0.301066E+02  0.718555E+01  0.583592E+01  0.000000E+00  0.000000E+00  0.000000E+00  0.714304E+01
  0.311271E+02  0.676150E+01  0.549072E+01  0.000000E+00  0.000000E+00  0.000000E+00  0.672147E+01
  0.321822E+02  0.636226E+01  0.516573E+01  0.000000E+00  0.000000E+00  0.000000E+00  0.632458E+01
  0.332730E+02  0.598641E+01  0.485977E+01  0.000000E+00  0.000000E+00  0.000000E+00  0.595093E+01
  0.344008E+02  0.563256E+01  0.457171E+01  0.000000E+00  0.000000E+00  0.000000E+00  0.559915E+01
  0.355668E+02  0.529948E+01  0.430055E+01  0.000000E+00  0.000000E+00  0.000000E+00  0.526802E+01
  0.367723E+02  0.498592E+01  0.404529E+01  0.000000E+00  0.000000E+00  0.000000E+00  0.495629E+01
  0.380187E+02  0.469077E+01  0.380500E+01  0.000000E+00  0.000000E+00  0.000000E+00  0.466287E+01
  0.393074E+02  0.441296E+01  0.357883E+01  0.000000E+00  0.000000E+00  0.000000E+00  0.438668E+01
  0.406397E+02  0.415147E+01  0.336594E+01  0.000000E+00  0.000000E+00  0.000000E+00  0.412673E+01
  0.420172E+02  0.390535E+01  0.316556E+01  0.000000E+00  0.000000E+00  0.000000E+00  0.388205E+01
  0.434414E+02  0.367372E+01  0.297698E+01  0.000000E+00  0.000000E+00  0.000000E+00  0.365177E+01
  0.449138E+02  0.345572E+01  0.279948E+01  0.000000E+00  0.000000E+00  0.000000E+00  0.343505E+01
  0.464362E+02  0.325056E+01  0.263244E+01  0.000000E+00  0.000000E+00  0.000000E+00  0.323109E+01
  0.480101E+02  0.305749E+01  0.247524E+01  0.000000E+00  0.000000E+00  0.000000E+00  0.303916E+01
  0.496375E+02  0.287580E+01  0.232730E+01  0.000000E+00  0.000000E+00  0.000000E+00  0.285853E+01
  0.513199E+02  0.270484E+01  0.218809E+01  0.000000E+00  0.000000E+00  0.000000E+00  0.268857E+01
  0.530594E+02  0.254396E+01  0.205709E+01  0.000000E+00  0.000000E+00  0.000000E+00  0.252863E+01
  0.548579E+02  0.239259E+01  0.193382E+01  0.000000E+00  0.000000E+00  0.000000E+00  0.237814E+01
  0.567173E+02  0.225016E+01  0.181783E+01  0.000000E+00  0.000000E+00  0.000000E+00  0.223655E+01
  0.586397E+02  0.211615E+01  0.170870E+01  0.000000E+00  0.000000E+00  0.000000E+00  0.210332E+01
  0.606273E+02  0.199007E+01  0.160601E+01  0.000000E+00  0.000000E+00  0.000000E+00  0.197797E+01
  0.626823E+02  0.187145E+01  0.150940E+01  0.000000E+00  0.000000E+00  0.000000E+00  0.186004E+01
  0.648069E+02  0.175985E+01  0.141851E+01  0.000000E+00  0.000000E+00  0.000000E+00  0.174910E+01
  0.670036E+02  0.165486E+01  0.133299E+01  0.000000E+00  0.000000E+00  0.000000E+00  0.164472E+01
  0.692747E+02  0.155609E+01  0.125254E+01  0.000000E+00  0.000000E+00  0.000000E+00  0.154653E+01
  0.716227E+02  0.146318E+01  0.117686E+01  0.000000E+00  0.000000E+00  0.000000E+00  0.145417E+01
  0.740504E+02  0.137579E+01  0.110567E+01  0.000000E+00  0.000000E+00  0.000000E+00  0.136728E+01
  0.765604E+02  0.129357E+01  0.103869E+01  0.000000E+00  0.000000E+00  0.000000E+00  0.128555E+01
  0.791553E+02  0.121624E+01  0.975690E+00  0.000000E+00  0.000000E+00  0.000000E+00  0.120867E+01
  0.818384E+02  0.114351E+01  0.916428E+00  0.000000E+00  0.000000E+00  0.000000E+00  0.113636E+01
  0.846122E+02  0.107510E+01  0.860686E+00  0.000000E+00  0.000000E+00  0.000000E+00  0.106834E+01
  0.874802E+02  0.101075E+01  0.808254E+00  0.000000E+00  0.000000E+00  0.000000E+00  0.100437E+01
  0.904453E+02  0.950232E+00  0.758939E+00  0.000000E+00  0.000000E+00  0.000000E+00  0.944207E+00
  0.935109E+02  0.893317E+00  0.712556E+00  0.000000E+00  0.000000E+00  0.000000E+00  0.887624E+00
  0.966806E+02  0.839787E+00  0.668929E+00  0.000000E+00  0.000000E+00  0.000000E+00  0.834405E+00
  0.999576E+02  0.789448E+00  0.627901E+00  0.000000E+00  0.000000E+00  0.000000E+00  0.784360E+00
  0.103346E+03  0.742108E+00  0.589315E+00  0.000000E+00  0.000000E+00  0.000000E+00  0.737296E+00
  0.106849E+03  0.697588E+00  0.553024E+00  0.000000E+00  0.000000E+00  0.000000E+00  0.693035E+00
  0.110470E+03  0.655726E+00  0.518898E+00  0.000000E+00  0.000000E+00  0.000000E+00  0.651417E+00
  0.114215E+03  0.616361E+00  0.486805E+00  0.000000E+00  0.000000E+00  0.000000E+00  0.612281E+00
  0.118086E+03  0.579346E+00  0.456626E+00  0.000000E+00  0.000000E+00  0.000000E+00  0.575481E+00
  0.122089E+03  0.544539E+00  0.428246E+00  0.000000E+00  0.000000E+00  0.000000E+00  0.540876E+00
  0.126227E+03  0.511813E+00  0.401560E+00  0.000000E+00  0.000000E+00  0.000000E+00  0.508341E+00
  0.130505E+03  0.481043E+00  0.376468E+00  0.000000E+00  0.000000E+00  0.000000E+00  0.477749E+00
  0.134928E+03  0.452112E+00  0.352875E+00  0.000000E+00  0.000000E+00  0.000000E+00  0.448987E+00
  0.139502E+03  0.424910E+00  0.330691E+00  0.000000E+00  0.000000E+00  0.000000E+00  0.421942E+00
  0.144230E+03  0.399337E+00  0.309834E+00  0.000000E+00  0.000000E+00  0.000000E+00  0.396518E+00
  0.149119E+03  0.375294E+00  0.290225E+00  0.000000E+00  0.000000E+00  0.000000E+00  0.372615E+00
  0.154173E+03  0.352691E+00  0.271790E+00  0.000000E+00  0.000000E+00  0.000000E+00  0.350143E+00
  0.159399E+03  0.331441E+00  0.254458E+00  0.000000E+00  0.000000E+00  0.000000E+00  0.329016E+00
  0.164802E+03  0.311465E+00  0.238166E+00  0.000000E+00  0.000000E+00  0.000000E+00  0.309156E+00
  0.170388E+03  0.292686E+00  0.222851E+00  0.000000E+00  0.000000E+00  0.000000E+00  0.290487E+00
  0.176164E+03  0.275033E+00  0.208454E+00  0.000000E+00  0.000000E+00  0.000000E+00  0.272936E+00
  0.182135E+03  0.258439E+00  0.194924E+00  0.000000E+00  0.000000E+00  0.000000E+00  0.256438E+00
  0.188308E+03  0.242841E+00  0.182207E+00  0.000000E+00  0.000000E+00  0.000000E+00  0.240931E+00
  0.194691E+03  0.228179E+00  0.170255E+00  0.000000E+00  0.000000E+00  0.000000E+00  0.226355E+00
  0.201290E+03  0.214397E+00  0.159023E+00  0.000000E+00  0.000000E+00  0.000000E+00  0.212653E+00
