  0.108800E-04  0.357291E+07  0.357291E+07  0.476345E+07  0.476345E+07  0.000000E+00  0.357291E+07
  0.112487E-04  0.357291E+07  0.357291E+07  0.476342E+07  0.476342E+07  0.000000E+00  0.357291E+07
  0.116300E-04  0.357291E+07  0.357291E+07  0.476339E+07  0.476339E+07  0.000000E+00  0.357291E+07
  0.120242E-04  0.357291E+07  0.357291E+07  0.476336E+07  0.476335E+07  0.000000E+00  0.357291E+07
  0.124318E-04  0.357291E+07  0.357291E+07  0.476332E+07  0.476332E+07  0.000000E+00  0.357291E+07
  0.128531E-04  0.357291E+07  0.357291E+07  0.476328E+07  0.476328E+07  0.000000E+00  0.357291E+07
  0.132888E-04  0.357291E+07  0.357291E+07  0.476324E+07  0.476323E+07  0.000000E+00  0.357291E+07
  0.137392E-04  0.357291E+07  0.357291E+07  0.476319E+07  0.476319E+07  0.000000E+00  0.357291E+07
  0.142049E-04  0.357291E+07  0.357291E+07  0.476314E+07  0.476314E+07  0.000000E+00  0.357291E+07
  0.146864E-04  0.357291E+07  0.357291E+07  0.476309E+07  0.476309E+07  0.000000E+00  0.357291E+07
  0.151842E-04  0.357291E+07  0.357291E+07  0.476304E+07  0.476303E+07  0.000000E+00  0.357291E+07
  0.156989E-04  0.357291E+07  0.357291E+07  0.476298E+07  0.476297E+07  0.000000E+00  0.357291E+07
  0.162310E-04  0.357291E+07  0.357291E+07  0.476292E+07  0.476291E+07  0.000000E+00  0.357291E+07
  0.167811E-04  0.357291E+07  0.357291E+07  0.476285E+07  0.476284E+07  0.000000E+00  0.357291E+07
  0.173499E-04  0.357291E+07  0.357291E+07  0.476278E+07  0.476277E+07  0.000000E+00  0.357291E+07
  0.179380E-04  0.357291E+07  0.357291E+07  0.476270E+07  0.476269E+07  0.000000E+00  0.357291E+07
  0.185460E-04  0.357291E+07  0.357291E+07  0.476262E+07  0.476261E+07  0.000000E+00  0.357291E+07
  0.191746E-04  0.357291E+07  0.357291E+07  0.476253E+07  0.476252E+07  0.000000E+00  0.357291E+07
  0.198246E-04  0.357291E+07  0.357291E+07  0.476244E+07  0.476243E+07  0.000000E+00  0.357291E+07
  0.204965E-04  0.357291E+07  0.357291E+07  0.476234E+07  0.476233E+07  0.000000E+00  0.357291E+07
  0.211913E-04  0.357290E+07  0.357290E+07  0.476223E+07  0.476222E+07  0.000000E+00  0.357290E+07
  0.219095E-04  0.357290E+07  0.357290E+07  0.476212E+07  0.476210E+07  0.000000E+00  0.357290E+07
  0.226522E-04  0.357290E+07  0.357290E+07  0.476200E+07  0.476198E+07  0.000000E+00  0.357290E+07
  0.234200E-04  0.357290E+07  0.357290E+07  0.476186E+07  0.476185E+07  0.000000E+00  0.357290E+07
  0.242138E-04  0.357290E+07  0.357290E+07  0.476173E+07  0.476171E+07  0.000000E+00  0.357290E+07
  0.250345E-04  0.357290E+07  0.357290E+07  0.476158E+07  0.476156E+07  0.000000E+00  0.357290E+07
  0.258831E-04  0.357290E+07  0.357290E+07  0.476142E+07  0.476140E+07  0.000000E+00  0.357290E+07
  0.267604E-04  0.357290E+07  0.357290E+07  0.476125E+07  0.476123E+07  0.000000E+00  0.357290E+07
  0.276674E-04  0.357290E+07  0.357290E+07  0.476106E+07  0.476104E+07  0.000000E+00  0.357290E+07
  0.286052E-04  0.357289E+07  0.357289E+07  0.476087E+07  0.476085E+07  0.000000E+00  0.357289E+07
  0.295748E-04  0.357289E+07  0.357289E+07  0.476066E+07  0.476064E+07  0.000000E+00  0.357289E+07
  0.305772E-04  0.357289E+07  0.357289E+07  0.476044E+07  0.476041E+07  0.000000E+00  0.357289E+07
  0.316136E-04  0.357289E+07  0.357289E+07  0.476020E+07  0.476017E+07  0.000000E+00  0.357289E+07
  0.326852E-04  0.357289E+07  0.357289E+07  0.475995E+07  0.475992E+07  0.000000E+00  0.357289E+07
  0.337931E-04  0.357289E+07  0.357289E+07  0.475967E+07  0.475964E+07  0.000000E+00  0.357289E+07
  0.349385E-04  0.357288E+07  0.357288E+07  0.475938E+07  0.475935E+07  0.000000E+00  0.357288E+07
  0.361227E-04  0.357288E+07  0.357288E+07  0.475907E+07  0.475904E+07  0.000000E+00  0.357288E+07
  0.373471E-04  0.357288E+07  0.357288E+07  0.475874E+07  0.475870E+07  0.000000E+00  0.357288E+07
  0.386130E-04  0.357288E+07  0.357288E+07  0.475839E+07  0.475835E+07  0.000000E+00  0.357288E+07
  0.399218E-04  0.357287E+07  0.357287E+07  0.475801E+07  0.475796E+07  0.000000E+00  0.357287E+07
  0.412749E-04  0.357287E+07  0.357287E+07  0.475760E+07  0.475756E+07  0.000000E+00  0.357287E+07
  0.426740E-04  0.357287E+07  0.357287E+07  0.475717E+07  0.475712E+07  0.000000E+00  0.357287E+07
  0.441204E-04  0.357286E+07  0.357286E+07  0.475671E+07  0.475665E+07  0.000000E+00  0.357286E+07
  0.456159E-04  0.357286E+07  0.357286E+07  0.475621E+07  0.475616E+07  0.000000E+00  0.357286E+07
  0.471620E-04  0.357285E+07  0.357285E+07  0.475568E+07  0.475562E+07  0.000000E+00  0.357285E+07
  0.487606E-04  0.357285E+07  0.357285E+07  0.475512E+07  0.475505E+07  0.000000E+00  0.357285E+07
  0.504133E-04  0.357285E+07  0.357284E+07  0.475451E+07  0.475444E+07  0.000000E+00  0.357285E+07
  0.521221E-04  0.357284E+07  0.357284E+07  0.475387E+07  0.475379E+07  0.000000E+00  0.357284E+07
  0.538888E-04  0.357284E+07  0.357283E+07  0.475318E+07  0.475310E+07  0.000000E+00  0.357284E+07
  0.557153E-04  0.357283E+07  0.357283E+07  0.475244E+07  0.475236E+07  0.000000E+00  0.357283E+07
  0.576038E-04  0.357282E+07  0.357282E+07  0.475165E+07  0.475156E+07  0.000000E+00  0.357282E+07
  0.595563E-04  0.357282E+07  0.357282E+07  0.475081E+07  0.475071E+07  0.000000E+00  0.357282E+07
  0.615750E-04  0.357281E+07  0.357281E+07  0.474991E+07  0.474980E+07  0.000000E+00  0.357281E+07
  0.636621E-04  0.357280E+07  0.357280E+07  0.474894E+07  0.474884E+07  0.000000E+00  0.357280E+07
  0.658199E-04  0.357279E+07  0.357279E+07  0.474791E+07  0.474780E+07  0.000000E+00  0.357279E+07
  0.680509E-04  0.357279E+07  0.357279E+07  0.474682E+07  0.474669E+07  0.000000E+00  0.357279E+07
  0.703575E-04  0.357278E+07  0.357278E+07  0.474564E+07  0.474551E+07  0.000000E+00  0.357278E+07
  0.727422E-04  0.357277E+07  0.357277E+07  0.474438E+07  0.474424E+07  0.000000E+00  0.357277E+07
  0.752079E-04  0.357276E+07  0.357276E+07  0.474304E+07  0.474289E+07  0.000000E+00  0.357276E+07
  0.777570E-04  0.357275E+07  0.357274E+07  0.474161E+07  0.474145E+07  0.000000E+00  0.357275E+07
  0.803926E-04  0.357273E+07  0.357273E+07  0.474008E+07  0.473990E+07  0.000000E+00  0.357273E+07
  0.831175E-04  0.357272E+07  0.357272E+07  0.473844E+07  0.473825E+07  0.000000E+00  0.357272E+07
  0.859348E-04  0.357271E+07  0.357271E+07  0.473669E+07  0.473649E+07  0.000000E+00  0.357271E+07
  0.888476E-04  0.357269E+07  0.357269E+07  0.473482E+07  0.473461E+07  0.000000E+00  0.357269E+07
  0.918591E-04  0.357268E+07  0.357268E+07  0.473282E+07  0.473260E+07  0.000000E+00  0.357268E+07
  0.949726E-04  0.357266E+07  0.357266E+07  0.473068E+07  0.473044E+07  0.000000E+00  0.357266E+07
  0.981917E-04  0.357264E+07  0.357264E+07  0.472840E+07  0.472815E+07  0.000000E+00  0.357264E+07
  0.101520E-03  0.357263E+07  0.357262E+07  0.472597E+07  0.472569E+07  0.000000E+00  0.357263E+07
  0.104961E-03  0.357261E+07  0.357260E+07  0.472336E+07  0.472307E+07  0.000000E+00  0.357261E+07
  0.108519E-03  0.357258E+07  0.357258E+07  0.472058E+07  0.472027E+07  0.000000E+00  0.357258E+07
  0.112197E-03  0.357256E+07  0.357256E+07  0.471761E+07  0.471727E+07  0.000000E+00  0.357256E+07
  0.116000E-03  0.357254E+07  0.357253E+07  0.471443E+07  0.471408E+07  0.000000E+00  0.357254E+07
  0.119932E-03  0.357251E+07  0.357251E+07  0.471104E+07  0.471066E+07  0.000000E+00  0.357251E+07
  0.123997E-03  0.357248E+07  0.357248E+07  0.470742E+07  0.470701E+07  0.000000E+00  0.357248E+07
  0.128200E-03  0.357245E+07  0.357245E+07  0.470355E+07  0.470311E+07  0.000000E+00  0.357245E+07
  0.132545E-03  0.357242E+07  0.357242E+07  0.469941E+07  0.469895E+07  0.000000E+00  0.357242E+07
  0.137038E-03  0.357239E+07  0.357238E+07  0.469500E+07  0.469450E+07  0.000000E+00  0.357239E+07
  0.141683E-03  0.357235E+07  0.357234E+07  0.469028E+07  0.468976E+07  0.000000E+00  0.357235E+07
  0.146485E-03  0.357231E+07  0.357230E+07  0.468525E+07  0.468468E+07  0.000000E+00  0.357231E+07
  0.151450E-03  0.357227E+07  0.357226E+07  0.467987E+07  0.467927E+07  0.000000E+00  0.357227E+07
  0.156583E-03  0.357222E+07  0.357222E+07  0.467413E+07  0.467349E+07  0.000000E+00  0.357222E+07
  0.161891E-03  0.357218E+07  0.357217E+07  0.466800E+07  0.466732E+07  0.000000E+00  0.357217E+07
  0.167378E-03  0.357212E+07  0.357212E+07  0.466146E+07  0.466073E+07  0.000000E+00  0.357212E+07
  0.173051E-03  0.357207E+07  0.357206E+07  0.465447E+07  0.465369E+07  0.000000E+00  0.357207E+07
  0.178917E-03  0.357201E+07  0.357200E+07  0.464702E+07  0.464618E+07  0.000000E+00  0.357201E+07
  0.184981E-03  0.357195E+07  0.357194E+07  0.463906E+07  0.463817E+07  0.000000E+00  0.357195E+07
  0.191251E-03  0.357188E+07  0.357187E+07  0.463057E+07  0.462962E+07  0.000000E+00  0.357188E+07
  0.197734E-03  0.357181E+07  0.357180E+07  0.462151E+07  0.462050E+07  0.000000E+00  0.357181E+07
  0.204436E-03  0.357173E+07  0.357172E+07  0.461184E+07  0.461076E+07  0.000000E+00  0.357173E+07
  0.211366E-03  0.357165E+07  0.357164E+07  0.460153E+07  0.460038E+07  0.000000E+00  0.357165E+07
  0.218530E-03  0.357157E+07  0.357155E+07  0.459053E+07  0.458930E+07  0.000000E+00  0.357157E+07
  0.225937E-03  0.357147E+07  0.357146E+07  0.457879E+07  0.457749E+07  0.000000E+00  0.357147E+07
  0.233595E-03  0.357137E+07  0.357136E+07  0.456628E+07  0.456490E+07  0.000000E+00  0.357137E+07
  0.241513E-03  0.357127E+07  0.357125E+07  0.455295E+07  0.455147E+07  0.000000E+00  0.357127E+07
  0.249699E-03  0.357116E+07  0.357114E+07  0.453873E+07  0.453716E+07  0.000000E+00  0.357115E+07
  0.258162E-03  0.357103E+07  0.357102E+07  0.452358E+07  0.452191E+07  0.000000E+00  0.357103E+07
  0.266913E-03  0.357090E+07  0.357089E+07  0.450744E+07  0.450566E+07  0.000000E+00  0.357090E+07
  0.275960E-03  0.357077E+07  0.357075E+07  0.449025E+07  0.448835E+07  0.000000E+00  0.357077E+07
  0.285314E-03  0.357062E+07  0.357060E+07  0.447193E+07  0.446992E+07  0.000000E+00  0.357062E+07
  0.294984E-03  0.357046E+07  0.357044E+07  0.445244E+07  0.445029E+07  0.000000E+00  0.357046E+07
  0.304983E-03  0.357029E+07  0.357027E+07  0.443168E+07  0.442940E+07  0.000000E+00  0.357029E+07
  0.315320E-03  0.357011E+07  0.357009E+07  0.440960E+07  0.440718E+07  0.000000E+00  0.357011E+07
  0.326008E-03  0.356992E+07  0.356990E+07  0.438611E+07  0.438354E+07  0.000000E+00  0.356992E+07
  0.337058E-03  0.356972E+07  0.356969E+07  0.436112E+07  0.435840E+07  0.000000E+00  0.356972E+07
  0.348483E-03  0.356950E+07  0.356947E+07  0.433457E+07  0.433168E+07  0.000000E+00  0.356950E+07
  0.360295E-03  0.356926E+07  0.356923E+07  0.430635E+07  0.430328E+07  0.000000E+00  0.356926E+07
  0.372507E-03  0.356901E+07  0.356898E+07  0.427637E+07  0.427313E+07  0.000000E+00  0.356901E+07
  0.385133E-03  0.356875E+07  0.356871E+07  0.424455E+07  0.424111E+07  0.000000E+00  0.356875E+07
  0.398187E-03  0.356846E+07  0.356843E+07  0.421078E+07  0.420714E+07  0.000000E+00  0.356846E+07
  0.411684E-03  0.356816E+07  0.356812E+07  0.417496E+07  0.417112E+07  0.000000E+00  0.356816E+07
  0.425638E-03  0.356784E+07  0.356779E+07  0.413698E+07  0.413293E+07  0.000000E+00  0.356783E+07
  0.440065E-03  0.356749E+07  0.356744E+07  0.409675E+07  0.409247E+07  0.000000E+00  0.356749E+07
  0.454981E-03  0.356712E+07  0.356707E+07  0.405416E+07  0.404964E+07  0.000000E+00  0.356712E+07
  0.470403E-03  0.356673E+07  0.356667E+07  0.400909E+07  0.400433E+07  0.000000E+00  0.356673E+07
  0.486347E-03  0.356631E+07  0.356625E+07  0.396143E+07  0.395643E+07  0.000000E+00  0.356631E+07
  0.502832E-03  0.356586E+07  0.356580E+07  0.391108E+07  0.390582E+07  0.000000E+00  0.356586E+07
  0.519875E-03  0.356538E+07  0.356532E+07  0.385793E+07  0.385241E+07  0.000000E+00  0.356538E+07
  0.537497E-03  0.356487E+07  0.356480E+07  0.380187E+07  0.379609E+07  0.000000E+00  0.356487E+07
  0.555715E-03  0.356433E+07  0.356425E+07  0.374280E+07  0.373675E+07  0.000000E+00  0.356433E+07
  0.574551E-03  0.356375E+07  0.356367E+07  0.368063E+07  0.367430E+07  0.000000E+00  0.356375E+07
  0.594026E-03  0.356313E+07  0.356305E+07  0.361525E+07  0.360865E+07  0.000000E+00  0.356313E+07
  0.614160E-03  0.356247E+07  0.356238E+07  0.354658E+07  0.353971E+07  0.000000E+00  0.356247E+07
  0.634977E-03  0.356177E+07  0.356168E+07  0.347456E+07  0.346742E+07  0.000000E+00  0.356177E+07
  0.656500E-03  0.356102E+07  0.356092E+07  0.339911E+07  0.339171E+07  0.000000E+00  0.356102E+07
  0.678752E-03  0.356023E+07  0.356012E+07  0.332020E+07  0.331254E+07  0.000000E+00  0.356023E+07
  0.701758E-03  0.355938E+07  0.355926E+07  0.323779E+07  0.322989E+07  0.000000E+00  0.355938E+07
  0.725544E-03  0.355848E+07  0.355836E+07  0.315188E+07  0.314374E+07  0.000000E+00  0.355848E+07
  0.750137E-03  0.355752E+07  0.355739E+07  0.306247E+07  0.305412E+07  0.000000E+00  0.355752E+07
  0.775563E-03  0.355650E+07  0.355636E+07  0.296960E+07  0.296107E+07  0.000000E+00  0.355650E+07
  0.801851E-03  0.355541E+07  0.355526E+07  0.287336E+07  0.286466E+07  0.000000E+00  0.355541E+07
  0.829029E-03  0.355426E+07  0.355410E+07  0.277383E+07  0.276501E+07  0.000000E+00  0.355425E+07
  0.857129E-03  0.355303E+07  0.355286E+07  0.267117E+07  0.266225E+07  0.000000E+00  0.355303E+07
  0.886182E-03  0.355173E+07  0.355154E+07  0.256555E+07  0.255659E+07  0.000000E+00  0.355172E+07
  0.916219E-03  0.355034E+07  0.355014E+07  0.245720E+07  0.244824E+07  0.000000E+00  0.355034E+07
  0.947274E-03  0.354887E+07  0.354866E+07  0.234640E+07  0.233749E+07  0.000000E+00  0.354887E+07
  0.979383E-03  0.354731E+07  0.354709E+07  0.223346E+07  0.222467E+07  0.000000E+00  0.354731E+07
  0.101258E-02  0.354566E+07  0.354542E+07  0.211878E+07  0.211017E+07  0.000000E+00  0.354565E+07
  0.104690E-02  0.354390E+07  0.354364E+07  0.200277E+07  0.199442E+07  0.000000E+00  0.354390E+07
  0.108239E-02  0.354204E+07  0.354177E+07  0.188594E+07  0.187791E+07  0.000000E+00  0.354203E+07
  0.111907E-02  0.354007E+07  0.353978E+07  0.176883E+07  0.176120E+07  0.000000E+00  0.354006E+07
  0.115700E-02  0.353799E+07  0.353767E+07  0.165204E+07  0.164489E+07  0.000000E+00  0.353798E+07
  0.119622E-02  0.353578E+07  0.353544E+07  0.153620E+07  0.152962E+07  0.000000E+00  0.353577E+07
  0.123677E-02  0.353345E+07  0.353309E+07  0.142203E+07  0.141608E+07  0.000000E+00  0.353343E+07
  0.127869E-02  0.353098E+07  0.353059E+07  0.131024E+07  0.130501E+07  0.000000E+00  0.353097E+07
  0.132203E-02  0.352837E+07  0.352796E+07  0.120159E+07  0.119715E+07  0.000000E+00  0.352836E+07
  0.136684E-02  0.352562E+07  0.352518E+07  0.109685E+07  0.109325E+07  0.000000E+00  0.352561E+07
  0.141317E-02  0.352272E+07  0.352225E+07  0.996774E+06  0.994075E+06  0.000000E+00  0.352270E+07
  0.146107E-02  0.351966E+07  0.351916E+07  0.902111E+06  0.900338E+06  0.000000E+00  0.351964E+07
  0.151059E-02  0.351644E+07  0.351590E+07  0.813553E+06  0.812718E+06  0.000000E+00  0.351642E+07
  0.156179E-02  0.351304E+07  0.351247E+07  0.731723E+06  0.731817E+06  0.000000E+00  0.351302E+07
  0.161473E-02  0.350947E+07  0.350886E+07  0.657153E+06  0.658139E+06  0.000000E+00  0.350945E+07
  0.166946E-02  0.350572E+07  0.350507E+07  0.590249E+06  0.592063E+06  0.000000E+00  0.350570E+07
  0.172605E-02  0.350177E+07  0.350108E+07  0.531268E+06  0.533816E+06  0.000000E+00  0.350175E+07
  0.178455E-02  0.349763E+07  0.349690E+07  0.480292E+06  0.483451E+06  0.000000E+00  0.349761E+07
  0.184504E-02  0.349329E+07  0.349250E+07  0.437211E+06  0.440828E+06  0.000000E+00  0.349327E+07
  0.190758E-02  0.348874E+07  0.348790E+07  0.401701E+06  0.405598E+06  0.000000E+00  0.348871E+07
  0.197223E-02  0.348397E+07  0.348307E+07  0.373224E+06  0.377204E+06  0.000000E+00  0.348394E+07
  0.203908E-02  0.347898E+07  0.347802E+07  0.351028E+06  0.354880E+06  0.000000E+00  0.347895E+07
  0.210820E-02  0.347376E+07  0.347274E+07  0.334165E+06  0.337680E+06  0.000000E+00  0.347373E+07
  0.217966E-02  0.346830E+07  0.346721E+07  0.321525E+06  0.324505E+06  0.000000E+00  0.346827E+07
  0.225354E-02  0.346260E+07  0.346144E+07  0.311883E+06  0.314154E+06  0.000000E+00  0.346256E+07
  0.232992E-02  0.345665E+07  0.345541E+07  0.303962E+06  0.305391E+06  0.000000E+00  0.345661E+07
  0.240889E-02  0.345044E+07  0.344912E+07  0.296511E+06  0.297018E+06  0.000000E+00  0.345039E+07
  0.249054E-02  0.344396E+07  0.344255E+07  0.288388E+06  0.287962E+06  0.000000E+00  0.344391E+07
  0.257496E-02  0.343721E+07  0.343571E+07  0.278655E+06  0.277356E+06  0.000000E+00  0.343716E+07
  0.266224E-02  0.343018E+07  0.342858E+07  0.266659E+06  0.264620E+06  0.000000E+00  0.343013E+07
  0.275248E-02  0.342285E+07  0.342115E+07  0.252101E+06  0.249519E+06  0.000000E+00  0.342280E+07
  0.284577E-02  0.341524E+07  0.341342E+07  0.235074E+06  0.232195E+06  0.000000E+00  0.341518E+07
  0.294223E-02  0.340731E+07  0.340537E+07  0.216072E+06  0.213158E+06  0.000000E+00  0.340725E+07
  0.304196E-02  0.339907E+07  0.339701E+07  0.195940E+06  0.193237E+06  0.000000E+00  0.339900E+07
  0.314506E-02  0.339050E+07  0.338831E+07  0.175781E+06  0.173472E+06  0.000000E+00  0.339044E+07
  0.325166E-02  0.338161E+07  0.337927E+07  0.156811E+06  0.154980E+06  0.000000E+00  0.338153E+07
  0.336188E-02  0.337237E+07  0.336988E+07  0.140182E+06  0.138778E+06  0.000000E+00  0.337229E+07
  0.347583E-02  0.336278E+07  0.336013E+07  0.126787E+06  0.125612E+06  0.000000E+00  0.336270E+07
  0.359365E-02  0.335284E+07  0.335001E+07  0.117089E+06  0.115805E+06  0.000000E+00  0.335275E+07
  0.371545E-02  0.334252E+07  0.333952E+07  0.111002E+06  0.109179E+06  0.000000E+00  0.334243E+07
  0.384139E-02  0.333183E+07  0.332863E+07  0.107862E+06  0.105051E+06  0.000000E+00  0.333173E+07
  0.397159E-02  0.332075E+07  0.331735E+07  0.000000E+00  0.000000E+00  0.000000E+00  0.332065E+07
  0.410621E-02  0.330928E+07  0.330567E+07  0.000000E+00  0.000000E+00  0.000000E+00  0.330917E+07
  0.424539E-02  0.329741E+07  0.329356E+07  0.000000E+00  0.000000E+00  0.000000E+00  0.329729E+07
  0.438929E-02  0.328512E+07  0.328104E+07  0.000000E+00  0.000000E+00  0.000000E+00  0.328500E+07
  0.453806E-02  0.327242E+07  0.326807E+07  0.000000E+00  0.000000E+00  0.000000E+00  0.327228E+07
  0.469188E-02  0.325929E+07  0.325467E+07  0.000000E+00  0.000000E+00  0.000000E+00  0.325914E+07
  0.485091E-02  0.324572E+07  0.324081E+07  0.000000E+00  0.000000E+00  0.000000E+00  0.324556E+07
  0.501534E-02  0.323170E+07  0.322649E+07  0.000000E+00  0.000000E+00  0.000000E+00  0.323154E+07
  0.518533E-02  0.321724E+07  0.321170E+07  0.000000E+00  0.000000E+00  0.000000E+00  0.321706E+07
  0.536109E-02  0.320231E+07  0.319642E+07  0.000000E+00  0.000000E+00  0.000000E+00  0.320212E+07
  0.554280E-02  0.318691E+07  0.318066E+07  0.000000E+00  0.000000E+00  0.000000E+00  0.318672E+07
  0.573068E-02  0.317104E+07  0.316441E+07  0.000000E+00  0.000000E+00  0.000000E+00  0.317083E+07
  0.592492E-02  0.315468E+07  0.314764E+07  0.000000E+00  0.000000E+00  0.000000E+00  0.315446E+07
  0.612574E-02  0.313783E+07  0.313036E+07  0.000000E+00  0.000000E+00  0.000000E+00  0.313760E+07
  0.633338E-02  0.312048E+07  0.311256E+07  0.000000E+00  0.000000E+00  0.000000E+00  0.312023E+07
  0.654805E-02  0.310263E+07  0.309423E+07  0.000000E+00  0.000000E+00  0.000000E+00  0.310236E+07
  0.677000E-02  0.308426E+07  0.307536E+07  0.000000E+00  0.000000E+00  0.000000E+00  0.308398E+07
  0.699947E-02  0.306538E+07  0.305595E+07  0.000000E+00  0.000000E+00  0.000000E+00  0.306508E+07
  0.723671E-02  0.304597E+07  0.303598E+07  0.000000E+00  0.000000E+00  0.000000E+00  0.304566E+07
  0.748200E-02  0.302603E+07  0.301545E+07  0.000000E+00  0.000000E+00  0.000000E+00  0.302570E+07
  0.773561E-02  0.300556E+07  0.299436E+07  0.000000E+00  0.000000E+00  0.000000E+00  0.300521E+07
  0.799781E-02  0.298454E+07  0.297269E+07  0.000000E+00  0.000000E+00  0.000000E+00  0.298417E+07
  0.826889E-02  0.296298E+07  0.295045E+07  0.000000E+00  0.000000E+00  0.000000E+00  0.296259E+07
  0.854917E-02  0.294088E+07  0.292762E+07  0.000000E+00  0.000000E+00  0.000000E+00  0.294046E+07
  0.883894E-02  0.291821E+07  0.290420E+07  0.000000E+00  0.000000E+00  0.000000E+00  0.291777E+07
  0.913854E-02  0.289499E+07  0.288019E+07  0.000000E+00  0.000000E+00  0.000000E+00  0.289453E+07
  0.944829E-02  0.287121E+07  0.285558E+07  0.000000E+00  0.000000E+00  0.000000E+00  0.287072E+07
  0.976854E-02  0.284687E+07  0.283037E+07  0.000000E+00  0.000000E+00  0.000000E+00  0.284635E+07
  0.100996E-01  0.282196E+07  0.280456E+07  0.000000E+00  0.000000E+00  0.000000E+00  0.282141E+07
  0.104420E-01  0.279648E+07  0.277814E+07  0.000000E+00  0.000000E+00  0.000000E+00  0.279590E+07
  0.107959E-01  0.277044E+07  0.275111E+07  0.000000E+00  0.000000E+00  0.000000E+00  0.276983E+07
  0.111618E-01  0.274382E+07  0.272347E+07  0.000000E+00  0.000000E+00  0.000000E+00  0.274318E+07
  0.115402E-01  0.271664E+07  0.269522E+07  0.000000E+00  0.000000E+00  0.000000E+00  0.271596E+07
  0.119313E-01  0.268889E+07  0.266636E+07  0.000000E+00  0.000000E+00  0.000000E+00  0.268818E+07
  0.123357E-01  0.266057E+07  0.263689E+07  0.000000E+00  0.000000E+00  0.000000E+00  0.265982E+07
  0.127539E-01  0.263168E+07  0.260682E+07  0.000000E+00  0.000000E+00  0.000000E+00  0.263090E+07
  0.131862E-01  0.260223E+07  0.257614E+07  0.000000E+00  0.000000E+00  0.000000E+00  0.260141E+07
  0.136331E-01  0.257222E+07  0.254487E+07  0.000000E+00  0.000000E+00  0.000000E+00  0.257136E+07
  0.140952E-01  0.254166E+07  0.251301E+07  0.000000E+00  0.000000E+00  0.000000E+00  0.254075E+07
  0.145730E-01  0.251054E+07  0.248057E+07  0.000000E+00  0.000000E+00  0.000000E+00  0.250960E+07
  0.150669E-01  0.247888E+07  0.244755E+07  0.000000E+00  0.000000E+00  0.000000E+00  0.247789E+07
  0.155776E-01  0.244669E+07  0.241397E+07  0.000000E+00  0.000000E+00  0.000000E+00  0.244566E+07
  0.161056E-01  0.241396E+07  0.237983E+07  0.000000E+00  0.000000E+00  0.000000E+00  0.241289E+07
  0.166515E-01  0.238072E+07  0.234517E+07  0.000000E+00  0.000000E+00  0.000000E+00  0.237960E+07
  0.172159E-01  0.234698E+07  0.230998E+07  0.000000E+00  0.000000E+00  0.000000E+00  0.234581E+07
  0.177994E-01  0.231274E+07  0.227430E+07  0.000000E+00  0.000000E+00  0.000000E+00  0.231153E+07
  0.184028E-01  0.227802E+07  0.223814E+07  0.000000E+00  0.000000E+00  0.000000E+00  0.227677E+07
  0.190265E-01  0.224285E+07  0.220154E+07  0.000000E+00  0.000000E+00  0.000000E+00  0.224154E+07
  0.196714E-01  0.220722E+07  0.216450E+07  0.000000E+00  0.000000E+00  0.000000E+00  0.220588E+07
  0.203382E-01  0.217118E+07  0.212708E+07  0.000000E+00  0.000000E+00  0.000000E+00  0.216979E+07
  0.210276E-01  0.213474E+07  0.208929E+07  0.000000E+00  0.000000E+00  0.000000E+00  0.213331E+07
  0.217403E-01  0.209792E+07  0.205119E+07  0.000000E+00  0.000000E+00  0.000000E+00  0.209645E+07
  0.224772E-01  0.206075E+07  0.201280E+07  0.000000E+00  0.000000E+00  0.000000E+00  0.205924E+07
  0.232390E-01  0.202326E+07  0.197418E+07  0.000000E+00  0.000000E+00  0.000000E+00  0.202172E+07
  0.240267E-01  0.198549E+07  0.193536E+07  0.000000E+00  0.000000E+00  0.000000E+00  0.198391E+07
  0.248411E-01  0.194747E+07  0.189641E+07  0.000000E+00  0.000000E+00  0.000000E+00  0.194586E+07
  0.256831E-01  0.190923E+07  0.185737E+07  0.000000E+00  0.000000E+00  0.000000E+00  0.190760E+07
  0.265537E-01  0.187083E+07  0.181831E+07  0.000000E+00  0.000000E+00  0.000000E+00  0.186917E+07
  0.274537E-01  0.183229E+07  0.177927E+07  0.000000E+00  0.000000E+00  0.000000E+00  0.183062E+07
  0.283842E-01  0.179368E+07  0.174034E+07  0.000000E+00  0.000000E+00  0.000000E+00  0.179200E+07
  0.293463E-01  0.175503E+07  0.170157E+07  0.000000E+00  0.000000E+00  0.000000E+00  0.175335E+07
  0.303410E-01  0.171641E+07  0.166303E+07  0.000000E+00  0.000000E+00  0.000000E+00  0.171473E+07
  0.313694E-01  0.167787E+07  0.162478E+07  0.000000E+00  0.000000E+00  0.000000E+00  0.167619E+07
  0.324327E-01  0.163945E+07  0.158690E+07  0.000000E+00  0.000000E+00  0.000000E+00  0.163780E+07
  0.335320E-01  0.160123E+07  0.154944E+07  0.000000E+00  0.000000E+00  0.000000E+00  0.159960E+07
  0.346686E-01  0.156326E+07  0.151247E+07  0.000000E+00  0.000000E+00  0.000000E+00  0.156166E+07
  0.358437E-01  0.152558E+07  0.147605E+07  0.000000E+00  0.000000E+00  0.000000E+00  0.152402E+07
  0.370586E-01  0.148826E+07  0.144021E+07  0.000000E+00  0.000000E+00  0.000000E+00  0.148675E+07
  0.383147E-01  0.145122E+07  0.140487E+07  0.000000E+00  0.000000E+00  0.000000E+00  0.144976E+07
  0.396134E-01  0.141439E+07  0.136996E+07  0.000000E+00  0.000000E+00  0.000000E+00  0.141299E+07
  0.409561E-01  0.137811E+07  0.133576E+07  0.000000E+00  0.000000E+00  0.000000E+00  0.137677E+07
  0.423443E-01  0.134241E+07  0.130231E+07  0.000000E+00  0.000000E+00  0.000000E+00  0.134115E+07
  0.437796E-01  0.130732E+07  0.126958E+07  0.000000E+00  0.000000E+00  0.000000E+00  0.130613E+07
  0.452635E-01  0.127282E+07  0.123752E+07  0.000000E+00  0.000000E+00  0.000000E+00  0.127171E+07
  0.467977E-01  0.123887E+07  0.120602E+07  0.000000E+00  0.000000E+00  0.000000E+00  0.123784E+07
  0.483839E-01  0.120542E+07  0.117499E+07  0.000000E+00  0.000000E+00  0.000000E+00  0.120446E+07
  0.500239E-01  0.117240E+07  0.114429E+07  0.000000E+00  0.000000E+00  0.000000E+00  0.117151E+07
  0.517194E-01  0.113975E+07  0.111382E+07  0.000000E+00  0.000000E+00  0.000000E+00  0.113893E+07
  0.534725E-01  0.110745E+07  0.108348E+07  0.000000E+00  0.000000E+00  0.000000E+00  0.110669E+07
  0.552850E-01  0.107548E+07  0.105323E+07  0.000000E+00  0.000000E+00  0.000000E+00  0.107478E+07
  0.571588E-01  0.104393E+07  0.102309E+07  0.000000E+00  0.000000E+00  0.000000E+00  0.104327E+07
  0.590963E-01  0.101295E+07  0.993200E+06  0.000000E+00  0.000000E+00  0.000000E+00  0.101233E+07
  0.610993E-01  0.983321E+06  0.964343E+06  0.000000E+00  0.000000E+00  0.000000E+00  0.982723E+06
  0.631703E-01  0.953275E+06  0.934714E+06  0.000000E+00  0.000000E+00  0.000000E+00  0.952690E+06
  0.653114E-01  0.923596E+06  0.905141E+06  0.000000E+00  0.000000E+00  0.000000E+00  0.923015E+06
  0.675252E-01  0.894261E+06  0.875644E+06  0.000000E+00  0.000000E+00  0.000000E+00  0.893674E+06
  0.698139E-01  0.865267E+06  0.846286E+06  0.000000E+00  0.000000E+00  0.000000E+00  0.864670E+06
  0.721803E-01  0.836651E+06  0.817180E+06  0.000000E+00  0.000000E+00  0.000000E+00  0.836037E+06
  0.746268E-01  0.808494E+06  0.788504E+06  0.000000E+00  0.000000E+00  0.000000E+00  0.807865E+06
  0.771564E-01  0.780921E+06  0.760478E+06  0.000000E+00  0.000000E+00  0.000000E+00  0.780277E+06
  0.797716E-01  0.754058E+06  0.733326E+06  0.000000E+00  0.000000E+00  0.000000E+00  0.753405E+06
  0.824755E-01  0.727998E+06  0.707219E+06  0.000000E+00  0.000000E+00  0.000000E+00  0.727344E+06
  0.852709E-01  0.702776E+06  0.682250E+06  0.000000E+00  0.000000E+00  0.000000E+00  0.702129E+06
  0.881612E-01  0.678360E+06  0.658412E+06  0.000000E+00  0.000000E+00  0.000000E+00  0.677732E+06
  0.911495E-01  0.654690E+06  0.635630E+06  0.000000E+00  0.000000E+00  0.000000E+00  0.654090E+06
  0.942390E-01  0.631714E+06  0.613799E+06  0.000000E+00  0.000000E+00  0.000000E+00  0.631150E+06
  0.974333E-01  0.609405E+06  0.592807E+06  0.000000E+00  0.000000E+00  0.000000E+00  0.608882E+06
  0.100736E+00  0.587749E+06  0.572527E+06  0.000000E+00  0.000000E+00  0.000000E+00  0.587270E+06
  0.104150E+00  0.566704E+06  0.552798E+06  0.000000E+00  0.000000E+00  0.000000E+00  0.566266E+06
  0.107680E+00  0.546187E+06  0.533425E+06  0.000000E+00  0.000000E+00  0.000000E+00  0.545785E+06
  0.111330E+00  0.526105E+06  0.514230E+06  0.000000E+00  0.000000E+00  0.000000E+00  0.525731E+06
  0.115104E+00  0.506405E+06  0.495121E+06  0.000000E+00  0.000000E+00  0.000000E+00  0.506049E+06
  0.119005E+00  0.487093E+06  0.476119E+06  0.000000E+00  0.000000E+00  0.000000E+00  0.486747E+06
  0.123039E+00  0.468207E+06  0.457324E+06  0.000000E+00  0.000000E+00  0.000000E+00  0.467864E+06
  0.127209E+00  0.449777E+06  0.438867E+06  0.000000E+00  0.000000E+00  0.000000E+00  0.449433E+06
  0.131521E+00  0.431844E+06  0.420908E+06  0.000000E+00  0.000000E+00  0.000000E+00  0.431499E+06
  0.135979E+00  0.414498E+06  0.403645E+06  0.000000E+00  0.000000E+00  0.000000E+00  0.414156E+06
  0.140588E+00  0.397854E+06  0.387258E+06  0.000000E+00  0.000000E+00  0.000000E+00  0.397520E+06
  0.145353E+00  0.381946E+06  0.371794E+06  0.000000E+00  0.000000E+00  0.000000E+00  0.381626E+06
  0.150280E+00  0.366691E+06  0.357124E+06  0.000000E+00  0.000000E+00  0.000000E+00  0.366389E+06
  0.155374E+00  0.351974E+06  0.343046E+06  0.000000E+00  0.000000E+00  0.000000E+00  0.351692E+06
  0.160640E+00  0.337732E+06  0.329402E+06  0.000000E+00  0.000000E+00  0.000000E+00  0.337469E+06
  0.166085E+00  0.323925E+06  0.316081E+06  0.000000E+00  0.000000E+00  0.000000E+00  0.323678E+06
  0.171715E+00  0.310494E+06  0.302993E+06  0.000000E+00  0.000000E+00  0.000000E+00  0.310258E+06
  0.177535E+00  0.297419E+06  0.290147E+06  0.000000E+00  0.000000E+00  0.000000E+00  0.297190E+06
  0.183553E+00  0.284755E+06  0.277661E+06  0.000000E+00  0.000000E+00  0.000000E+00  0.284532E+06
  0.189774E+00  0.272558E+06  0.265658E+06  0.000000E+00  0.000000E+00  0.000000E+00  0.272341E+06
  0.196206E+00  0.260851E+06  0.254203E+06  0.000000E+00  0.000000E+00  0.000000E+00  0.260642E+06
  0.202857E+00  0.249647E+06  0.243310E+06  0.000000E+00  0.000000E+00  0.000000E+00  0.249447E+06
  0.209733E+00  0.238898E+06  0.232900E+06  0.000000E+00  0.000000E+00  0.000000E+00  0.238709E+06
  0.216842E+00  0.228528E+06  0.222847E+06  0.000000E+00  0.000000E+00  0.000000E+00  0.228349E+06
  0.224192E+00  0.218528E+06  0.213116E+06  0.000000E+00  0.000000E+00  0.000000E+00  0.218357E+06
  0.231791E+00  0.208897E+06  0.203709E+06  0.000000E+00  0.000000E+00  0.000000E+00  0.208734E+06
  0.239647E+00  0.199600E+06  0.194612E+06  0.000000E+00  0.000000E+00  0.000000E+00  0.199443E+06
  0.247770E+00  0.190667E+06  0.185882E+06  0.000000E+00  0.000000E+00  0.000000E+00  0.190516E+06
  0.256168E+00  0.182115E+06  0.177546E+06  0.000000E+00  0.000000E+00  0.000000E+00  0.181972E+06
  0.264851E+00  0.173903E+06  0.169553E+06  0.000000E+00  0.000000E+00  0.000000E+00  0.173766E+06
  0.273828E+00  0.166025E+06  0.161883E+06  0.000000E+00  0.000000E+00  0.000000E+00  0.165895E+06
  0.283110E+00  0.158461E+06  0.154509E+06  0.000000E+00  0.000000E+00  0.000000E+00  0.158337E+06
  0.292706E+00  0.151190E+06  0.147414E+06  0.000000E+00  0.000000E+00  0.000000E+00  0.151071E+06
  0.302627E+00  0.144223E+06  0.140617E+06  0.000000E+00  0.000000E+00  0.000000E+00  0.144109E+06
  0.312884E+00  0.137542E+06  0.134104E+06  0.000000E+00  0.000000E+00  0.000000E+00  0.137433E+06
  0.323490E+00  0.131145E+06  0.127869E+06  0.000000E+00  0.000000E+00  0.000000E+00  0.131041E+06
  0.334454E+00  0.125011E+06  0.121890E+06  0.000000E+00  0.000000E+00  0.000000E+00  0.124913E+06
  0.345791E+00  0.119139E+06  0.116164E+06  0.000000E+00  0.000000E+00  0.000000E+00  0.119045E+06
  0.357512E+00  0.113514E+06  0.110679E+06  0.000000E+00  0.000000E+00  0.000000E+00  0.113425E+06
  0.369629E+00  0.108133E+06  0.105433E+06  0.000000E+00  0.000000E+00  0.000000E+00  0.108048E+06
  0.382158E+00  0.102982E+06  0.100411E+06  0.000000E+00  0.000000E+00  0.000000E+00  0.102901E+06
  0.395111E+00  0.980578E+05  0.956094E+05  0.000000E+00  0.000000E+00  0.000000E+00  0.979806E+05
  0.408504E+00  0.933462E+05  0.910155E+05  0.000000E+00  0.000000E+00  0.000000E+00  0.932728E+05
  0.422350E+00  0.888459E+05  0.866278E+05  0.000000E+00  0.000000E+00  0.000000E+00  0.887760E+05
  0.436666E+00  0.845432E+05  0.824326E+05  0.000000E+00  0.000000E+00  0.000000E+00  0.844768E+05
  0.451466E+00  0.804349E+05  0.784269E+05  0.000000E+00  0.000000E+00  0.000000E+00  0.803716E+05
  0.466769E+00  0.765112E+05  0.746013E+05  0.000000E+00  0.000000E+00  0.000000E+00  0.764511E+05
  0.482590E+00  0.727644E+05  0.709481E+05  0.000000E+00  0.000000E+00  0.000000E+00  0.727072E+05
  0.498948E+00  0.691890E+05  0.674620E+05  0.000000E+00  0.000000E+00  0.000000E+00  0.691346E+05
  0.515859E+00  0.657769E+05  0.641351E+05  0.000000E+00  0.000000E+00  0.000000E+00  0.657252E+05
  0.533344E+00  0.625205E+05  0.609601E+05  0.000000E+00  0.000000E+00  0.000000E+00  0.624714E+05
  0.551422E+00  0.594146E+05  0.579317E+05  0.000000E+00  0.000000E+00  0.000000E+00  0.593679E+05
  0.570113E+00  0.564529E+05  0.550440E+05  0.000000E+00  0.000000E+00  0.000000E+00  0.564085E+05
  0.589437E+00  0.536289E+05  0.522905E+05  0.000000E+00  0.000000E+00  0.000000E+00  0.535868E+05
  0.609416E+00  0.509371E+05  0.496659E+05  0.000000E+00  0.000000E+00  0.000000E+00  0.508970E+05
  0.630072E+00  0.483720E+05  0.471649E+05  0.000000E+00  0.000000E+00  0.000000E+00  0.483340E+05
  0.651428E+00  0.459288E+05  0.447827E+05  0.000000E+00  0.000000E+00  0.000000E+00  0.458927E+05
  0.673509E+00  0.436022E+05  0.425142E+05  0.000000E+00  0.000000E+00  0.000000E+00  0.435680E+05
  0.696337E+00  0.413873E+05  0.403546E+05  0.000000E+00  0.000000E+00  0.000000E+00  0.413548E+05
  0.719940E+00  0.392789E+05  0.382988E+05  0.000000E+00  0.000000E+00  0.000000E+00  0.392480E+05
  0.744342E+00  0.372721E+05  0.363421E+05  0.000000E+00  0.000000E+00  0.000000E+00  0.372428E+05
  0.769572E+00  0.353622E+05  0.344799E+05  0.000000E+00  0.000000E+00  0.000000E+00  0.353344E+05
  0.795656E+00  0.335449E+05  0.327079E+05  0.000000E+00  0.000000E+00  0.000000E+00  0.335185E+05
  0.822625E+00  0.318158E+05  0.310221E+05  0.000000E+00  0.000000E+00  0.000000E+00  0.317908E+05
  0.850508E+00  0.301714E+05  0.294187E+05  0.000000E+00  0.000000E+00  0.000000E+00  0.301477E+05
  0.879336E+00  0.286078E+05  0.278941E+05  0.000000E+00  0.000000E+00  0.000000E+00  0.285853E+05
  0.909141E+00  0.271216E+05  0.264450E+05  0.000000E+00  0.000000E+00  0.000000E+00  0.271003E+05
  0.939957E+00  0.257093E+05  0.250679E+05  0.000000E+00  0.000000E+00  0.000000E+00  0.256891E+05
  0.971817E+00  0.243673E+05  0.237594E+05  0.000000E+00  0.000000E+00  0.000000E+00  0.243481E+05
  0.100476E+01  0.230920E+05  0.225159E+05  0.000000E+00  0.000000E+00  0.000000E+00  0.230738E+05
  0.103881E+01  0.218805E+05  0.213347E+05  0.000000E+00  0.000000E+00  0.000000E+00  0.218633E+05
  0.107402E+01  0.207296E+05  0.202125E+05  0.000000E+00  0.000000E+00  0.000000E+00  0.207134E+05
  0.111043E+01  0.196370E+05  0.191471E+05  0.000000E+00  0.000000E+00  0.000000E+00  0.196215E+05
  0.114807E+01  0.185996E+05  0.181357E+05  0.000000E+00  0.000000E+00  0.000000E+00  0.185850E+05
  0.118698E+01  0.176151E+05  0.171757E+05  0.000000E+00  0.000000E+00  0.000000E+00  0.176013E+05
  0.122721E+01  0.166806E+05  0.162645E+05  0.000000E+00  0.000000E+00  0.000000E+00  0.166675E+05
  0.126881E+01  0.157937E+05  0.153997E+05  0.000000E+00  0.000000E+00  0.000000E+00  0.157813E+05
  0.131182E+01  0.149521E+05  0.145792E+05  0.000000E+00  0.000000E+00  0.000000E+00  0.149404E+05
  0.135628E+01  0.141538E+05  0.138008E+05  0.000000E+00  0.000000E+00  0.000000E+00  0.141427E+05
  0.140225E+01  0.133967E+05  0.130625E+05  0.000000E+00  0.000000E+00  0.000000E+00  0.133861E+05
  0.144978E+01  0.126785E+05  0.123623E+05  0.000000E+00  0.000000E+00  0.000000E+00  0.126686E+05
  0.149892E+01  0.119975E+05  0.116983E+05  0.000000E+00  0.000000E+00  0.000000E+00  0.119881E+05
  0.154973E+01  0.113518E+05  0.110687E+05  0.000000E+00  0.000000E+00  0.000000E+00  0.113429E+05
  0.160226E+01  0.107397E+05  0.104718E+05  0.000000E+00  0.000000E+00  0.000000E+00  0.107313E+05
  0.165656E+01  0.101596E+05  0.990617E+04  0.000000E+00  0.000000E+00  0.000000E+00  0.101516E+05
  0.171271E+01  0.960972E+04  0.937003E+04  0.000000E+00  0.000000E+00  0.000000E+00  0.960217E+04
  0.177077E+01  0.908871E+04  0.886201E+04  0.000000E+00  0.000000E+00  0.000000E+00  0.908157E+04
  0.183079E+01  0.859509E+04  0.838071E+04  0.000000E+00  0.000000E+00  0.000000E+00  0.858834E+04
  0.189284E+01  0.812750E+04  0.792478E+04  0.000000E+00  0.000000E+00  0.000000E+00  0.812112E+04
  0.195700E+01  0.768459E+04  0.749291E+04  0.000000E+00  0.000000E+00  0.000000E+00  0.767855E+04
  0.202333E+01  0.726514E+04  0.708393E+04  0.000000E+00  0.000000E+00  0.000000E+00  0.725943E+04
  0.209191E+01  0.686794E+04  0.669663E+04  0.000000E+00  0.000000E+00  0.000000E+00  0.686254E+04
  0.216282E+01  0.649185E+04  0.632992E+04  0.000000E+00  0.000000E+00  0.000000E+00  0.648675E+04
  0.223613E+01  0.613577E+04  0.598272E+04  0.000000E+00  0.000000E+00  0.000000E+00  0.613095E+04
  0.231192E+01  0.579869E+04  0.565405E+04  0.000000E+00  0.000000E+00  0.000000E+00  0.579414E+04
  0.239028E+01  0.547963E+04  0.534294E+04  0.000000E+00  0.000000E+00  0.000000E+00  0.547532E+04
  0.247130E+01  0.517766E+04  0.504850E+04  0.000000E+00  0.000000E+00  0.000000E+00  0.517359E+04
  0.255507E+01  0.489190E+04  0.476987E+04  0.000000E+00  0.000000E+00  0.000000E+00  0.488806E+04
  0.264167E+01  0.462152E+04  0.450623E+04  0.000000E+00  0.000000E+00  0.000000E+00  0.461789E+04
  0.273121E+01  0.436573E+04  0.425682E+04  0.000000E+00  0.000000E+00  0.000000E+00  0.436230E+04
  0.282379E+01  0.412375E+04  0.402087E+04  0.000000E+00  0.000000E+00  0.000000E+00  0.412051E+04
  0.291950E+01  0.389488E+04  0.379771E+04  0.000000E+00  0.000000E+00  0.000000E+00  0.389182E+04
  0.301846E+01  0.367842E+04  0.358664E+04  0.000000E+00  0.000000E+00  0.000000E+00  0.367553E+04
  0.312077E+01  0.347371E+04  0.338704E+04  0.000000E+00  0.000000E+00  0.000000E+00  0.347098E+04
  0.322655E+01  0.328014E+04  0.319830E+04  0.000000E+00  0.000000E+00  0.000000E+00  0.327756E+04
  0.333591E+01  0.309711E+04  0.301983E+04  0.000000E+00  0.000000E+00  0.000000E+00  0.309468E+04
  0.344898E+01  0.292406E+04  0.285110E+04  0.000000E+00  0.000000E+00  0.000000E+00  0.292177E+04
  0.356588E+01  0.276048E+04  0.269159E+04  0.000000E+00  0.000000E+00  0.000000E+00  0.275831E+04
  0.368675E+01  0.260584E+04  0.254081E+04  0.000000E+00  0.000000E+00  0.000000E+00  0.260379E+04
  0.381172E+01  0.245969E+04  0.239830E+04  0.000000E+00  0.000000E+00  0.000000E+00  0.245776E+04
  0.394091E+01  0.232159E+04  0.226364E+04  0.000000E+00  0.000000E+00  0.000000E+00  0.231976E+04
  0.407449E+01  0.219108E+04  0.213638E+04  0.000000E+00  0.000000E+00  0.000000E+00  0.218935E+04
  0.421259E+01  0.206777E+04  0.201615E+04  0.000000E+00  0.000000E+00  0.000000E+00  0.206614E+04
  0.435538E+01  0.195126E+04  0.190255E+04  0.000000E+00  0.000000E+00  0.000000E+00  0.194973E+04
  0.450301E+01  0.184119E+04  0.179522E+04  0.000000E+00  0.000000E+00  0.000000E+00  0.183974E+04
  0.465564E+01  0.173721E+04  0.169383E+04  0.000000E+00  0.000000E+00  0.000000E+00  0.173584E+04
  0.481344E+01  0.163899E+04  0.159806E+04  0.000000E+00  0.000000E+00  0.000000E+00  0.163770E+04
  0.497659E+01  0.154622E+04  0.150760E+04  0.000000E+00  0.000000E+00  0.000000E+00  0.154500E+04
  0.514527E+01  0.145861E+04  0.142217E+04  0.000000E+00  0.000000E+00  0.000000E+00  0.145746E+04
  0.531968E+01  0.137588E+04  0.134151E+04  0.000000E+00  0.000000E+00  0.000000E+00  0.137480E+04
  0.549998E+01  0.129777E+04  0.126534E+04  0.000000E+00  0.000000E+00  0.000000E+00  0.129674E+04
  0.568641E+01  0.122401E+04  0.119342E+04  0.000000E+00  0.000000E+00  0.000000E+00  0.122305E+04
  0.587915E+01  0.115437E+04  0.112552E+04  0.000000E+00  0.000000E+00  0.000000E+00  0.115347E+04
  0.607843E+01  0.108863E+04  0.106142E+04  0.000000E+00  0.000000E+00  0.000000E+00  0.108777E+04
  0.628446E+01  0.102657E+04  0.100090E+04  0.000000E+00  0.000000E+00  0.000000E+00  0.102576E+04
  0.649747E+01  0.967988E+03  0.943781E+03  0.000000E+00  0.000000E+00  0.000000E+00  0.967226E+03
  0.671770E+01  0.912700E+03  0.889870E+03  0.000000E+00  0.000000E+00  0.000000E+00  0.911981E+03
  0.694539E+01  0.860524E+03  0.838994E+03  0.000000E+00  0.000000E+00  0.000000E+00  0.859846E+03
  0.718081E+01  0.811285E+03  0.790982E+03  0.000000E+00  0.000000E+00  0.000000E+00  0.810646E+03
  0.742420E+01  0.764821E+03  0.745675E+03  0.000000E+00  0.000000E+00  0.000000E+00  0.764218E+03
  0.767585E+01  0.720974E+03  0.702921E+03  0.000000E+00  0.000000E+00  0.000000E+00  0.720406E+03
  0.793602E+01  0.679605E+03  0.662583E+03  0.000000E+00  0.000000E+00  0.000000E+00  0.679069E+03
  0.820502E+01  0.640575E+03  0.624525E+03  0.000000E+00  0.000000E+00  0.000000E+00  0.640069E+03
  0.848312E+01  0.603757E+03  0.588624E+03  0.000000E+00  0.000000E+00  0.000000E+00  0.603280E+03
  0.877066E+01  0.569026E+03  0.554759E+03  0.000000E+00  0.000000E+00  0.000000E+00  0.568577E+03
  0.906794E+01  0.536266E+03  0.522814E+03  0.000000E+00  0.000000E+00  0.000000E+00  0.535842E+03
  0.937530E+01  0.505364E+03  0.492682E+03  0.000000E+00  0.000000E+00  0.000000E+00  0.504964E+03
  0.969308E+01  0.476218E+03  0.464262E+03  0.000000E+00  0.000000E+00  0.000000E+00  0.475841E+03
  0.100216E+02  0.448731E+03  0.437459E+03  0.000000E+00  0.000000E+00  0.000000E+00  0.448376E+03
  0.103613E+02  0.422810E+03  0.412185E+03  0.000000E+00  0.000000E+00  0.000000E+00  0.422476E+03
  0.107125E+02  0.398370E+03  0.388353E+03  0.000000E+00  0.000000E+00  0.000000E+00  0.398054E+03
  0.110756E+02  0.375323E+03  0.365879E+03  0.000000E+00  0.000000E+00  0.000000E+00  0.375025E+03
  0.114510E+02  0.353592E+03  0.344690E+03  0.000000E+00  0.000000E+00  0.000000E+00  0.353311E+03
  0.118392E+02  0.333103E+03  0.324710E+03  0.000000E+00  0.000000E+00  0.000000E+00  0.332838E+03
  0.122404E+02  0.313788E+03  0.305876E+03  0.000000E+00  0.000000E+00  0.000000E+00  0.313538E+03
  0.126553E+02  0.295579E+03  0.288121E+03  0.000000E+00  0.000000E+00  0.000000E+00  0.295345E+03
  0.130843E+02  0.278416E+03  0.271385E+03  0.000000E+00  0.000000E+00  0.000000E+00  0.278194E+03
  0.135278E+02  0.262235E+03  0.255607E+03  0.000000E+00  0.000000E+00  0.000000E+00  0.262027E+03
  0.139863E+02  0.246985E+03  0.240736E+03  0.000000E+00  0.000000E+00  0.000000E+00  0.246788E+03
  0.144604E+02  0.232611E+03  0.226720E+03  0.000000E+00  0.000000E+00  0.000000E+00  0.232426E+03
  0.149505E+02  0.219066E+03  0.213512E+03  0.000000E+00  0.000000E+00  0.000000E+00  0.218891E+03
  0.154573E+02  0.206300E+03  0.201063E+03  0.000000E+00  0.000000E+00  0.000000E+00  0.206135E+03
  0.159812E+02  0.194269E+03  0.189332E+03  0.000000E+00  0.000000E+00  0.000000E+00  0.194113E+03
  0.165229E+02  0.182932E+03  0.178277E+03  0.000000E+00  0.000000E+00  0.000000E+00  0.182786E+03
  0.170829E+02  0.172250E+03  0.167861E+03  0.000000E+00  0.000000E+00  0.000000E+00  0.172112E+03
  0.176619E+02  0.162186E+03  0.158047E+03  0.000000E+00  0.000000E+00  0.000000E+00  0.162056E+03
  0.182606E+02  0.152703E+03  0.148800E+03  0.000000E+00  0.000000E+00  0.000000E+00  0.152580E+03
  0.188795E+02  0.143769E+03  0.140087E+03  0.000000E+00  0.000000E+00  0.000000E+00  0.143653E+03
  0.195195E+02  0.135352E+03  0.131880E+03  0.000000E+00  0.000000E+00  0.000000E+00  0.135243E+03
  0.201811E+02  0.127424E+03  0.124148E+03  0.000000E+00  0.000000E+00  0.000000E+00  0.127321E+03
  0.208651E+02  0.119955E+03  0.116865E+03  0.000000E+00  0.000000E+00  0.000000E+00  0.119857E+03
  0.215723E+02  0.112919E+03  0.110004E+03  0.000000E+00  0.000000E+00  0.000000E+00  0.112827E+03
  0.223035E+02  0.106292E+03  0.103542E+03  0.000000E+00  0.000000E+00  0.000000E+00  0.106206E+03
  0.230595E+02  0.100051E+03  0.974553E+02  0.000000E+00  0.000000E+00  0.000000E+00  0.999693E+02
  0.238411E+02  0.941723E+02  0.917225E+02  0.000000E+00  0.000000E+00  0.000000E+00  0.940952E+02
  0.246492E+02  0.886359E+02  0.863234E+02  0.000000E+00  0.000000E+00  0.000000E+00  0.885630E+02
  0.254847E+02  0.834220E+02  0.812389E+02  0.000000E+00  0.000000E+00  0.000000E+00  0.833532E+02
  0.263485E+02  0.785121E+02  0.764507E+02  0.000000E+00  0.000000E+00  0.000000E+00  0.784472E+02
  0.272416E+02  0.738884E+02  0.719416E+02  0.000000E+00  0.000000E+00  0.000000E+00  0.738271E+02
  0.281650E+02  0.695346E+02  0.676957E+02  0.000000E+00  0.000000E+00  0.000000E+00  0.694767E+02
  0.291196E+02  0.654353E+02  0.636980E+02  0.000000E+00  0.000000E+00  0.000000E+00  0.653806E+02
  0.301066E+02  0.615754E+02  0.599336E+02  0.000000E+00  0.000000E+00  0.000000E+00  0.615237E+02
  0.311271E+02  0.579412E+02  0.563894E+02  0.000000E+00  0.000000E+00  0.000000E+00  0.578923E+02
  0.321822E+02  0.545197E+02  0.530526E+02  0.000000E+00  0.000000E+00  0.000000E+00  0.544735E+02
  0.332730E+02  0.512987E+02  0.499112E+02  0.000000E+00  0.000000E+00  0.000000E+00  0.512550E+02
  0.344008E+02  0.482661E+02  0.469536E+02  0.000000E+00  0.000000E+00  0.000000E+00  0.482248E+02
  0.355668E+02  0.454116E+02  0.441696E+02  0.000000E+00  0.000000E+00  0.000000E+00  0.453725E+02
  0.367723E+02  0.427244E+02  0.415488E+02  0.000000E+00  0.000000E+00  0.000000E+00  0.426874E+02
  0.380187E+02  0.401949E+02  0.390817E+02  0.000000E+00  0.000000E+00  0.000000E+00  0.401598E+02
  0.393074E+02  0.378140E+02  0.367596E+02  0.000000E+00  0.000000E+00  0.000000E+00  0.377808E+02
  0.406397E+02  0.355731E+02  0.345739E+02  0.000000E+00  0.000000E+00  0.000000E+00  0.355416E+02
  0.420172E+02  0.334638E+02  0.325166E+02  0.000000E+00  0.000000E+00  0.000000E+00  0.334339E+02
  0.434414E+02  0.314787E+02  0.305803E+02  0.000000E+00  0.000000E+00  0.000000E+00  0.314504E+02
  0.449138E+02  0.296104E+02  0.287580E+02  0.000000E+00  0.000000E+00  0.000000E+00  0.295835E+02
  0.464362E+02  0.278521E+02  0.270430E+02  0.000000E+00  0.000000E+00  0.000000E+00  0.278266E+02
  0.480101E+02  0.261975E+02  0.254291E+02  0.000000E+00  0.000000E+00  0.000000E+00  0.261733E+02
  0.496375E+02  0.246404E+02  0.239102E+02  0.000000E+00  0.000000E+00  0.000000E+00  0.246174E+02
  0.513199E+02  0.231753E+02  0.224809E+02  0.000000E+00  0.000000E+00  0.000000E+00  0.231534E+02
  0.530594E+02  0.217965E+02  0.211360E+02  0.000000E+00  0.000000E+00  0.000000E+00  0.217757E+02
  0.548579E+02  0.204992E+02  0.198704E+02  0.000000E+00  0.000000E+00  0.000000E+00  0.204794E+02
  0.567173E+02  0.192786E+02  0.186796E+02  0.000000E+00  0.000000E+00  0.000000E+00  0.192597E+02
  0.586397E+02  0.181301E+02  0.175592E+02  0.000000E+00  0.000000E+00  0.000000E+00  0.181121E+02
  0.606273E+02  0.170495E+02  0.165050E+02  0.000000E+00  0.000000E+00  0.000000E+00  0.170324E+02
  0.626823E+02  0.160329E+02  0.155132E+02  0.000000E+00  0.000000E+00  0.000000E+00  0.160165E+02
  0.648069E+02  0.150765E+02  0.145800E+02  0.000000E+00  0.000000E+00  0.000000E+00  0.150608E+02
  0.670036E+02  0.141767E+02  0.137021E+02  0.000000E+00  0.000000E+00  0.000000E+00  0.141617E+02
  0.692747E+02  0.133303E+02  0.128762E+02  0.000000E+00  0.000000E+00  0.000000E+00  0.133160E+02
  0.716227E+02  0.125340E+02  0.120993E+02  0.000000E+00  0.000000E+00  0.000000E+00  0.125203E+02
  0.740504E+02  0.117850E+02  0.113684E+02  0.000000E+00  0.000000E+00  0.000000E+00  0.117718E+02
  0.765604E+02  0.110804E+02  0.106808E+02  0.000000E+00  0.000000E+00  0.000000E+00  0.110678E+02
  0.791553E+02  0.104177E+02  0.100341E+02  0.000000E+00  0.000000E+00  0.000000E+00  0.104056E+02
  0.818384E+02  0.979428E+01  0.942577E+01  0.000000E+00  0.000000E+00  0.000000E+00  0.978268E+01
  0.846122E+02  0.920796E+01  0.885357E+01  0.000000E+00  0.000000E+00  0.000000E+00  0.919680E+01
  0.874802E+02  0.865649E+01  0.831536E+01  0.000000E+00  0.000000E+00  0.000000E+00  0.864575E+01
  0.904453E+02  0.813783E+01  0.780916E+01  0.000000E+00  0.000000E+00  0.000000E+00  0.812748E+01
  0.935109E+02  0.765005E+01  0.733306E+01  0.000000E+00  0.000000E+00  0.000000E+00  0.764006E+01
  0.966806E+02  0.719127E+01  0.688527E+01  0.000000E+00  0.000000E+00  0.000000E+00  0.718163E+01
  0.999576E+02  0.675985E+01  0.646416E+01  0.000000E+00  0.000000E+00  0.000000E+00  0.675053E+01
  0.103346E+03  0.635413E+01  0.606813E+01  0.000000E+00  0.000000E+00  0.000000E+00  0.634512E+01
  0.106849E+03  0.597257E+01  0.569567E+01  0.000000E+00  0.000000E+00  0.000000E+00  0.596385E+01
  0.110470E+03  0.561379E+01  0.534544E+01  0.000000E+00  0.000000E+00  0.000000E+00  0.560534E+01
  0.114215E+03  0.527641E+01  0.501610E+01  0.000000E+00  0.000000E+00  0.000000E+00  0.526822E+01
  0.118086E+03  0.495918E+01  0.470641E+01  0.000000E+00  0.000000E+00  0.000000E+00  0.495122E+01
  0.122089E+03  0.466086E+01  0.441520E+01  0.000000E+00  0.000000E+00  0.000000E+00  0.465313E+01
  0.126227E+03  0.438038E+01  0.414139E+01  0.000000E+00  0.000000E+00  0.000000E+00  0.437286E+01
  0.130505E+03  0.411667E+01  0.388395E+01  0.000000E+00  0.000000E+00  0.000000E+00  0.410934E+01
  0.134928E+03  0.386871E+01  0.364191E+01  0.000000E+00  0.000000E+00  0.000000E+00  0.386157E+01
  0.139502E+03  0.363558E+01  0.341434E+01  0.000000E+00  0.000000E+00  0.000000E+00  0.362861E+01
  0.144230E+03  0.341640E+01  0.320041E+01  0.000000E+00  0.000000E+00  0.000000E+00  0.340960E+01
  0.149119E+03  0.321034E+01  0.299929E+01  0.000000E+00  0.000000E+00  0.000000E+00  0.320370E+01
  0.154173E+03  0.301663E+01  0.281024E+01  0.000000E+00  0.000000E+00  0.000000E+00  0.301012E+01
  0.159399E+03  0.283450E+01  0.263253E+01  0.000000E+00  0.000000E+00  0.000000E+00  0.282814E+01
  0.164802E+03  0.266330E+01  0.246550E+01  0.000000E+00  0.000000E+00  0.000000E+00  0.265707E+01
  0.170388E+03  0.250236E+01  0.230851E+01  0.000000E+00  0.000000E+00  0.000000E+00  0.249625E+01
  0.176164E+03  0.235106E+01  0.216097E+01  0.000000E+00  0.000000E+00  0.000000E+00  0.234507E+01
  0.182135E+03  0.220885E+01  0.202232E+01  0.000000E+00  0.000000E+00  0.000000E+00  0.220297E+01
  0.188308E+03  0.207517E+01  0.189204E+01  0.000000E+00  0.000000E+00  0.000000E+00  0.206940E+01
  0.194691E+03  0.194952E+01  0.176963E+01  0.000000E+00  0.000000E+00  0.000000E+00  0.194385E+01
  0.201290E+03  0.183140E+01  0.165463E+01  0.000000E+00  0.000000E+00  0.000000E+00  0.182584E+01
