    0.10880E-04    0.29997E+02
    0.11249E-04    0.30975E+02
    0.11630E-04    0.31985E+02
    0.12024E-04    0.33028E+02
    0.12432E-04    0.34104E+02
    0.12853E-04    0.35216E+02
    0.13289E-04    0.36364E+02
    0.13739E-04    0.37550E+02
    0.14205E-04    0.38774E+02
    0.14686E-04    0.40038E+02
    0.15184E-04    0.41343E+02
    0.15699E-04    0.42691E+02
    0.16231E-04    0.44082E+02
    0.16781E-04    0.45520E+02
    0.17350E-04    0.47003E+02
    0.17938E-04    0.48536E+02
    0.18546E-04    0.50118E+02
    0.19175E-04    0.51752E+02
    0.19825E-04    0.53439E+02
    0.20497E-04    0.55181E+02
    0.21191E-04    0.56980E+02
    0.21910E-04    0.58837E+02
    0.22652E-04    0.60755E+02
    0.23420E-04    0.62736E+02
    0.24214E-04    0.64781E+02
    0.25035E-04    0.66893E+02
    0.25883E-04    0.69074E+02
    0.26760E-04    0.71325E+02
    0.27667E-04    0.73651E+02
    0.28605E-04    0.76051E+02
    0.29575E-04    0.78531E+02
    0.30577E-04    0.81091E+02
    0.31614E-04    0.83734E+02
    0.32685E-04    0.86464E+02
    0.33793E-04    0.89282E+02
    0.34938E-04    0.92193E+02
    0.36123E-04    0.95198E+02
    0.37347E-04    0.98301E+02
    0.38613E-04    0.10151E+03
    0.39922E-04    0.10481E+03
    0.41275E-04    0.10823E+03
    0.42674E-04    0.11176E+03
    0.44120E-04    0.11540E+03
    0.45616E-04    0.11916E+03
    0.47162E-04    0.12305E+03
    0.48761E-04    0.12706E+03
    0.50413E-04    0.13120E+03
    0.52122E-04    0.13548E+03
    0.53889E-04    0.13989E+03
    0.55715E-04    0.14445E+03
    0.57604E-04    0.14916E+03
    0.59556E-04    0.15402E+03
    0.61575E-04    0.15904E+03
    0.63662E-04    0.16423E+03
    0.65820E-04    0.16958E+03
    0.68051E-04    0.17511E+03
    0.70357E-04    0.18082E+03
    0.72742E-04    0.18671E+03
    0.75208E-04    0.19279E+03
    0.77757E-04    0.19908E+03
    0.80393E-04    0.20556E+03
    0.83118E-04    0.21226E+03
    0.85935E-04    0.21918E+03
    0.88848E-04    0.22632E+03
    0.91859E-04    0.23370E+03
    0.94973E-04    0.24131E+03
    0.98192E-04    0.24918E+03
    0.10152E-03    0.25730E+03
    0.10496E-03    0.26568E+03
    0.10852E-03    0.27434E+03
    0.11220E-03    0.28327E+03
    0.11600E-03    0.29250E+03
    0.11993E-03    0.30203E+03
    0.12400E-03    0.31187E+03
    0.12820E-03    0.32203E+03
    0.13255E-03    0.33252E+03
    0.13704E-03    0.34335E+03
    0.14168E-03    0.35453E+03
    0.14648E-03    0.36608E+03
    0.15145E-03    0.37800E+03
    0.15658E-03    0.39031E+03
    0.16189E-03    0.40302E+03
    0.16738E-03    0.41614E+03
    0.17305E-03    0.42969E+03
    0.17892E-03    0.44367E+03
    0.18498E-03    0.45812E+03
    0.19125E-03    0.47302E+03
    0.19773E-03    0.48842E+03
    0.20444E-03    0.50431E+03
    0.21137E-03    0.52072E+03
    0.21853E-03    0.53765E+03
    0.22594E-03    0.55514E+03
    0.23360E-03    0.57319E+03
    0.24151E-03    0.59183E+03
    0.24970E-03    0.61107E+03
    0.25816E-03    0.63092E+03
    0.26691E-03    0.65143E+03
    0.27596E-03    0.67259E+03
    0.28531E-03    0.69443E+03
    0.29498E-03    0.71698E+03
    0.30498E-03    0.74026E+03
    0.31532E-03    0.76428E+03
    0.32601E-03    0.78908E+03
    0.33706E-03    0.81467E+03
    0.34848E-03    0.84108E+03
    0.36029E-03    0.86834E+03
    0.37251E-03    0.89647E+03
    0.38513E-03    0.92551E+03
    0.39819E-03    0.95547E+03
    0.41168E-03    0.98638E+03
    0.42564E-03    0.10183E+04
    0.44006E-03    0.10512E+04
    0.45498E-03    0.10852E+04
    0.47040E-03    0.11202E+04
    0.48635E-03    0.11563E+04
    0.50283E-03    0.11936E+04
    0.51988E-03    0.12321E+04
    0.53750E-03    0.12718E+04
    0.55572E-03    0.13127E+04
    0.57455E-03    0.13549E+04
    0.59403E-03    0.13984E+04
    0.61416E-03    0.14433E+04
    0.63498E-03    0.14896E+04
    0.65650E-03    0.15373E+04
    0.67875E-03    0.15865E+04
    0.70176E-03    0.16373E+04
    0.72554E-03    0.16896E+04
    0.75014E-03    0.17434E+04
    0.77556E-03    0.17990E+04
    0.80185E-03    0.18562E+04
    0.82903E-03    0.19152E+04
    0.85713E-03    0.19760E+04
    0.88618E-03    0.20386E+04
    0.91622E-03    0.21030E+04
    0.94727E-03    0.21694E+04
    0.97938E-03    0.22378E+04
    0.10126E-02    0.23083E+04
    0.10469E-02    0.23808E+04
    0.10824E-02    0.24554E+04
    0.11191E-02    0.25322E+04
    0.11570E-02    0.26113E+04
    0.11962E-02    0.26926E+04
    0.12368E-02    0.27763E+04
    0.12787E-02    0.28624E+04
    0.13220E-02    0.29509E+04
    0.13668E-02    0.30419E+04
    0.14132E-02    0.31355E+04
    0.14611E-02    0.32316E+04
    0.15106E-02    0.33305E+04
    0.15618E-02    0.34320E+04
    0.16147E-02    0.35363E+04
    0.16695E-02    0.36433E+04
    0.17260E-02    0.37533E+04
    0.17846E-02    0.38661E+04
    0.18450E-02    0.39818E+04
    0.19076E-02    0.41006E+04
    0.19722E-02    0.42224E+04
    0.20391E-02    0.43472E+04
    0.21082E-02    0.44751E+04
    0.21797E-02    0.46062E+04
    0.22535E-02    0.47404E+04
    0.23299E-02    0.48779E+04
    0.24089E-02    0.50185E+04
    0.24905E-02    0.51624E+04
    0.25750E-02    0.53096E+04
    0.26622E-02    0.54600E+04
    0.27525E-02    0.56137E+04
    0.28458E-02    0.57707E+04
    0.29422E-02    0.59309E+04
    0.30420E-02    0.60945E+04
    0.31451E-02    0.62612E+04
    0.32517E-02    0.64312E+04
    0.33619E-02    0.66044E+04
    0.34758E-02    0.67808E+04
    0.35936E-02    0.69603E+04
    0.37155E-02    0.71428E+04
    0.38414E-02    0.73283E+04
    0.39716E-02    0.75168E+04
    0.41062E-02    0.77081E+04
    0.42454E-02    0.79022E+04
    0.43893E-02    0.80989E+04
    0.45381E-02    0.82982E+04
    0.46919E-02    0.84999E+04
    0.48509E-02    0.87039E+04
    0.50153E-02    0.89100E+04
    0.51853E-02    0.91181E+04
    0.53611E-02    0.93280E+04
    0.55428E-02    0.95395E+04
    0.57307E-02    0.97524E+04
    0.59249E-02    0.99665E+04
    0.61257E-02    0.10182E+05
    0.63334E-02    0.10397E+05
    0.65481E-02    0.10614E+05
    0.67700E-02    0.10830E+05
    0.69995E-02    0.11046E+05
    0.72367E-02    0.11262E+05
    0.74820E-02    0.11477E+05
    0.77356E-02    0.11692E+05
    0.79978E-02    0.11904E+05
    0.82689E-02    0.12115E+05
    0.85492E-02    0.12324E+05
    0.88389E-02    0.12530E+05
    0.91385E-02    0.12733E+05
    0.94483E-02    0.12933E+05
    0.97685E-02    0.13128E+05
    0.10100E-01    0.13320E+05
    0.10442E-01    0.13506E+05
    0.10796E-01    0.13688E+05
    0.11162E-01    0.13863E+05
    0.11540E-01    0.14032E+05
    0.11931E-01    0.14195E+05
    0.12336E-01    0.14350E+05
    0.12754E-01    0.14497E+05
    0.13186E-01    0.14636E+05
    0.13633E-01    0.14766E+05
    0.14095E-01    0.14887E+05
    0.14573E-01    0.14997E+05
    0.15067E-01    0.15097E+05
    0.15578E-01    0.15186E+05
    0.16106E-01    0.15264E+05
    0.16652E-01    0.15330E+05
    0.17216E-01    0.15383E+05
    0.17799E-01    0.15424E+05
    0.18403E-01    0.15451E+05
    0.19027E-01    0.15465E+05
    0.19671E-01    0.15465E+05
    0.20338E-01    0.15451E+05
    0.21028E-01    0.15423E+05
    0.21740E-01    0.15380E+05
    0.22477E-01    0.15322E+05
    0.23239E-01    0.15251E+05
    0.24027E-01    0.15164E+05
    0.24841E-01    0.15064E+05
    0.25683E-01    0.14949E+05
    0.26554E-01    0.14821E+05
    0.27454E-01    0.14679E+05
    0.28384E-01    0.14525E+05
    0.29346E-01    0.14358E+05
    0.30341E-01    0.14181E+05
    0.31369E-01    0.13992E+05
    0.32433E-01    0.13794E+05
    0.33532E-01    0.13587E+05
    0.34669E-01    0.13372E+05
    0.35844E-01    0.13151E+05
    0.37059E-01    0.12923E+05
    0.38315E-01    0.12689E+05
    0.39613E-01    0.12446E+05
    0.40956E-01    0.12202E+05
    0.42344E-01    0.11956E+05
    0.43780E-01    0.11709E+05
    0.45263E-01    0.11462E+05
    0.46798E-01    0.11214E+05
    0.48384E-01    0.10963E+05
    0.50024E-01    0.10710E+05
    0.51719E-01    0.10452E+05
    0.53472E-01    0.10191E+05
    0.55285E-01    0.99248E+04
    0.57159E-01    0.96562E+04
    0.59096E-01    0.93883E+04
    0.61099E-01    0.91356E+04
    0.63170E-01    0.88656E+04
    0.65311E-01    0.85932E+04
    0.67525E-01    0.83182E+04
    0.69814E-01    0.80409E+04
    0.72180E-01    0.77622E+04
    0.74627E-01    0.74842E+04
    0.77156E-01    0.72094E+04
    0.79772E-01    0.69405E+04
    0.82475E-01    0.66795E+04
    0.85271E-01    0.64273E+04
    0.88161E-01    0.61836E+04
    0.91150E-01    0.59475E+04
    0.94239E-01    0.57182E+04
    0.97433E-01    0.54953E+04
    0.10074E+00    0.52788E+04
    0.10415E+00    0.50679E+04
    0.10768E+00    0.48614E+04
    0.11133E+00    0.46578E+04
    0.11510E+00    0.44563E+04
    0.11901E+00    0.42572E+04
    0.12304E+00    0.40615E+04
    0.12721E+00    0.38700E+04
    0.13152E+00    0.36836E+04
    0.13598E+00    0.35041E+04
    0.14059E+00    0.33335E+04
    0.14535E+00    0.31724E+04
    0.15028E+00    0.30195E+04
    0.15537E+00    0.28728E+04
    0.16064E+00    0.27313E+04
    0.16609E+00    0.25946E+04
    0.17171E+00    0.24616E+04
    0.17753E+00    0.23322E+04
    0.18355E+00    0.22075E+04
    0.18977E+00    0.20883E+04
    0.19621E+00    0.19751E+04
    0.20286E+00    0.18681E+04
    0.20973E+00    0.17665E+04
    0.21684E+00    0.16691E+04
    0.22419E+00    0.15760E+04
    0.23179E+00    0.14871E+04
    0.23965E+00    0.14019E+04
    0.24777E+00    0.13210E+04
    0.25617E+00    0.12444E+04
    0.26485E+00    0.11717E+04
    0.27383E+00    0.11028E+04
    0.28311E+00    0.10373E+04
    0.29271E+00    0.97510E+03
    0.30263E+00    0.91623E+03
    0.31288E+00    0.86047E+03
    0.32349E+00    0.80779E+03
    0.33445E+00    0.75793E+03
    0.34579E+00    0.71084E+03
    0.35751E+00    0.66634E+03
    0.36963E+00    0.62438E+03
    0.38216E+00    0.58477E+03
    0.39511E+00    0.54746E+03
    0.40850E+00    0.51229E+03
    0.42235E+00    0.47922E+03
    0.43667E+00    0.44807E+03
    0.45147E+00    0.41880E+03
    0.46677E+00    0.39129E+03
    0.48259E+00    0.36545E+03
    0.49895E+00    0.34119E+03
    0.51586E+00    0.31842E+03
    0.53334E+00    0.29705E+03
    0.55142E+00    0.27701E+03
    0.57011E+00    0.25824E+03
    0.58944E+00    0.24064E+03
    0.60942E+00    0.22417E+03
    0.63007E+00    0.20875E+03
    0.65143E+00    0.19433E+03
    0.67351E+00    0.18085E+03
    0.69634E+00    0.16826E+03
    0.71994E+00    0.15649E+03
    0.74434E+00    0.14550E+03
    0.76957E+00    0.13524E+03
    0.79566E+00    0.12567E+03
    0.82263E+00    0.11673E+03
    0.85051E+00    0.10840E+03
    0.87934E+00    0.10063E+03
    0.90914E+00    0.93396E+02
    0.93996E+00    0.86658E+02
    0.97182E+00    0.80385E+02
    0.10048E+01    0.74544E+02
    0.10388E+01    0.69110E+02
    0.10740E+01    0.64053E+02
    0.11104E+01    0.59353E+02
    0.11481E+01    0.54983E+02
    0.11870E+01    0.50924E+02
    0.12272E+01    0.47153E+02
    0.12688E+01    0.43650E+02
    0.13118E+01    0.40398E+02
    0.13563E+01    0.37379E+02
    0.14023E+01    0.34579E+02
    0.14498E+01    0.31981E+02
    0.14989E+01    0.29571E+02
    0.15497E+01    0.27336E+02
    0.16023E+01    0.25266E+02
    0.16566E+01    0.23347E+02
    0.17127E+01    0.21569E+02
    0.17708E+01    0.19923E+02
    0.18308E+01    0.18398E+02
    0.18928E+01    0.16987E+02
    0.19570E+01    0.15681E+02
    0.20233E+01    0.14473E+02
    0.20919E+01    0.13355E+02
    0.21628E+01    0.12322E+02
    0.22361E+01    0.11366E+02
    0.23119E+01    0.10482E+02
    0.23903E+01    0.96657E+01
    0.24713E+01    0.89111E+01
    0.25551E+01    0.82139E+01
    0.26417E+01    0.75700E+01
    0.27312E+01    0.69754E+01
    0.28238E+01    0.64265E+01
    0.29195E+01    0.59199E+01
    0.30185E+01    0.54523E+01
    0.31208E+01    0.50208E+01
    0.32265E+01    0.46228E+01
    0.33359E+01    0.42556E+01
    0.34490E+01    0.39170E+01
    0.35659E+01    0.36048E+01
    0.36868E+01    0.33170E+01
    0.38117E+01    0.30517E+01
    0.39409E+01    0.28072E+01
    0.40745E+01    0.25820E+01
    0.42126E+01    0.23745E+01
    0.43554E+01    0.21834E+01
    0.45030E+01    0.20074E+01
    0.46556E+01    0.18453E+01
    0.48134E+01    0.16961E+01
    0.49766E+01    0.15588E+01
    0.51453E+01    0.14323E+01
    0.53197E+01    0.13160E+01
    0.55000E+01    0.12090E+01
    0.56864E+01    0.11105E+01
    0.58791E+01    0.10200E+01
    0.60784E+01    0.93668E+00
    0.62845E+01    0.86007E+00
    0.64975E+01    0.78965E+00
    0.67177E+01    0.72490E+00
    0.69454E+01    0.66540E+00
    0.71808E+01    0.61071E+00
    0.74242E+01    0.56045E+00
    0.76759E+01    0.51427E+00
    0.79360E+01    0.47184E+00
    0.82050E+01    0.43287E+00
    0.84831E+01    0.39707E+00
    0.87707E+01    0.36420E+00
    0.90679E+01    0.33402E+00
    0.93753E+01    0.30630E+00
    0.96931E+01    0.28086E+00
    0.10022E+02    0.25750E+00
    0.10361E+02    0.23606E+00
    0.10713E+02    0.21639E+00
    0.11076E+02    0.19834E+00
    0.11451E+02    0.18178E+00
    0.11839E+02    0.16658E+00
    0.12240E+02    0.15264E+00
    0.12655E+02    0.13985E+00
    0.13084E+02    0.12813E+00
    0.13528E+02    0.11737E+00
    0.13986E+02    0.10751E+00
    0.14460E+02    0.98473E-01
    0.14951E+02    0.90185E-01
    0.15457E+02    0.82587E-01
    0.15981E+02    0.75623E-01
    0.16523E+02    0.69240E-01
    0.17083E+02    0.63391E-01
    0.17662E+02    0.58032E-01
    0.18261E+02    0.53121E-01
    0.18880E+02    0.48622E-01
    0.19519E+02    0.44500E-01
    0.20181E+02    0.40725E-01
    0.20865E+02    0.37267E-01
    0.21572E+02    0.34100E-01
    0.22304E+02    0.31200E-01
    0.23060E+02    0.28545E-01
    0.23841E+02    0.26113E-01
    0.24649E+02    0.23887E-01
    0.25485E+02    0.21849E-01
    0.26349E+02    0.19984E-01
    0.27242E+02    0.18276E-01
    0.28165E+02    0.16713E-01
    0.29120E+02    0.15283E-01
    0.30107E+02    0.13974E-01
    0.31127E+02    0.12777E-01
    0.32182E+02    0.11681E-01
    0.33273E+02    0.10679E-01
    0.34401E+02    0.97614E-02
    0.35567E+02    0.89225E-02
    0.36772E+02    0.81551E-02
    0.38019E+02    0.74533E-02
    0.39307E+02    0.68114E-02
    0.40640E+02    0.62244E-02
    0.42017E+02    0.56876E-02
    0.43441E+02    0.51968E-02
    0.44914E+02    0.47481E-02
    0.46436E+02    0.43378E-02
    0.48010E+02    0.39628E-02
    0.49637E+02    0.36199E-02
    0.51320E+02    0.33065E-02
    0.53059E+02    0.30200E-02
    0.54858E+02    0.27582E-02
    0.56717E+02    0.25190E-02
    0.58640E+02    0.23004E-02
    0.60627E+02    0.21006E-02
    0.62682E+02    0.19180E-02
    0.64807E+02    0.17512E-02
    0.67004E+02    0.15988E-02
    0.69275E+02    0.14596E-02
    0.71623E+02    0.13325E-02
    0.74050E+02    0.12163E-02
    0.76560E+02    0.11102E-02
    0.79155E+02    0.10133E-02
    0.81838E+02    0.92481E-03
    0.84612E+02    0.84399E-03
    0.87480E+02    0.77019E-03
    0.90445E+02    0.70279E-03
    0.93511E+02    0.64126E-03
    0.96681E+02    0.58508E-03
    0.99958E+02    0.53379E-03
    0.10335E+03    0.48696E-03
    0.10685E+03    0.44421E-03
    0.11047E+03    0.40519E-03
    0.11421E+03    0.36958E-03
    0.11809E+03    0.33707E-03
    0.12209E+03    0.30741E-03
    0.12623E+03    0.28033E-03
    0.13051E+03    0.25563E-03
    0.13493E+03    0.23308E-03
    0.13950E+03    0.21251E-03
    0.14423E+03    0.19374E-03
    0.14912E+03    0.17662E-03
    0.15417E+03    0.16099E-03
    0.15940E+03    0.14674E-03
    0.16480E+03    0.13374E-03
    0.17039E+03    0.12189E-03
    0.17616E+03    0.11107E-03
    0.18213E+03    0.10121E-03
    0.18831E+03    0.92213E-04
    0.19469E+03    0.84010E-04
    0.20129E+03    0.76531E-04
