  0.108800E-04  0.120090E+08  0.120090E+08  0.160069E+08  0.160069E+08  0.000000E+00  0.120090E+08
  0.112487E-04  0.120090E+08  0.120090E+08  0.160066E+08  0.160065E+08  0.000000E+00  0.120090E+08
  0.116300E-04  0.120090E+08  0.120090E+08  0.160062E+08  0.160062E+08  0.000000E+00  0.120090E+08
  0.120242E-04  0.120090E+08  0.120090E+08  0.160058E+08  0.160058E+08  0.000000E+00  0.120090E+08
  0.124318E-04  0.120090E+08  0.120090E+08  0.160053E+08  0.160053E+08  0.000000E+00  0.120090E+08
  0.128531E-04  0.120090E+08  0.120090E+08  0.160049E+08  0.160049E+08  0.000000E+00  0.120090E+08
  0.132888E-04  0.120090E+08  0.120090E+08  0.160044E+08  0.160044E+08  0.000000E+00  0.120090E+08
  0.137392E-04  0.120090E+08  0.120090E+08  0.160038E+08  0.160038E+08  0.000000E+00  0.120090E+08
  0.142049E-04  0.120090E+08  0.120090E+08  0.160033E+08  0.160033E+08  0.000000E+00  0.120090E+08
  0.146864E-04  0.120090E+08  0.120090E+08  0.160027E+08  0.160027E+08  0.000000E+00  0.120090E+08
  0.151842E-04  0.120090E+08  0.120090E+08  0.160020E+08  0.160020E+08  0.000000E+00  0.120090E+08
  0.156989E-04  0.120090E+08  0.120090E+08  0.160013E+08  0.160013E+08  0.000000E+00  0.120090E+08
  0.162310E-04  0.120090E+08  0.120090E+08  0.160006E+08  0.160006E+08  0.000000E+00  0.120090E+08
  0.167811E-04  0.120090E+08  0.120090E+08  0.159998E+08  0.159998E+08  0.000000E+00  0.120090E+08
  0.173499E-04  0.120090E+08  0.120090E+08  0.159990E+08  0.159989E+08  0.000000E+00  0.120090E+08
  0.179380E-04  0.120090E+08  0.120090E+08  0.159981E+08  0.159980E+08  0.000000E+00  0.120090E+08
  0.185460E-04  0.120090E+08  0.120090E+08  0.159971E+08  0.159971E+08  0.000000E+00  0.120090E+08
  0.191746E-04  0.120090E+08  0.120090E+08  0.159961E+08  0.159960E+08  0.000000E+00  0.120090E+08
  0.198246E-04  0.120090E+08  0.120090E+08  0.159950E+08  0.159949E+08  0.000000E+00  0.120090E+08
  0.204965E-04  0.120090E+08  0.120090E+08  0.159938E+08  0.159938E+08  0.000000E+00  0.120090E+08
  0.211913E-04  0.120090E+08  0.120090E+08  0.159925E+08  0.159925E+08  0.000000E+00  0.120090E+08
  0.219095E-04  0.120090E+08  0.120090E+08  0.159912E+08  0.159912E+08  0.000000E+00  0.120090E+08
  0.226522E-04  0.120090E+08  0.120090E+08  0.159898E+08  0.159897E+08  0.000000E+00  0.120090E+08
  0.234200E-04  0.120090E+08  0.120090E+08  0.159882E+08  0.159882E+08  0.000000E+00  0.120090E+08
  0.242138E-04  0.120090E+08  0.120090E+08  0.159866E+08  0.159865E+08  0.000000E+00  0.120090E+08
  0.250345E-04  0.120090E+08  0.120090E+08  0.159848E+08  0.159848E+08  0.000000E+00  0.120090E+08
  0.258831E-04  0.120089E+08  0.120089E+08  0.159830E+08  0.159829E+08  0.000000E+00  0.120089E+08
  0.267604E-04  0.120089E+08  0.120089E+08  0.159810E+08  0.159809E+08  0.000000E+00  0.120089E+08
  0.276674E-04  0.120089E+08  0.120089E+08  0.159788E+08  0.159787E+08  0.000000E+00  0.120089E+08
  0.286052E-04  0.120089E+08  0.120089E+08  0.159765E+08  0.159765E+08  0.000000E+00  0.120089E+08
  0.295748E-04  0.120089E+08  0.120089E+08  0.159741E+08  0.159740E+08  0.000000E+00  0.120089E+08
  0.305772E-04  0.120089E+08  0.120089E+08  0.159715E+08  0.159714E+08  0.000000E+00  0.120089E+08
  0.316136E-04  0.120089E+08  0.120089E+08  0.159687E+08  0.159686E+08  0.000000E+00  0.120089E+08
  0.326852E-04  0.120089E+08  0.120089E+08  0.159657E+08  0.159656E+08  0.000000E+00  0.120089E+08
  0.337931E-04  0.120089E+08  0.120089E+08  0.159625E+08  0.159624E+08  0.000000E+00  0.120089E+08
  0.349385E-04  0.120089E+08  0.120089E+08  0.159591E+08  0.159590E+08  0.000000E+00  0.120089E+08
  0.361227E-04  0.120089E+08  0.120089E+08  0.159554E+08  0.159553E+08  0.000000E+00  0.120089E+08
  0.373471E-04  0.120089E+08  0.120089E+08  0.159516E+08  0.159514E+08  0.000000E+00  0.120089E+08
  0.386130E-04  0.120088E+08  0.120088E+08  0.159474E+08  0.159472E+08  0.000000E+00  0.120088E+08
  0.399218E-04  0.120088E+08  0.120088E+08  0.159429E+08  0.159428E+08  0.000000E+00  0.120088E+08
  0.412749E-04  0.120088E+08  0.120088E+08  0.159382E+08  0.159380E+08  0.000000E+00  0.120088E+08
  0.426740E-04  0.120088E+08  0.120088E+08  0.159331E+08  0.159329E+08  0.000000E+00  0.120088E+08
  0.441204E-04  0.120088E+08  0.120088E+08  0.159277E+08  0.159275E+08  0.000000E+00  0.120088E+08
  0.456159E-04  0.120088E+08  0.120088E+08  0.159219E+08  0.159217E+08  0.000000E+00  0.120088E+08
  0.471620E-04  0.120087E+08  0.120087E+08  0.159157E+08  0.159155E+08  0.000000E+00  0.120087E+08
  0.487606E-04  0.120087E+08  0.120087E+08  0.159091E+08  0.159088E+08  0.000000E+00  0.120087E+08
  0.504133E-04  0.120087E+08  0.120087E+08  0.159020E+08  0.159017E+08  0.000000E+00  0.120087E+08
  0.521221E-04  0.120087E+08  0.120087E+08  0.158944E+08  0.158942E+08  0.000000E+00  0.120087E+08
  0.538888E-04  0.120087E+08  0.120087E+08  0.158863E+08  0.158861E+08  0.000000E+00  0.120087E+08
  0.557153E-04  0.120086E+08  0.120086E+08  0.158777E+08  0.158774E+08  0.000000E+00  0.120086E+08
  0.576038E-04  0.120086E+08  0.120086E+08  0.158685E+08  0.158682E+08  0.000000E+00  0.120086E+08
  0.595563E-04  0.120086E+08  0.120086E+08  0.158586E+08  0.158583E+08  0.000000E+00  0.120086E+08
  0.615750E-04  0.120085E+08  0.120085E+08  0.158481E+08  0.158477E+08  0.000000E+00  0.120085E+08
  0.636621E-04  0.120085E+08  0.120085E+08  0.158369E+08  0.158365E+08  0.000000E+00  0.120085E+08
  0.658199E-04  0.120085E+08  0.120085E+08  0.158248E+08  0.158244E+08  0.000000E+00  0.120085E+08
  0.680509E-04  0.120084E+08  0.120084E+08  0.158120E+08  0.158116E+08  0.000000E+00  0.120084E+08
  0.703575E-04  0.120084E+08  0.120084E+08  0.157983E+08  0.157978E+08  0.000000E+00  0.120084E+08
  0.727422E-04  0.120083E+08  0.120083E+08  0.157837E+08  0.157832E+08  0.000000E+00  0.120083E+08
  0.752079E-04  0.120083E+08  0.120083E+08  0.157681E+08  0.157675E+08  0.000000E+00  0.120083E+08
  0.777570E-04  0.120082E+08  0.120082E+08  0.157514E+08  0.157508E+08  0.000000E+00  0.120082E+08
  0.803926E-04  0.120082E+08  0.120082E+08  0.157335E+08  0.157329E+08  0.000000E+00  0.120082E+08
  0.831175E-04  0.120081E+08  0.120081E+08  0.157145E+08  0.157138E+08  0.000000E+00  0.120081E+08
  0.859348E-04  0.120081E+08  0.120081E+08  0.156942E+08  0.156935E+08  0.000000E+00  0.120081E+08
  0.888476E-04  0.120080E+08  0.120080E+08  0.156725E+08  0.156717E+08  0.000000E+00  0.120080E+08
  0.918591E-04  0.120079E+08  0.120079E+08  0.156493E+08  0.156485E+08  0.000000E+00  0.120079E+08
  0.949726E-04  0.120078E+08  0.120078E+08  0.156246E+08  0.156238E+08  0.000000E+00  0.120078E+08
  0.981917E-04  0.120078E+08  0.120078E+08  0.155982E+08  0.155973E+08  0.000000E+00  0.120078E+08
  0.101520E-03  0.120077E+08  0.120077E+08  0.155701E+08  0.155691E+08  0.000000E+00  0.120077E+08
  0.104961E-03  0.120076E+08  0.120076E+08  0.155400E+08  0.155390E+08  0.000000E+00  0.120076E+08
  0.108519E-03  0.120075E+08  0.120075E+08  0.155080E+08  0.155069E+08  0.000000E+00  0.120075E+08
  0.112197E-03  0.120074E+08  0.120074E+08  0.154738E+08  0.154726E+08  0.000000E+00  0.120074E+08
  0.116000E-03  0.120073E+08  0.120073E+08  0.154373E+08  0.154361E+08  0.000000E+00  0.120073E+08
  0.119932E-03  0.120071E+08  0.120071E+08  0.153984E+08  0.153971E+08  0.000000E+00  0.120071E+08
  0.123997E-03  0.120070E+08  0.120070E+08  0.153569E+08  0.153555E+08  0.000000E+00  0.120070E+08
  0.128200E-03  0.120069E+08  0.120069E+08  0.153127E+08  0.153112E+08  0.000000E+00  0.120069E+08
  0.132545E-03  0.120067E+08  0.120067E+08  0.152656E+08  0.152639E+08  0.000000E+00  0.120067E+08
  0.137038E-03  0.120066E+08  0.120066E+08  0.152153E+08  0.152136E+08  0.000000E+00  0.120066E+08
  0.141683E-03  0.120064E+08  0.120064E+08  0.151618E+08  0.151600E+08  0.000000E+00  0.120064E+08
  0.146485E-03  0.120062E+08  0.120062E+08  0.151048E+08  0.151028E+08  0.000000E+00  0.120062E+08
  0.151450E-03  0.120060E+08  0.120060E+08  0.150440E+08  0.150420E+08  0.000000E+00  0.120060E+08
  0.156583E-03  0.120058E+08  0.120058E+08  0.149794E+08  0.149772E+08  0.000000E+00  0.120058E+08
  0.161891E-03  0.120056E+08  0.120056E+08  0.149105E+08  0.149082E+08  0.000000E+00  0.120056E+08
  0.167378E-03  0.120054E+08  0.120054E+08  0.148373E+08  0.148348E+08  0.000000E+00  0.120054E+08
  0.173051E-03  0.120051E+08  0.120051E+08  0.147594E+08  0.147567E+08  0.000000E+00  0.120051E+08
  0.178917E-03  0.120048E+08  0.120048E+08  0.146765E+08  0.146737E+08  0.000000E+00  0.120048E+08
  0.184981E-03  0.120046E+08  0.120045E+08  0.145884E+08  0.145854E+08  0.000000E+00  0.120046E+08
  0.191251E-03  0.120042E+08  0.120042E+08  0.144948E+08  0.144916E+08  0.000000E+00  0.120042E+08
  0.197734E-03  0.120039E+08  0.120039E+08  0.143953E+08  0.143920E+08  0.000000E+00  0.120039E+08
  0.204436E-03  0.120036E+08  0.120036E+08  0.142897E+08  0.142862E+08  0.000000E+00  0.120036E+08
  0.211366E-03  0.120032E+08  0.120032E+08  0.141777E+08  0.141739E+08  0.000000E+00  0.120032E+08
  0.218530E-03  0.120028E+08  0.120028E+08  0.140588E+08  0.140549E+08  0.000000E+00  0.120028E+08
  0.225937E-03  0.120024E+08  0.120024E+08  0.139328E+08  0.139286E+08  0.000000E+00  0.120024E+08
  0.233595E-03  0.120019E+08  0.120019E+08  0.137992E+08  0.137949E+08  0.000000E+00  0.120019E+08
  0.241513E-03  0.120014E+08  0.120014E+08  0.136578E+08  0.136532E+08  0.000000E+00  0.120014E+08
  0.249699E-03  0.120009E+08  0.120009E+08  0.135082E+08  0.135034E+08  0.000000E+00  0.120009E+08
  0.258162E-03  0.120004E+08  0.120003E+08  0.133500E+08  0.133449E+08  0.000000E+00  0.120004E+08
  0.266913E-03  0.119998E+08  0.119997E+08  0.131828E+08  0.131774E+08  0.000000E+00  0.119998E+08
  0.275960E-03  0.119991E+08  0.119991E+08  0.130063E+08  0.130007E+08  0.000000E+00  0.119991E+08
  0.285314E-03  0.119985E+08  0.119984E+08  0.128201E+08  0.128142E+08  0.000000E+00  0.119985E+08
  0.294984E-03  0.119977E+08  0.119977E+08  0.126238E+08  0.126177E+08  0.000000E+00  0.119977E+08
  0.304983E-03  0.119970E+08  0.119970E+08  0.124173E+08  0.124108E+08  0.000000E+00  0.119970E+08
  0.315320E-03  0.119962E+08  0.119961E+08  0.122000E+08  0.121933E+08  0.000000E+00  0.119962E+08
  0.326008E-03  0.119953E+08  0.119953E+08  0.119718E+08  0.119648E+08  0.000000E+00  0.119953E+08
  0.337058E-03  0.119944E+08  0.119943E+08  0.117323E+08  0.117251E+08  0.000000E+00  0.119944E+08
  0.348483E-03  0.119934E+08  0.119933E+08  0.114815E+08  0.114740E+08  0.000000E+00  0.119934E+08
  0.360295E-03  0.119923E+08  0.119923E+08  0.112190E+08  0.112113E+08  0.000000E+00  0.119923E+08
  0.372507E-03  0.119912E+08  0.119912E+08  0.109448E+08  0.109368E+08  0.000000E+00  0.119912E+08
  0.385133E-03  0.119900E+08  0.119900E+08  0.106589E+08  0.106507E+08  0.000000E+00  0.119900E+08
  0.398187E-03  0.119887E+08  0.119887E+08  0.103613E+08  0.103529E+08  0.000000E+00  0.119887E+08
  0.411684E-03  0.119874E+08  0.119873E+08  0.100520E+08  0.100434E+08  0.000000E+00  0.119874E+08
  0.425638E-03  0.119859E+08  0.119859E+08  0.973141E+07  0.972267E+07  0.000000E+00  0.119859E+08
  0.440065E-03  0.119844E+08  0.119843E+08  0.939972E+07  0.939086E+07  0.000000E+00  0.119844E+08
  0.454981E-03  0.119827E+08  0.119827E+08  0.905742E+07  0.904849E+07  0.000000E+00  0.119827E+08
  0.470403E-03  0.119810E+08  0.119809E+08  0.870509E+07  0.869612E+07  0.000000E+00  0.119810E+08
  0.486347E-03  0.119792E+08  0.119791E+08  0.834346E+07  0.833452E+07  0.000000E+00  0.119792E+08
  0.502832E-03  0.119772E+08  0.119771E+08  0.797341E+07  0.796455E+07  0.000000E+00  0.119772E+08
  0.519875E-03  0.119751E+08  0.119750E+08  0.759601E+07  0.758728E+07  0.000000E+00  0.119751E+08
  0.537497E-03  0.119729E+08  0.119728E+08  0.721246E+07  0.720394E+07  0.000000E+00  0.119729E+08
  0.555715E-03  0.119705E+08  0.119704E+08  0.682421E+07  0.681596E+07  0.000000E+00  0.119705E+08
  0.574551E-03  0.119680E+08  0.119679E+08  0.643283E+07  0.642493E+07  0.000000E+00  0.119680E+08
  0.594026E-03  0.119653E+08  0.119652E+08  0.604010E+07  0.603264E+07  0.000000E+00  0.119653E+08
  0.614160E-03  0.119625E+08  0.119624E+08  0.564799E+07  0.564104E+07  0.000000E+00  0.119625E+08
  0.634977E-03  0.119595E+08  0.119594E+08  0.525862E+07  0.525226E+07  0.000000E+00  0.119595E+08
  0.656500E-03  0.119564E+08  0.119562E+08  0.487427E+07  0.486858E+07  0.000000E+00  0.119563E+08
  0.678752E-03  0.119530E+08  0.119529E+08  0.449734E+07  0.449240E+07  0.000000E+00  0.119530E+08
  0.701758E-03  0.119494E+08  0.119493E+08  0.413031E+07  0.412618E+07  0.000000E+00  0.119494E+08
  0.725544E-03  0.119457E+08  0.119455E+08  0.377573E+07  0.377247E+07  0.000000E+00  0.119457E+08
  0.750137E-03  0.119417E+08  0.119415E+08  0.343612E+07  0.343377E+07  0.000000E+00  0.119417E+08
  0.775563E-03  0.119375E+08  0.119373E+08  0.311396E+07  0.311255E+07  0.000000E+00  0.119375E+08
  0.801851E-03  0.119330E+08  0.119328E+08  0.281157E+07  0.281110E+07  0.000000E+00  0.119330E+08
  0.829029E-03  0.119283E+08  0.119281E+08  0.253106E+07  0.253150E+07  0.000000E+00  0.119283E+08
  0.857129E-03  0.119233E+08  0.119232E+08  0.227423E+07  0.227555E+07  0.000000E+00  0.119233E+08
  0.886182E-03  0.119181E+08  0.119179E+08  0.204251E+07  0.204462E+07  0.000000E+00  0.119181E+08
  0.916219E-03  0.119126E+08  0.119124E+08  0.183683E+07  0.183964E+07  0.000000E+00  0.119126E+08
  0.947274E-03  0.119068E+08  0.119065E+08  0.165758E+07  0.166094E+07  0.000000E+00  0.119067E+08
  0.979383E-03  0.119006E+08  0.119004E+08  0.150450E+07  0.150826E+07  0.000000E+00  0.119006E+08
  0.101258E-02  0.118942E+08  0.118939E+08  0.137668E+07  0.138064E+07  0.000000E+00  0.118941E+08
  0.104690E-02  0.118874E+08  0.118871E+08  0.127249E+07  0.127643E+07  0.000000E+00  0.118874E+08
  0.108239E-02  0.118802E+08  0.118799E+08  0.118959E+07  0.119330E+07  0.000000E+00  0.118802E+08
  0.111907E-02  0.118727E+08  0.118724E+08  0.112502E+07  0.112829E+07  0.000000E+00  0.118727E+08
  0.115700E-02  0.118648E+08  0.118645E+08  0.107527E+07  0.107789E+07  0.000000E+00  0.118648E+08
  0.119622E-02  0.118565E+08  0.118562E+08  0.103644E+07  0.103825E+07  0.000000E+00  0.118565E+08
  0.123677E-02  0.118478E+08  0.118474E+08  0.100444E+07  0.100530E+07  0.000000E+00  0.118478E+08
  0.127869E-02  0.118387E+08  0.118383E+08  0.975228E+06  0.975059E+06  0.000000E+00  0.118387E+08
  0.132203E-02  0.118291E+08  0.118287E+08  0.945076E+06  0.943875E+06  0.000000E+00  0.118291E+08
  0.136684E-02  0.118191E+08  0.118186E+08  0.910874E+06  0.908705E+06  0.000000E+00  0.118191E+08
  0.141317E-02  0.118086E+08  0.118081E+08  0.870387E+06  0.867384E+06  0.000000E+00  0.118086E+08
  0.146107E-02  0.117976E+08  0.117970E+08  0.822474E+06  0.818830E+06  0.000000E+00  0.117976E+08
  0.151059E-02  0.117860E+08  0.117855E+08  0.767228E+06  0.763169E+06  0.000000E+00  0.117860E+08
  0.156179E-02  0.117740E+08  0.117734E+08  0.705984E+06  0.701744E+06  0.000000E+00  0.117740E+08
  0.161473E-02  0.117614E+08  0.117607E+08  0.641196E+06  0.636976E+06  0.000000E+00  0.117613E+08
  0.166946E-02  0.117482E+08  0.117475E+08  0.576138E+06  0.572065E+06  0.000000E+00  0.117481E+08
  0.172605E-02  0.117344E+08  0.117336E+08  0.514472E+06  0.510561E+06  0.000000E+00  0.117343E+08
  0.178455E-02  0.117199E+08  0.117192E+08  0.459692E+06  0.455825E+06  0.000000E+00  0.117199E+08
  0.184504E-02  0.117049E+08  0.117040E+08  0.414542E+06  0.410462E+06  0.000000E+00  0.117049E+08
  0.190758E-02  0.116891E+08  0.116882E+08  0.380484E+06  0.375821E+06  0.000000E+00  0.116891E+08
  0.197223E-02  0.116727E+08  0.116718E+08  0.357340E+06  0.351672E+06  0.000000E+00  0.116727E+08
  0.203908E-02  0.116556E+08  0.116545E+08  0.343211E+06  0.336155E+06  0.000000E+00  0.116555E+08
  0.210820E-02  0.116377E+08  0.116366E+08  0.000000E+00  0.000000E+00  0.000000E+00  0.116376E+08
  0.217966E-02  0.116190E+08  0.116179E+08  0.000000E+00  0.000000E+00  0.000000E+00  0.116190E+08
  0.225354E-02  0.115996E+08  0.115983E+08  0.000000E+00  0.000000E+00  0.000000E+00  0.115995E+08
  0.232992E-02  0.115793E+08  0.115780E+08  0.000000E+00  0.000000E+00  0.000000E+00  0.115793E+08
  0.240889E-02  0.115582E+08  0.115568E+08  0.000000E+00  0.000000E+00  0.000000E+00  0.115582E+08
  0.249054E-02  0.115362E+08  0.115347E+08  0.000000E+00  0.000000E+00  0.000000E+00  0.115362E+08
  0.257496E-02  0.115133E+08  0.115117E+08  0.000000E+00  0.000000E+00  0.000000E+00  0.115133E+08
  0.266224E-02  0.114895E+08  0.114878E+08  0.000000E+00  0.000000E+00  0.000000E+00  0.114895E+08
  0.275248E-02  0.114647E+08  0.114629E+08  0.000000E+00  0.000000E+00  0.000000E+00  0.114647E+08
  0.284577E-02  0.114390E+08  0.114371E+08  0.000000E+00  0.000000E+00  0.000000E+00  0.114389E+08
  0.294223E-02  0.114122E+08  0.114102E+08  0.000000E+00  0.000000E+00  0.000000E+00  0.114122E+08
  0.304196E-02  0.113844E+08  0.113822E+08  0.000000E+00  0.000000E+00  0.000000E+00  0.113843E+08
  0.314506E-02  0.113555E+08  0.113532E+08  0.000000E+00  0.000000E+00  0.000000E+00  0.113554E+08
  0.325166E-02  0.113255E+08  0.113230E+08  0.000000E+00  0.000000E+00  0.000000E+00  0.113254E+08
  0.336188E-02  0.112944E+08  0.112918E+08  0.000000E+00  0.000000E+00  0.000000E+00  0.112943E+08
  0.347583E-02  0.112621E+08  0.112593E+08  0.000000E+00  0.000000E+00  0.000000E+00  0.112620E+08
  0.359365E-02  0.112286E+08  0.112256E+08  0.000000E+00  0.000000E+00  0.000000E+00  0.112285E+08
  0.371545E-02  0.111939E+08  0.111908E+08  0.000000E+00  0.000000E+00  0.000000E+00  0.111938E+08
  0.384139E-02  0.111580E+08  0.111546E+08  0.000000E+00  0.000000E+00  0.000000E+00  0.111579E+08
  0.397159E-02  0.111208E+08  0.111172E+08  0.000000E+00  0.000000E+00  0.000000E+00  0.111206E+08
  0.410621E-02  0.110822E+08  0.110784E+08  0.000000E+00  0.000000E+00  0.000000E+00  0.110821E+08
  0.424539E-02  0.110423E+08  0.110383E+08  0.000000E+00  0.000000E+00  0.000000E+00  0.110422E+08
  0.438929E-02  0.110011E+08  0.109968E+08  0.000000E+00  0.000000E+00  0.000000E+00  0.110009E+08
  0.453806E-02  0.109584E+08  0.109538E+08  0.000000E+00  0.000000E+00  0.000000E+00  0.109583E+08
  0.469188E-02  0.109143E+08  0.109094E+08  0.000000E+00  0.000000E+00  0.000000E+00  0.109142E+08
  0.485091E-02  0.108688E+08  0.108636E+08  0.000000E+00  0.000000E+00  0.000000E+00  0.108686E+08
  0.501534E-02  0.108218E+08  0.108163E+08  0.000000E+00  0.000000E+00  0.000000E+00  0.108216E+08
  0.518533E-02  0.107732E+08  0.107674E+08  0.000000E+00  0.000000E+00  0.000000E+00  0.107730E+08
  0.536109E-02  0.107231E+08  0.107169E+08  0.000000E+00  0.000000E+00  0.000000E+00  0.107229E+08
  0.554280E-02  0.106715E+08  0.106649E+08  0.000000E+00  0.000000E+00  0.000000E+00  0.106713E+08
  0.573068E-02  0.106182E+08  0.106113E+08  0.000000E+00  0.000000E+00  0.000000E+00  0.106180E+08
  0.592492E-02  0.105634E+08  0.105560E+08  0.000000E+00  0.000000E+00  0.000000E+00  0.105631E+08
  0.612574E-02  0.105069E+08  0.104990E+08  0.000000E+00  0.000000E+00  0.000000E+00  0.105066E+08
  0.633338E-02  0.104487E+08  0.104404E+08  0.000000E+00  0.000000E+00  0.000000E+00  0.104484E+08
  0.654805E-02  0.103888E+08  0.103800E+08  0.000000E+00  0.000000E+00  0.000000E+00  0.103886E+08
  0.677000E-02  0.103273E+08  0.103179E+08  0.000000E+00  0.000000E+00  0.000000E+00  0.103270E+08
  0.699947E-02  0.102639E+08  0.102540E+08  0.000000E+00  0.000000E+00  0.000000E+00  0.102636E+08
  0.723671E-02  0.101989E+08  0.101884E+08  0.000000E+00  0.000000E+00  0.000000E+00  0.101985E+08
  0.748200E-02  0.101320E+08  0.101209E+08  0.000000E+00  0.000000E+00  0.000000E+00  0.101317E+08
  0.773561E-02  0.100634E+08  0.100516E+08  0.000000E+00  0.000000E+00  0.000000E+00  0.100630E+08
  0.799781E-02  0.999296E+07  0.998052E+07  0.000000E+00  0.000000E+00  0.000000E+00  0.999257E+07
  0.826889E-02  0.992069E+07  0.990754E+07  0.000000E+00  0.000000E+00  0.000000E+00  0.992028E+07
  0.854917E-02  0.984658E+07  0.983268E+07  0.000000E+00  0.000000E+00  0.000000E+00  0.984614E+07
  0.883894E-02  0.977061E+07  0.975593E+07  0.000000E+00  0.000000E+00  0.000000E+00  0.977015E+07
  0.913854E-02  0.969278E+07  0.967727E+07  0.000000E+00  0.000000E+00  0.000000E+00  0.969229E+07
  0.944829E-02  0.961307E+07  0.959670E+07  0.000000E+00  0.000000E+00  0.000000E+00  0.961256E+07
  0.976854E-02  0.953148E+07  0.951420E+07  0.000000E+00  0.000000E+00  0.000000E+00  0.953093E+07
  0.100996E-01  0.944798E+07  0.942977E+07  0.000000E+00  0.000000E+00  0.000000E+00  0.944741E+07
  0.104420E-01  0.936259E+07  0.934340E+07  0.000000E+00  0.000000E+00  0.000000E+00  0.936199E+07
  0.107959E-01  0.927529E+07  0.925507E+07  0.000000E+00  0.000000E+00  0.000000E+00  0.927466E+07
  0.111618E-01  0.918609E+07  0.916480E+07  0.000000E+00  0.000000E+00  0.000000E+00  0.918542E+07
  0.115402E-01  0.909497E+07  0.907258E+07  0.000000E+00  0.000000E+00  0.000000E+00  0.909427E+07
  0.119313E-01  0.900195E+07  0.897841E+07  0.000000E+00  0.000000E+00  0.000000E+00  0.900121E+07
  0.123357E-01  0.890703E+07  0.888230E+07  0.000000E+00  0.000000E+00  0.000000E+00  0.890625E+07
  0.127539E-01  0.881021E+07  0.878424E+07  0.000000E+00  0.000000E+00  0.000000E+00  0.880939E+07
  0.131862E-01  0.871150E+07  0.868426E+07  0.000000E+00  0.000000E+00  0.000000E+00  0.871064E+07
  0.136331E-01  0.861091E+07  0.858237E+07  0.000000E+00  0.000000E+00  0.000000E+00  0.861001E+07
  0.140952E-01  0.850846E+07  0.847858E+07  0.000000E+00  0.000000E+00  0.000000E+00  0.850752E+07
  0.145730E-01  0.840417E+07  0.837290E+07  0.000000E+00  0.000000E+00  0.000000E+00  0.840319E+07
  0.150669E-01  0.829806E+07  0.826538E+07  0.000000E+00  0.000000E+00  0.000000E+00  0.829703E+07
  0.155776E-01  0.819015E+07  0.815604E+07  0.000000E+00  0.000000E+00  0.000000E+00  0.818908E+07
  0.161056E-01  0.808047E+07  0.804490E+07  0.000000E+00  0.000000E+00  0.000000E+00  0.807935E+07
  0.166515E-01  0.796906E+07  0.793201E+07  0.000000E+00  0.000000E+00  0.000000E+00  0.796790E+07
  0.172159E-01  0.785596E+07  0.781742E+07  0.000000E+00  0.000000E+00  0.000000E+00  0.785474E+07
  0.177994E-01  0.774120E+07  0.770117E+07  0.000000E+00  0.000000E+00  0.000000E+00  0.773994E+07
  0.184028E-01  0.762485E+07  0.758333E+07  0.000000E+00  0.000000E+00  0.000000E+00  0.762354E+07
  0.190265E-01  0.750695E+07  0.746395E+07  0.000000E+00  0.000000E+00  0.000000E+00  0.750560E+07
  0.196714E-01  0.738757E+07  0.734312E+07  0.000000E+00  0.000000E+00  0.000000E+00  0.738617E+07
  0.203382E-01  0.726678E+07  0.722090E+07  0.000000E+00  0.000000E+00  0.000000E+00  0.726533E+07
  0.210276E-01  0.714465E+07  0.709738E+07  0.000000E+00  0.000000E+00  0.000000E+00  0.714316E+07
  0.217403E-01  0.702126E+07  0.697268E+07  0.000000E+00  0.000000E+00  0.000000E+00  0.701973E+07
  0.224772E-01  0.689672E+07  0.684688E+07  0.000000E+00  0.000000E+00  0.000000E+00  0.689515E+07
  0.232390E-01  0.677111E+07  0.672011E+07  0.000000E+00  0.000000E+00  0.000000E+00  0.676951E+07
  0.240267E-01  0.664456E+07  0.659248E+07  0.000000E+00  0.000000E+00  0.000000E+00  0.664292E+07
  0.248411E-01  0.651717E+07  0.646415E+07  0.000000E+00  0.000000E+00  0.000000E+00  0.651550E+07
  0.256831E-01  0.638909E+07  0.633524E+07  0.000000E+00  0.000000E+00  0.000000E+00  0.638739E+07
  0.265537E-01  0.626044E+07  0.620592E+07  0.000000E+00  0.000000E+00  0.000000E+00  0.625872E+07
  0.274537E-01  0.613137E+07  0.607636E+07  0.000000E+00  0.000000E+00  0.000000E+00  0.612964E+07
  0.283842E-01  0.600205E+07  0.594672E+07  0.000000E+00  0.000000E+00  0.000000E+00  0.600031E+07
  0.293463E-01  0.587264E+07  0.581720E+07  0.000000E+00  0.000000E+00  0.000000E+00  0.587090E+07
  0.303410E-01  0.574332E+07  0.568799E+07  0.000000E+00  0.000000E+00  0.000000E+00  0.574158E+07
  0.313694E-01  0.561428E+07  0.555927E+07  0.000000E+00  0.000000E+00  0.000000E+00  0.561255E+07
  0.324327E-01  0.548569E+07  0.543125E+07  0.000000E+00  0.000000E+00  0.000000E+00  0.548398E+07
  0.335320E-01  0.535776E+07  0.530414E+07  0.000000E+00  0.000000E+00  0.000000E+00  0.535607E+07
  0.346686E-01  0.523068E+07  0.517812E+07  0.000000E+00  0.000000E+00  0.000000E+00  0.522902E+07
  0.358437E-01  0.510462E+07  0.505338E+07  0.000000E+00  0.000000E+00  0.000000E+00  0.510301E+07
  0.370586E-01  0.497977E+07  0.493009E+07  0.000000E+00  0.000000E+00  0.000000E+00  0.497821E+07
  0.383147E-01  0.485586E+07  0.480796E+07  0.000000E+00  0.000000E+00  0.000000E+00  0.485435E+07
  0.396134E-01  0.473269E+07  0.468679E+07  0.000000E+00  0.000000E+00  0.000000E+00  0.473124E+07
  0.409561E-01  0.461134E+07  0.456763E+07  0.000000E+00  0.000000E+00  0.000000E+00  0.460996E+07
  0.423443E-01  0.449197E+07  0.445060E+07  0.000000E+00  0.000000E+00  0.000000E+00  0.449067E+07
  0.437796E-01  0.437464E+07  0.433573E+07  0.000000E+00  0.000000E+00  0.000000E+00  0.437341E+07
  0.452635E-01  0.425930E+07  0.422293E+07  0.000000E+00  0.000000E+00  0.000000E+00  0.425816E+07
  0.467977E-01  0.414581E+07  0.411199E+07  0.000000E+00  0.000000E+00  0.000000E+00  0.414475E+07
  0.483839E-01  0.403398E+07  0.400268E+07  0.000000E+00  0.000000E+00  0.000000E+00  0.403300E+07
  0.500239E-01  0.392358E+07  0.389469E+07  0.000000E+00  0.000000E+00  0.000000E+00  0.392267E+07
  0.517194E-01  0.381442E+07  0.378778E+07  0.000000E+00  0.000000E+00  0.000000E+00  0.381358E+07
  0.534725E-01  0.370640E+07  0.368179E+07  0.000000E+00  0.000000E+00  0.000000E+00  0.370562E+07
  0.552850E-01  0.359950E+07  0.357666E+07  0.000000E+00  0.000000E+00  0.000000E+00  0.359878E+07
  0.571588E-01  0.349395E+07  0.347256E+07  0.000000E+00  0.000000E+00  0.000000E+00  0.349327E+07
  0.590963E-01  0.339029E+07  0.337003E+07  0.000000E+00  0.000000E+00  0.000000E+00  0.338966E+07
  0.610993E-01  0.329114E+07  0.327166E+07  0.000000E+00  0.000000E+00  0.000000E+00  0.329053E+07
  0.631703E-01  0.319057E+07  0.317150E+07  0.000000E+00  0.000000E+00  0.000000E+00  0.318997E+07
  0.653114E-01  0.309120E+07  0.307223E+07  0.000000E+00  0.000000E+00  0.000000E+00  0.309060E+07
  0.675252E-01  0.299296E+07  0.297380E+07  0.000000E+00  0.000000E+00  0.000000E+00  0.299236E+07
  0.698139E-01  0.289586E+07  0.287630E+07  0.000000E+00  0.000000E+00  0.000000E+00  0.289524E+07
  0.721803E-01  0.280000E+07  0.277993E+07  0.000000E+00  0.000000E+00  0.000000E+00  0.279937E+07
  0.746268E-01  0.270569E+07  0.268506E+07  0.000000E+00  0.000000E+00  0.000000E+00  0.270504E+07
  0.771564E-01  0.261333E+07  0.259222E+07  0.000000E+00  0.000000E+00  0.000000E+00  0.261266E+07
  0.797716E-01  0.252336E+07  0.250195E+07  0.000000E+00  0.000000E+00  0.000000E+00  0.252268E+07
  0.824755E-01  0.243610E+07  0.241464E+07  0.000000E+00  0.000000E+00  0.000000E+00  0.243542E+07
  0.852709E-01  0.235166E+07  0.233046E+07  0.000000E+00  0.000000E+00  0.000000E+00  0.235099E+07
  0.881612E-01  0.226995E+07  0.224935E+07  0.000000E+00  0.000000E+00  0.000000E+00  0.226930E+07
  0.911495E-01  0.219076E+07  0.217109E+07  0.000000E+00  0.000000E+00  0.000000E+00  0.219014E+07
  0.942390E-01  0.211391E+07  0.209543E+07  0.000000E+00  0.000000E+00  0.000000E+00  0.211333E+07
  0.974333E-01  0.203931E+07  0.202220E+07  0.000000E+00  0.000000E+00  0.000000E+00  0.203877E+07
  0.100736E+00  0.196689E+07  0.195121E+07  0.000000E+00  0.000000E+00  0.000000E+00  0.196640E+07
  0.104150E+00  0.189652E+07  0.188221E+07  0.000000E+00  0.000000E+00  0.000000E+00  0.189607E+07
  0.107680E+00  0.182791E+07  0.181478E+07  0.000000E+00  0.000000E+00  0.000000E+00  0.182750E+07
  0.111330E+00  0.176073E+07  0.174851E+07  0.000000E+00  0.000000E+00  0.000000E+00  0.176034E+07
  0.115104E+00  0.169481E+07  0.168320E+07  0.000000E+00  0.000000E+00  0.000000E+00  0.169444E+07
  0.119005E+00  0.163017E+07  0.161888E+07  0.000000E+00  0.000000E+00  0.000000E+00  0.162981E+07
  0.123039E+00  0.156694E+07  0.155573E+07  0.000000E+00  0.000000E+00  0.000000E+00  0.156659E+07
  0.127209E+00  0.150522E+07  0.149398E+07  0.000000E+00  0.000000E+00  0.000000E+00  0.150487E+07
  0.131521E+00  0.144518E+07  0.143390E+07  0.000000E+00  0.000000E+00  0.000000E+00  0.144482E+07
  0.135979E+00  0.138710E+07  0.137591E+07  0.000000E+00  0.000000E+00  0.000000E+00  0.138675E+07
  0.140588E+00  0.133139E+07  0.132046E+07  0.000000E+00  0.000000E+00  0.000000E+00  0.133105E+07
  0.145353E+00  0.127816E+07  0.126769E+07  0.000000E+00  0.000000E+00  0.000000E+00  0.127783E+07
  0.150280E+00  0.122712E+07  0.121726E+07  0.000000E+00  0.000000E+00  0.000000E+00  0.122681E+07
  0.155374E+00  0.117789E+07  0.116869E+07  0.000000E+00  0.000000E+00  0.000000E+00  0.117760E+07
  0.160640E+00  0.113024E+07  0.112167E+07  0.000000E+00  0.000000E+00  0.000000E+00  0.112997E+07
  0.166085E+00  0.108405E+07  0.107597E+07  0.000000E+00  0.000000E+00  0.000000E+00  0.108380E+07
  0.171715E+00  0.103910E+07  0.103138E+07  0.000000E+00  0.000000E+00  0.000000E+00  0.103886E+07
  0.177535E+00  0.995338E+06  0.987848E+06  0.000000E+00  0.000000E+00  0.000000E+00  0.995102E+06
  0.183553E+00  0.952949E+06  0.945640E+06  0.000000E+00  0.000000E+00  0.000000E+00  0.952719E+06
  0.189774E+00  0.912124E+06  0.905014E+06  0.000000E+00  0.000000E+00  0.000000E+00  0.911900E+06
  0.196206E+00  0.872942E+06  0.866091E+06  0.000000E+00  0.000000E+00  0.000000E+00  0.872726E+06
  0.202857E+00  0.835448E+06  0.828919E+06  0.000000E+00  0.000000E+00  0.000000E+00  0.835242E+06
  0.209733E+00  0.799484E+06  0.793304E+06  0.000000E+00  0.000000E+00  0.000000E+00  0.799289E+06
  0.216842E+00  0.764783E+06  0.758930E+06  0.000000E+00  0.000000E+00  0.000000E+00  0.764598E+06
  0.224192E+00  0.731318E+06  0.725744E+06  0.000000E+00  0.000000E+00  0.000000E+00  0.731143E+06
  0.231791E+00  0.699087E+06  0.693742E+06  0.000000E+00  0.000000E+00  0.000000E+00  0.698919E+06
  0.239647E+00  0.667972E+06  0.662834E+06  0.000000E+00  0.000000E+00  0.000000E+00  0.667811E+06
  0.247770E+00  0.638076E+06  0.633146E+06  0.000000E+00  0.000000E+00  0.000000E+00  0.637920E+06
  0.256168E+00  0.609457E+06  0.604750E+06  0.000000E+00  0.000000E+00  0.000000E+00  0.609309E+06
  0.264851E+00  0.581975E+06  0.577494E+06  0.000000E+00  0.000000E+00  0.000000E+00  0.581834E+06
  0.273828E+00  0.555613E+06  0.551346E+06  0.000000E+00  0.000000E+00  0.000000E+00  0.555479E+06
  0.283110E+00  0.530299E+06  0.526228E+06  0.000000E+00  0.000000E+00  0.000000E+00  0.530170E+06
  0.292706E+00  0.505966E+06  0.502076E+06  0.000000E+00  0.000000E+00  0.000000E+00  0.505843E+06
  0.302627E+00  0.482649E+06  0.478935E+06  0.000000E+00  0.000000E+00  0.000000E+00  0.482532E+06
  0.312884E+00  0.460290E+06  0.456749E+06  0.000000E+00  0.000000E+00  0.000000E+00  0.460179E+06
  0.323490E+00  0.438882E+06  0.435508E+06  0.000000E+00  0.000000E+00  0.000000E+00  0.438776E+06
  0.334454E+00  0.418358E+06  0.415142E+06  0.000000E+00  0.000000E+00  0.000000E+00  0.418256E+06
  0.345791E+00  0.398706E+06  0.395641E+06  0.000000E+00  0.000000E+00  0.000000E+00  0.398609E+06
  0.357512E+00  0.379882E+06  0.376961E+06  0.000000E+00  0.000000E+00  0.000000E+00  0.379790E+06
  0.369629E+00  0.361873E+06  0.359092E+06  0.000000E+00  0.000000E+00  0.000000E+00  0.361786E+06
  0.382158E+00  0.344635E+06  0.341987E+06  0.000000E+00  0.000000E+00  0.000000E+00  0.344552E+06
  0.395111E+00  0.328155E+06  0.325633E+06  0.000000E+00  0.000000E+00  0.000000E+00  0.328076E+06
  0.408504E+00  0.312388E+06  0.309987E+06  0.000000E+00  0.000000E+00  0.000000E+00  0.312312E+06
  0.422350E+00  0.297328E+06  0.295043E+06  0.000000E+00  0.000000E+00  0.000000E+00  0.297256E+06
  0.436666E+00  0.282928E+06  0.280754E+06  0.000000E+00  0.000000E+00  0.000000E+00  0.282860E+06
  0.451466E+00  0.269179E+06  0.267111E+06  0.000000E+00  0.000000E+00  0.000000E+00  0.269114E+06
  0.466769E+00  0.256049E+06  0.254081E+06  0.000000E+00  0.000000E+00  0.000000E+00  0.255987E+06
  0.482590E+00  0.243510E+06  0.241639E+06  0.000000E+00  0.000000E+00  0.000000E+00  0.243451E+06
  0.498948E+00  0.231545E+06  0.229766E+06  0.000000E+00  0.000000E+00  0.000000E+00  0.231489E+06
  0.515859E+00  0.220126E+06  0.218435E+06  0.000000E+00  0.000000E+00  0.000000E+00  0.220073E+06
  0.533344E+00  0.209228E+06  0.207621E+06  0.000000E+00  0.000000E+00  0.000000E+00  0.209178E+06
  0.551422E+00  0.198834E+06  0.197307E+06  0.000000E+00  0.000000E+00  0.000000E+00  0.198786E+06
  0.570113E+00  0.188922E+06  0.187471E+06  0.000000E+00  0.000000E+00  0.000000E+00  0.188877E+06
  0.589437E+00  0.179472E+06  0.178093E+06  0.000000E+00  0.000000E+00  0.000000E+00  0.179429E+06
  0.609416E+00  0.170464E+06  0.169154E+06  0.000000E+00  0.000000E+00  0.000000E+00  0.170422E+06
  0.630072E+00  0.161880E+06  0.160636E+06  0.000000E+00  0.000000E+00  0.000000E+00  0.161840E+06
  0.651428E+00  0.153703E+06  0.152523E+06  0.000000E+00  0.000000E+00  0.000000E+00  0.153666E+06
  0.673509E+00  0.145917E+06  0.144796E+06  0.000000E+00  0.000000E+00  0.000000E+00  0.145882E+06
  0.696337E+00  0.138505E+06  0.137441E+06  0.000000E+00  0.000000E+00  0.000000E+00  0.138471E+06
  0.719940E+00  0.131449E+06  0.130439E+06  0.000000E+00  0.000000E+00  0.000000E+00  0.131417E+06
  0.744342E+00  0.124733E+06  0.123775E+06  0.000000E+00  0.000000E+00  0.000000E+00  0.124703E+06
  0.769572E+00  0.118342E+06  0.117433E+06  0.000000E+00  0.000000E+00  0.000000E+00  0.118313E+06
  0.795656E+00  0.112260E+06  0.111398E+06  0.000000E+00  0.000000E+00  0.000000E+00  0.112233E+06
  0.822625E+00  0.106473E+06  0.105656E+06  0.000000E+00  0.000000E+00  0.000000E+00  0.106448E+06
  0.850508E+00  0.100970E+06  0.100195E+06  0.000000E+00  0.000000E+00  0.000000E+00  0.100946E+06
  0.879336E+00  0.957375E+05  0.950023E+05  0.000000E+00  0.000000E+00  0.000000E+00  0.957143E+05
  0.909141E+00  0.907638E+05  0.900668E+05  0.000000E+00  0.000000E+00  0.000000E+00  0.907419E+05
  0.939957E+00  0.860376E+05  0.853769E+05  0.000000E+00  0.000000E+00  0.000000E+00  0.860168E+05
  0.971817E+00  0.815464E+05  0.809202E+05  0.000000E+00  0.000000E+00  0.000000E+00  0.815266E+05
  0.100476E+01  0.772785E+05  0.766851E+05  0.000000E+00  0.000000E+00  0.000000E+00  0.772598E+05
  0.103881E+01  0.732242E+05  0.726619E+05  0.000000E+00  0.000000E+00  0.000000E+00  0.732065E+05
  0.107402E+01  0.693729E+05  0.688402E+05  0.000000E+00  0.000000E+00  0.000000E+00  0.693561E+05
  0.111043E+01  0.657162E+05  0.652116E+05  0.000000E+00  0.000000E+00  0.000000E+00  0.657003E+05
  0.114807E+01  0.622447E+05  0.617667E+05  0.000000E+00  0.000000E+00  0.000000E+00  0.622296E+05
  0.118698E+01  0.589499E+05  0.584972E+05  0.000000E+00  0.000000E+00  0.000000E+00  0.589356E+05
  0.122721E+01  0.558226E+05  0.553939E+05  0.000000E+00  0.000000E+00  0.000000E+00  0.558091E+05
  0.126881E+01  0.528543E+05  0.524485E+05  0.000000E+00  0.000000E+00  0.000000E+00  0.528416E+05
  0.131182E+01  0.500381E+05  0.496539E+05  0.000000E+00  0.000000E+00  0.000000E+00  0.500260E+05
  0.135628E+01  0.473665E+05  0.470028E+05  0.000000E+00  0.000000E+00  0.000000E+00  0.473550E+05
  0.140225E+01  0.448326E+05  0.444884E+05  0.000000E+00  0.000000E+00  0.000000E+00  0.448218E+05
  0.144978E+01  0.424294E+05  0.421036E+05  0.000000E+00  0.000000E+00  0.000000E+00  0.424192E+05
  0.149892E+01  0.401503E+05  0.398420E+05  0.000000E+00  0.000000E+00  0.000000E+00  0.401406E+05
  0.154973E+01  0.379894E+05  0.376977E+05  0.000000E+00  0.000000E+00  0.000000E+00  0.379803E+05
  0.160226E+01  0.359410E+05  0.356650E+05  0.000000E+00  0.000000E+00  0.000000E+00  0.359323E+05
  0.165656E+01  0.339996E+05  0.337385E+05  0.000000E+00  0.000000E+00  0.000000E+00  0.339913E+05
  0.171271E+01  0.321595E+05  0.319125E+05  0.000000E+00  0.000000E+00  0.000000E+00  0.321517E+05
  0.177077E+01  0.304158E+05  0.301823E+05  0.000000E+00  0.000000E+00  0.000000E+00  0.304085E+05
  0.183079E+01  0.287639E+05  0.285431E+05  0.000000E+00  0.000000E+00  0.000000E+00  0.287570E+05
  0.189284E+01  0.271991E+05  0.269903E+05  0.000000E+00  0.000000E+00  0.000000E+00  0.271925E+05
  0.195700E+01  0.257169E+05  0.255194E+05  0.000000E+00  0.000000E+00  0.000000E+00  0.257107E+05
  0.202333E+01  0.243132E+05  0.241265E+05  0.000000E+00  0.000000E+00  0.000000E+00  0.243073E+05
  0.209191E+01  0.229839E+05  0.228074E+05  0.000000E+00  0.000000E+00  0.000000E+00  0.229784E+05
  0.216282E+01  0.217253E+05  0.215585E+05  0.000000E+00  0.000000E+00  0.000000E+00  0.217201E+05
  0.223613E+01  0.205337E+05  0.203760E+05  0.000000E+00  0.000000E+00  0.000000E+00  0.205287E+05
  0.231192E+01  0.194056E+05  0.192566E+05  0.000000E+00  0.000000E+00  0.000000E+00  0.194009E+05
  0.239028E+01  0.183379E+05  0.181970E+05  0.000000E+00  0.000000E+00  0.000000E+00  0.183334E+05
  0.247130E+01  0.173273E+05  0.171942E+05  0.000000E+00  0.000000E+00  0.000000E+00  0.173231E+05
  0.255507E+01  0.163710E+05  0.162453E+05  0.000000E+00  0.000000E+00  0.000000E+00  0.163671E+05
  0.264167E+01  0.154662E+05  0.153474E+05  0.000000E+00  0.000000E+00  0.000000E+00  0.154624E+05
  0.273121E+01  0.146101E+05  0.144979E+05  0.000000E+00  0.000000E+00  0.000000E+00  0.146066E+05
  0.282379E+01  0.138004E+05  0.136943E+05  0.000000E+00  0.000000E+00  0.000000E+00  0.137970E+05
  0.291950E+01  0.130344E+05  0.129343E+05  0.000000E+00  0.000000E+00  0.000000E+00  0.130313E+05
  0.301846E+01  0.123100E+05  0.122154E+05  0.000000E+00  0.000000E+00  0.000000E+00  0.123070E+05
  0.312077E+01  0.116250E+05  0.115356E+05  0.000000E+00  0.000000E+00  0.000000E+00  0.116222E+05
  0.322655E+01  0.109772E+05  0.108928E+05  0.000000E+00  0.000000E+00  0.000000E+00  0.109745E+05
  0.333591E+01  0.103646E+05  0.102850E+05  0.000000E+00  0.000000E+00  0.000000E+00  0.103621E+05
  0.344898E+01  0.978553E+04  0.971032E+04  0.000000E+00  0.000000E+00  0.000000E+00  0.978317E+04
  0.356588E+01  0.923808E+04  0.916707E+04  0.000000E+00  0.000000E+00  0.000000E+00  0.923584E+04
  0.368675E+01  0.872059E+04  0.865355E+04  0.000000E+00  0.000000E+00  0.000000E+00  0.871848E+04
  0.381172E+01  0.823149E+04  0.816820E+04  0.000000E+00  0.000000E+00  0.000000E+00  0.822950E+04
  0.394091E+01  0.776931E+04  0.770956E+04  0.000000E+00  0.000000E+00  0.000000E+00  0.776743E+04
  0.407449E+01  0.733255E+04  0.727616E+04  0.000000E+00  0.000000E+00  0.000000E+00  0.733078E+04
  0.421259E+01  0.691990E+04  0.686667E+04  0.000000E+00  0.000000E+00  0.000000E+00  0.691822E+04
  0.435538E+01  0.653000E+04  0.647976E+04  0.000000E+00  0.000000E+00  0.000000E+00  0.652841E+04
  0.450301E+01  0.616164E+04  0.611423E+04  0.000000E+00  0.000000E+00  0.000000E+00  0.616015E+04
  0.465564E+01  0.581366E+04  0.576892E+04  0.000000E+00  0.000000E+00  0.000000E+00  0.581225E+04
  0.481344E+01  0.548496E+04  0.544274E+04  0.000000E+00  0.000000E+00  0.000000E+00  0.548363E+04
  0.497659E+01  0.517450E+04  0.513466E+04  0.000000E+00  0.000000E+00  0.000000E+00  0.517324E+04
  0.514527E+01  0.488131E+04  0.484372E+04  0.000000E+00  0.000000E+00  0.000000E+00  0.488013E+04
  0.531968E+01  0.460445E+04  0.456898E+04  0.000000E+00  0.000000E+00  0.000000E+00  0.460334E+04
  0.549998E+01  0.434304E+04  0.430958E+04  0.000000E+00  0.000000E+00  0.000000E+00  0.434199E+04
  0.568641E+01  0.409621E+04  0.406464E+04  0.000000E+00  0.000000E+00  0.000000E+00  0.409522E+04
  0.587915E+01  0.386317E+04  0.383339E+04  0.000000E+00  0.000000E+00  0.000000E+00  0.386223E+04
  0.607843E+01  0.364315E+04  0.361506E+04  0.000000E+00  0.000000E+00  0.000000E+00  0.364227E+04
  0.628446E+01  0.343546E+04  0.340895E+04  0.000000E+00  0.000000E+00  0.000000E+00  0.343462E+04
  0.649747E+01  0.323942E+04  0.321442E+04  0.000000E+00  0.000000E+00  0.000000E+00  0.323863E+04
  0.671770E+01  0.305439E+04  0.303081E+04  0.000000E+00  0.000000E+00  0.000000E+00  0.305365E+04
  0.694539E+01  0.287979E+04  0.285754E+04  0.000000E+00  0.000000E+00  0.000000E+00  0.287909E+04
  0.718081E+01  0.271500E+04  0.269402E+04  0.000000E+00  0.000000E+00  0.000000E+00  0.271434E+04
  0.742420E+01  0.255951E+04  0.253972E+04  0.000000E+00  0.000000E+00  0.000000E+00  0.255889E+04
  0.767585E+01  0.241277E+04  0.239411E+04  0.000000E+00  0.000000E+00  0.000000E+00  0.241219E+04
  0.793602E+01  0.227433E+04  0.225673E+04  0.000000E+00  0.000000E+00  0.000000E+00  0.227378E+04
  0.820502E+01  0.214371E+04  0.212711E+04  0.000000E+00  0.000000E+00  0.000000E+00  0.214319E+04
  0.848312E+01  0.202050E+04  0.200484E+04  0.000000E+00  0.000000E+00  0.000000E+00  0.202001E+04
  0.877066E+01  0.190427E+04  0.188950E+04  0.000000E+00  0.000000E+00  0.000000E+00  0.190381E+04
  0.906794E+01  0.179464E+04  0.178071E+04  0.000000E+00  0.000000E+00  0.000000E+00  0.179420E+04
  0.937530E+01  0.169122E+04  0.167809E+04  0.000000E+00  0.000000E+00  0.000000E+00  0.169081E+04
  0.969308E+01  0.159368E+04  0.158130E+04  0.000000E+00  0.000000E+00  0.000000E+00  0.159329E+04
  0.100216E+02  0.150170E+04  0.149001E+04  0.000000E+00  0.000000E+00  0.000000E+00  0.150133E+04
  0.103613E+02  0.141495E+04  0.140393E+04  0.000000E+00  0.000000E+00  0.000000E+00  0.141461E+04
  0.107125E+02  0.133316E+04  0.132277E+04  0.000000E+00  0.000000E+00  0.000000E+00  0.133283E+04
  0.110756E+02  0.125603E+04  0.124623E+04  0.000000E+00  0.000000E+00  0.000000E+00  0.125572E+04
  0.114510E+02  0.118331E+04  0.117406E+04  0.000000E+00  0.000000E+00  0.000000E+00  0.118302E+04
  0.118392E+02  0.111474E+04  0.110602E+04  0.000000E+00  0.000000E+00  0.000000E+00  0.111447E+04
  0.122404E+02  0.105010E+04  0.104188E+04  0.000000E+00  0.000000E+00  0.000000E+00  0.104984E+04
  0.126553E+02  0.989167E+03  0.981408E+03  0.000000E+00  0.000000E+00  0.000000E+00  0.988922E+03
  0.130843E+02  0.931727E+03  0.924407E+03  0.000000E+00  0.000000E+00  0.000000E+00  0.931496E+03
  0.135278E+02  0.877579E+03  0.870674E+03  0.000000E+00  0.000000E+00  0.000000E+00  0.877362E+03
  0.139863E+02  0.826542E+03  0.820027E+03  0.000000E+00  0.000000E+00  0.000000E+00  0.826337E+03
  0.144604E+02  0.778440E+03  0.772293E+03  0.000000E+00  0.000000E+00  0.000000E+00  0.778247E+03
  0.149505E+02  0.733110E+03  0.727309E+03  0.000000E+00  0.000000E+00  0.000000E+00  0.732927E+03
  0.154573E+02  0.690387E+03  0.684913E+03  0.000000E+00  0.000000E+00  0.000000E+00  0.690215E+03
  0.159812E+02  0.650125E+03  0.644959E+03  0.000000E+00  0.000000E+00  0.000000E+00  0.649962E+03
  0.165229E+02  0.612186E+03  0.607310E+03  0.000000E+00  0.000000E+00  0.000000E+00  0.612033E+03
  0.170829E+02  0.576439E+03  0.571836E+03  0.000000E+00  0.000000E+00  0.000000E+00  0.576294E+03
  0.176619E+02  0.542759E+03  0.538413E+03  0.000000E+00  0.000000E+00  0.000000E+00  0.542622E+03
  0.182606E+02  0.511023E+03  0.506919E+03  0.000000E+00  0.000000E+00  0.000000E+00  0.510894E+03
  0.188795E+02  0.481124E+03  0.477248E+03  0.000000E+00  0.000000E+00  0.000000E+00  0.481002E+03
  0.195195E+02  0.452957E+03  0.449296E+03  0.000000E+00  0.000000E+00  0.000000E+00  0.452842E+03
  0.201811E+02  0.426424E+03  0.422966E+03  0.000000E+00  0.000000E+00  0.000000E+00  0.426315E+03
  0.208651E+02  0.401428E+03  0.398161E+03  0.000000E+00  0.000000E+00  0.000000E+00  0.401325E+03
  0.215723E+02  0.377883E+03  0.374795E+03  0.000000E+00  0.000000E+00  0.000000E+00  0.377786E+03
  0.223035E+02  0.355706E+03  0.352787E+03  0.000000E+00  0.000000E+00  0.000000E+00  0.355614E+03
  0.230595E+02  0.334819E+03  0.332059E+03  0.000000E+00  0.000000E+00  0.000000E+00  0.334732E+03
  0.238411E+02  0.315146E+03  0.312535E+03  0.000000E+00  0.000000E+00  0.000000E+00  0.315063E+03
  0.246492E+02  0.296618E+03  0.294148E+03  0.000000E+00  0.000000E+00  0.000000E+00  0.296540E+03
  0.254847E+02  0.279169E+03  0.276832E+03  0.000000E+00  0.000000E+00  0.000000E+00  0.279096E+03
  0.263485E+02  0.262738E+03  0.260526E+03  0.000000E+00  0.000000E+00  0.000000E+00  0.262668E+03
  0.272416E+02  0.247264E+03  0.245170E+03  0.000000E+00  0.000000E+00  0.000000E+00  0.247198E+03
  0.281650E+02  0.232694E+03  0.230710E+03  0.000000E+00  0.000000E+00  0.000000E+00  0.232632E+03
  0.291196E+02  0.218976E+03  0.217096E+03  0.000000E+00  0.000000E+00  0.000000E+00  0.218916E+03
  0.301066E+02  0.206058E+03  0.204276E+03  0.000000E+00  0.000000E+00  0.000000E+00  0.206002E+03
  0.311271E+02  0.193896E+03  0.192206E+03  0.000000E+00  0.000000E+00  0.000000E+00  0.193843E+03
  0.321822E+02  0.182446E+03  0.180843E+03  0.000000E+00  0.000000E+00  0.000000E+00  0.182395E+03
  0.332730E+02  0.171666E+03  0.170145E+03  0.000000E+00  0.000000E+00  0.000000E+00  0.171618E+03
  0.344008E+02  0.161518E+03  0.160073E+03  0.000000E+00  0.000000E+00  0.000000E+00  0.161472E+03
  0.355668E+02  0.151965E+03  0.150592E+03  0.000000E+00  0.000000E+00  0.000000E+00  0.151921E+03
  0.367723E+02  0.142972E+03  0.141667E+03  0.000000E+00  0.000000E+00  0.000000E+00  0.142931E+03
  0.380187E+02  0.134507E+03  0.133266E+03  0.000000E+00  0.000000E+00  0.000000E+00  0.134468E+03
  0.393074E+02  0.126539E+03  0.125358E+03  0.000000E+00  0.000000E+00  0.000000E+00  0.126502E+03
  0.406397E+02  0.119039E+03  0.117915E+03  0.000000E+00  0.000000E+00  0.000000E+00  0.119004E+03
  0.420172E+02  0.111980E+03  0.110909E+03  0.000000E+00  0.000000E+00  0.000000E+00  0.111947E+03
  0.434414E+02  0.105337E+03  0.104316E+03  0.000000E+00  0.000000E+00  0.000000E+00  0.105305E+03
  0.449138E+02  0.990848E+02  0.981100E+02  0.000000E+00  0.000000E+00  0.000000E+00  0.990541E+02
  0.464362E+02  0.932006E+02  0.922699E+02  0.000000E+00  0.000000E+00  0.000000E+00  0.931713E+02
  0.480101E+02  0.876635E+02  0.867741E+02  0.000000E+00  0.000000E+00  0.000000E+00  0.876355E+02
  0.496375E+02  0.824525E+02  0.816019E+02  0.000000E+00  0.000000E+00  0.000000E+00  0.824257E+02
  0.513199E+02  0.775492E+02  0.767352E+02  0.000000E+00  0.000000E+00  0.000000E+00  0.775235E+02
  0.530594E+02  0.729351E+02  0.721554E+02  0.000000E+00  0.000000E+00  0.000000E+00  0.729105E+02
  0.548579E+02  0.685936E+02  0.678461E+02  0.000000E+00  0.000000E+00  0.000000E+00  0.685700E+02
  0.567173E+02  0.645086E+02  0.637913E+02  0.000000E+00  0.000000E+00  0.000000E+00  0.644860E+02
  0.586397E+02  0.606650E+02  0.599762E+02  0.000000E+00  0.000000E+00  0.000000E+00  0.606433E+02
  0.606273E+02  0.570489E+02  0.563867E+02  0.000000E+00  0.000000E+00  0.000000E+00  0.570280E+02
  0.626823E+02  0.536467E+02  0.530096E+02  0.000000E+00  0.000000E+00  0.000000E+00  0.536266E+02
  0.648069E+02  0.504459E+02  0.498323E+02  0.000000E+00  0.000000E+00  0.000000E+00  0.504265E+02
  0.670036E+02  0.474346E+02  0.468431E+02  0.000000E+00  0.000000E+00  0.000000E+00  0.474160E+02
  0.692747E+02  0.446020E+02  0.440312E+02  0.000000E+00  0.000000E+00  0.000000E+00  0.445840E+02
  0.716227E+02  0.419372E+02  0.413858E+02  0.000000E+00  0.000000E+00  0.000000E+00  0.419198E+02
  0.740504E+02  0.394305E+02  0.388974E+02  0.000000E+00  0.000000E+00  0.000000E+00  0.394137E+02
  0.765604E+02  0.370725E+02  0.365565E+02  0.000000E+00  0.000000E+00  0.000000E+00  0.370563E+02
  0.791553E+02  0.348546E+02  0.343547E+02  0.000000E+00  0.000000E+00  0.000000E+00  0.348389E+02
  0.818384E+02  0.327684E+02  0.322835E+02  0.000000E+00  0.000000E+00  0.000000E+00  0.327532E+02
  0.846122E+02  0.308062E+02  0.303355E+02  0.000000E+00  0.000000E+00  0.000000E+00  0.307914E+02
  0.874802E+02  0.289607E+02  0.285032E+02  0.000000E+00  0.000000E+00  0.000000E+00  0.289463E+02
  0.904453E+02  0.272249E+02  0.267798E+02  0.000000E+00  0.000000E+00  0.000000E+00  0.272109E+02
  0.935109E+02  0.255925E+02  0.251590E+02  0.000000E+00  0.000000E+00  0.000000E+00  0.255788E+02
  0.966806E+02  0.240572E+02  0.236346E+02  0.000000E+00  0.000000E+00  0.000000E+00  0.240438E+02
  0.999576E+02  0.226133E+02  0.222010E+02  0.000000E+00  0.000000E+00  0.000000E+00  0.226003E+02
  0.103346E+03  0.212555E+02  0.208529E+02  0.000000E+00  0.000000E+00  0.000000E+00  0.212429E+02
  0.106849E+03  0.199786E+02  0.195850E+02  0.000000E+00  0.000000E+00  0.000000E+00  0.199662E+02
  0.110470E+03  0.187779E+02  0.183927E+02  0.000000E+00  0.000000E+00  0.000000E+00  0.187658E+02
  0.114215E+03  0.176488E+02  0.172716E+02  0.000000E+00  0.000000E+00  0.000000E+00  0.176370E+02
  0.118086E+03  0.165872E+02  0.162174E+02  0.000000E+00  0.000000E+00  0.000000E+00  0.165755E+02
  0.122089E+03  0.155888E+02  0.152261E+02  0.000000E+00  0.000000E+00  0.000000E+00  0.155774E+02
  0.126227E+03  0.146501E+02  0.142940E+02  0.000000E+00  0.000000E+00  0.000000E+00  0.146389E+02
  0.130505E+03  0.137676E+02  0.134176E+02  0.000000E+00  0.000000E+00  0.000000E+00  0.137566E+02
  0.134928E+03  0.129378E+02  0.125937E+02  0.000000E+00  0.000000E+00  0.000000E+00  0.129269E+02
  0.139502E+03  0.121576E+02  0.118190E+02  0.000000E+00  0.000000E+00  0.000000E+00  0.121469E+02
  0.144230E+03  0.114241E+02  0.110907E+02  0.000000E+00  0.000000E+00  0.000000E+00  0.114136E+02
  0.149119E+03  0.107345E+02  0.104060E+02  0.000000E+00  0.000000E+00  0.000000E+00  0.107241E+02
  0.154173E+03  0.100862E+02  0.976233E+01  0.000000E+00  0.000000E+00  0.000000E+00  0.100760E+02
  0.159399E+03  0.947665E+01  0.915724E+01  0.000000E+00  0.000000E+00  0.000000E+00  0.946659E+01
  0.164802E+03  0.890370E+01  0.858849E+01  0.000000E+00  0.000000E+00  0.000000E+00  0.889377E+01
  0.170388E+03  0.836510E+01  0.805389E+01  0.000000E+00  0.000000E+00  0.000000E+00  0.835530E+01
  0.176164E+03  0.785878E+01  0.755139E+01  0.000000E+00  0.000000E+00  0.000000E+00  0.784909E+01
  0.182135E+03  0.738285E+01  0.707913E+01  0.000000E+00  0.000000E+00  0.000000E+00  0.737329E+01
  0.188308E+03  0.693550E+01  0.663530E+01  0.000000E+00  0.000000E+00  0.000000E+00  0.692604E+01
  0.194691E+03  0.651500E+01  0.621820E+01  0.000000E+00  0.000000E+00  0.000000E+00  0.650565E+01
  0.201290E+03  0.611975E+01  0.582624E+01  0.000000E+00  0.000000E+00  0.000000E+00  0.611050E+01
