  0.108800E-04  0.217266E+06  0.217265E+06  0.289686E+06  0.289686E+06  0.000000E+00  0.217266E+06
  0.112487E-04  0.217266E+06  0.217265E+06  0.289686E+06  0.289686E+06  0.000000E+00  0.217266E+06
  0.116300E-04  0.217266E+06  0.217265E+06  0.289686E+06  0.289686E+06  0.000000E+00  0.217266E+06
  0.120242E-04  0.217266E+06  0.217265E+06  0.289686E+06  0.289686E+06  0.000000E+00  0.217266E+06
  0.124318E-04  0.217265E+06  0.217265E+06  0.289686E+06  0.289686E+06  0.000000E+00  0.217265E+06
  0.128531E-04  0.217265E+06  0.217265E+06  0.289686E+06  0.289685E+06  0.000000E+00  0.217265E+06
  0.132888E-04  0.217265E+06  0.217265E+06  0.289686E+06  0.289685E+06  0.000000E+00  0.217265E+06
  0.137392E-04  0.217265E+06  0.217265E+06  0.289685E+06  0.289685E+06  0.000000E+00  0.217265E+06
  0.142049E-04  0.217265E+06  0.217265E+06  0.289685E+06  0.289685E+06  0.000000E+00  0.217265E+06
  0.146864E-04  0.217265E+06  0.217265E+06  0.289685E+06  0.289685E+06  0.000000E+00  0.217265E+06
  0.151842E-04  0.217265E+06  0.217265E+06  0.289685E+06  0.289685E+06  0.000000E+00  0.217265E+06
  0.156989E-04  0.217265E+06  0.217265E+06  0.289685E+06  0.289685E+06  0.000000E+00  0.217265E+06
  0.162310E-04  0.217265E+06  0.217265E+06  0.289685E+06  0.289684E+06  0.000000E+00  0.217265E+06
  0.167811E-04  0.217265E+06  0.217265E+06  0.289684E+06  0.289684E+06  0.000000E+00  0.217265E+06
  0.173499E-04  0.217265E+06  0.217265E+06  0.289684E+06  0.289684E+06  0.000000E+00  0.217265E+06
  0.179380E-04  0.217265E+06  0.217265E+06  0.289684E+06  0.289684E+06  0.000000E+00  0.217265E+06
  0.185460E-04  0.217265E+06  0.217265E+06  0.289684E+06  0.289683E+06  0.000000E+00  0.217265E+06
  0.191746E-04  0.217265E+06  0.217265E+06  0.289684E+06  0.289683E+06  0.000000E+00  0.217265E+06
  0.198246E-04  0.217265E+06  0.217265E+06  0.289683E+06  0.289683E+06  0.000000E+00  0.217265E+06
  0.204965E-04  0.217265E+06  0.217265E+06  0.289683E+06  0.289682E+06  0.000000E+00  0.217265E+06
  0.211913E-04  0.217265E+06  0.217265E+06  0.289683E+06  0.289682E+06  0.000000E+00  0.217265E+06
  0.219095E-04  0.217265E+06  0.217265E+06  0.289682E+06  0.289682E+06  0.000000E+00  0.217265E+06
  0.226522E-04  0.217265E+06  0.217265E+06  0.289682E+06  0.289681E+06  0.000000E+00  0.217265E+06
  0.234200E-04  0.217265E+06  0.217265E+06  0.289682E+06  0.289681E+06  0.000000E+00  0.217265E+06
  0.242138E-04  0.217265E+06  0.217265E+06  0.289681E+06  0.289681E+06  0.000000E+00  0.217265E+06
  0.250345E-04  0.217265E+06  0.217265E+06  0.289681E+06  0.289680E+06  0.000000E+00  0.217265E+06
  0.258831E-04  0.217265E+06  0.217265E+06  0.289680E+06  0.289680E+06  0.000000E+00  0.217265E+06
  0.267604E-04  0.217265E+06  0.217265E+06  0.289680E+06  0.289679E+06  0.000000E+00  0.217265E+06
  0.276674E-04  0.217265E+06  0.217265E+06  0.289679E+06  0.289678E+06  0.000000E+00  0.217265E+06
  0.286052E-04  0.217265E+06  0.217265E+06  0.289679E+06  0.289678E+06  0.000000E+00  0.217265E+06
  0.295748E-04  0.217265E+06  0.217265E+06  0.289678E+06  0.289677E+06  0.000000E+00  0.217265E+06
  0.305772E-04  0.217265E+06  0.217265E+06  0.289677E+06  0.289676E+06  0.000000E+00  0.217265E+06
  0.316136E-04  0.217265E+06  0.217265E+06  0.289677E+06  0.289676E+06  0.000000E+00  0.217265E+06
  0.326852E-04  0.217265E+06  0.217265E+06  0.289676E+06  0.289675E+06  0.000000E+00  0.217265E+06
  0.337931E-04  0.217265E+06  0.217265E+06  0.289675E+06  0.289674E+06  0.000000E+00  0.217265E+06
  0.349385E-04  0.217265E+06  0.217265E+06  0.289674E+06  0.289673E+06  0.000000E+00  0.217265E+06
  0.361227E-04  0.217265E+06  0.217265E+06  0.289674E+06  0.289672E+06  0.000000E+00  0.217265E+06
  0.373471E-04  0.217265E+06  0.217265E+06  0.289673E+06  0.289671E+06  0.000000E+00  0.217265E+06
  0.386130E-04  0.217265E+06  0.217265E+06  0.289672E+06  0.289670E+06  0.000000E+00  0.217265E+06
  0.399218E-04  0.217265E+06  0.217265E+06  0.289670E+06  0.289669E+06  0.000000E+00  0.217265E+06
  0.412749E-04  0.217265E+06  0.217264E+06  0.289669E+06  0.289667E+06  0.000000E+00  0.217265E+06
  0.426740E-04  0.217265E+06  0.217264E+06  0.289668E+06  0.289666E+06  0.000000E+00  0.217265E+06
  0.441204E-04  0.217265E+06  0.217264E+06  0.289667E+06  0.289665E+06  0.000000E+00  0.217265E+06
  0.456159E-04  0.217265E+06  0.217264E+06  0.289665E+06  0.289663E+06  0.000000E+00  0.217265E+06
  0.471620E-04  0.217264E+06  0.217264E+06  0.289664E+06  0.289661E+06  0.000000E+00  0.217264E+06
  0.487606E-04  0.217264E+06  0.217264E+06  0.289662E+06  0.289660E+06  0.000000E+00  0.217264E+06
  0.504133E-04  0.217264E+06  0.217264E+06  0.289660E+06  0.289658E+06  0.000000E+00  0.217264E+06
  0.521221E-04  0.217264E+06  0.217264E+06  0.289658E+06  0.289656E+06  0.000000E+00  0.217264E+06
  0.538888E-04  0.217264E+06  0.217264E+06  0.289656E+06  0.289653E+06  0.000000E+00  0.217264E+06
  0.557153E-04  0.217264E+06  0.217264E+06  0.289654E+06  0.289651E+06  0.000000E+00  0.217264E+06
  0.576038E-04  0.217264E+06  0.217263E+06  0.289652E+06  0.289648E+06  0.000000E+00  0.217264E+06
  0.595563E-04  0.217264E+06  0.217263E+06  0.289650E+06  0.289646E+06  0.000000E+00  0.217264E+06
  0.615750E-04  0.217264E+06  0.217263E+06  0.289647E+06  0.289643E+06  0.000000E+00  0.217264E+06
  0.636621E-04  0.217264E+06  0.217263E+06  0.289644E+06  0.289640E+06  0.000000E+00  0.217264E+06
  0.658199E-04  0.217263E+06  0.217263E+06  0.289641E+06  0.289637E+06  0.000000E+00  0.217263E+06
  0.680509E-04  0.217263E+06  0.217263E+06  0.289638E+06  0.289633E+06  0.000000E+00  0.217263E+06
  0.703575E-04  0.217263E+06  0.217262E+06  0.289635E+06  0.289629E+06  0.000000E+00  0.217263E+06
  0.727422E-04  0.217263E+06  0.217262E+06  0.289631E+06  0.289625E+06  0.000000E+00  0.217263E+06
  0.752079E-04  0.217263E+06  0.217262E+06  0.289627E+06  0.289621E+06  0.000000E+00  0.217263E+06
  0.777570E-04  0.217263E+06  0.217262E+06  0.289623E+06  0.289616E+06  0.000000E+00  0.217263E+06
  0.803926E-04  0.217262E+06  0.217262E+06  0.289618E+06  0.289612E+06  0.000000E+00  0.217262E+06
  0.831175E-04  0.217262E+06  0.217261E+06  0.289614E+06  0.289606E+06  0.000000E+00  0.217262E+06
  0.859348E-04  0.217262E+06  0.217261E+06  0.289609E+06  0.289601E+06  0.000000E+00  0.217262E+06
  0.888476E-04  0.217262E+06  0.217261E+06  0.289603E+06  0.289595E+06  0.000000E+00  0.217262E+06
  0.918591E-04  0.217261E+06  0.217260E+06  0.289597E+06  0.289588E+06  0.000000E+00  0.217261E+06
  0.949726E-04  0.217261E+06  0.217260E+06  0.289591E+06  0.289582E+06  0.000000E+00  0.217261E+06
  0.981917E-04  0.217261E+06  0.217260E+06  0.289584E+06  0.289574E+06  0.000000E+00  0.217261E+06
  0.101520E-03  0.217261E+06  0.217259E+06  0.289577E+06  0.289566E+06  0.000000E+00  0.217261E+06
  0.104961E-03  0.217260E+06  0.217259E+06  0.289570E+06  0.289558E+06  0.000000E+00  0.217260E+06
  0.108519E-03  0.217260E+06  0.217258E+06  0.289562E+06  0.289549E+06  0.000000E+00  0.217260E+06
  0.112197E-03  0.217259E+06  0.217258E+06  0.289553E+06  0.289540E+06  0.000000E+00  0.217259E+06
  0.116000E-03  0.217259E+06  0.217257E+06  0.289544E+06  0.289530E+06  0.000000E+00  0.217259E+06
  0.119932E-03  0.217259E+06  0.217257E+06  0.289534E+06  0.289519E+06  0.000000E+00  0.217259E+06
  0.123997E-03  0.217258E+06  0.217256E+06  0.289523E+06  0.289507E+06  0.000000E+00  0.217258E+06
  0.128200E-03  0.217258E+06  0.217255E+06  0.289512E+06  0.289495E+06  0.000000E+00  0.217258E+06
  0.132545E-03  0.217257E+06  0.217255E+06  0.289500E+06  0.289481E+06  0.000000E+00  0.217257E+06
  0.137038E-03  0.217256E+06  0.217254E+06  0.289487E+06  0.289467E+06  0.000000E+00  0.217256E+06
  0.141683E-03  0.217256E+06  0.217253E+06  0.289473E+06  0.289452E+06  0.000000E+00  0.217256E+06
  0.146485E-03  0.217255E+06  0.217252E+06  0.289458E+06  0.289436E+06  0.000000E+00  0.217255E+06
  0.151450E-03  0.217254E+06  0.217251E+06  0.289443E+06  0.289418E+06  0.000000E+00  0.217254E+06
  0.156583E-03  0.217254E+06  0.217250E+06  0.289426E+06  0.289400E+06  0.000000E+00  0.217254E+06
  0.161891E-03  0.217253E+06  0.217249E+06  0.289408E+06  0.289380E+06  0.000000E+00  0.217253E+06
  0.167378E-03  0.217252E+06  0.217248E+06  0.289388E+06  0.289359E+06  0.000000E+00  0.217252E+06
  0.173051E-03  0.217251E+06  0.217247E+06  0.289368E+06  0.289336E+06  0.000000E+00  0.217251E+06
  0.178917E-03  0.217250E+06  0.217245E+06  0.289346E+06  0.289312E+06  0.000000E+00  0.217250E+06
  0.184981E-03  0.217249E+06  0.217244E+06  0.289322E+06  0.289286E+06  0.000000E+00  0.217249E+06
  0.191251E-03  0.217248E+06  0.217243E+06  0.289297E+06  0.289259E+06  0.000000E+00  0.217248E+06
  0.197734E-03  0.217247E+06  0.217241E+06  0.289270E+06  0.289229E+06  0.000000E+00  0.217246E+06
  0.204436E-03  0.217245E+06  0.217239E+06  0.289241E+06  0.289197E+06  0.000000E+00  0.217245E+06
  0.211366E-03  0.217244E+06  0.217238E+06  0.289211E+06  0.289164E+06  0.000000E+00  0.217244E+06
  0.218530E-03  0.217242E+06  0.217236E+06  0.289178E+06  0.289128E+06  0.000000E+00  0.217242E+06
  0.225937E-03  0.217241E+06  0.217234E+06  0.289143E+06  0.289089E+06  0.000000E+00  0.217241E+06
  0.233595E-03  0.217239E+06  0.217231E+06  0.289105E+06  0.289048E+06  0.000000E+00  0.217239E+06
  0.241513E-03  0.217237E+06  0.217229E+06  0.289065E+06  0.289004E+06  0.000000E+00  0.217237E+06
  0.249699E-03  0.217235E+06  0.217226E+06  0.289022E+06  0.288957E+06  0.000000E+00  0.217235E+06
  0.258162E-03  0.217233E+06  0.217224E+06  0.288976E+06  0.288906E+06  0.000000E+00  0.217233E+06
  0.266913E-03  0.217231E+06  0.217221E+06  0.288928E+06  0.288853E+06  0.000000E+00  0.217231E+06
  0.275960E-03  0.217229E+06  0.217218E+06  0.288875E+06  0.288795E+06  0.000000E+00  0.217228E+06
  0.285314E-03  0.217226E+06  0.217214E+06  0.288819E+06  0.288734E+06  0.000000E+00  0.217226E+06
  0.294984E-03  0.217223E+06  0.217211E+06  0.288760E+06  0.288668E+06  0.000000E+00  0.217223E+06
  0.304983E-03  0.217221E+06  0.217207E+06  0.288696E+06  0.288598E+06  0.000000E+00  0.217220E+06
  0.315320E-03  0.217217E+06  0.217203E+06  0.288627E+06  0.288523E+06  0.000000E+00  0.217217E+06
  0.326008E-03  0.217214E+06  0.217199E+06  0.288554E+06  0.288443E+06  0.000000E+00  0.217214E+06
  0.337058E-03  0.217211E+06  0.217194E+06  0.288476E+06  0.288357E+06  0.000000E+00  0.217210E+06
  0.348483E-03  0.217207E+06  0.217189E+06  0.288393E+06  0.288266E+06  0.000000E+00  0.217206E+06
  0.360295E-03  0.217203E+06  0.217184E+06  0.288304E+06  0.288168E+06  0.000000E+00  0.217202E+06
  0.372507E-03  0.217198E+06  0.217179E+06  0.288209E+06  0.288063E+06  0.000000E+00  0.217198E+06
  0.385133E-03  0.217194E+06  0.217173E+06  0.288107E+06  0.287952E+06  0.000000E+00  0.217193E+06
  0.398187E-03  0.217189E+06  0.217166E+06  0.287999E+06  0.287832E+06  0.000000E+00  0.217188E+06
  0.411684E-03  0.217184E+06  0.217159E+06  0.287883E+06  0.287705E+06  0.000000E+00  0.217183E+06
  0.425638E-03  0.217178E+06  0.217152E+06  0.287758E+06  0.287569E+06  0.000000E+00  0.217177E+06
  0.440065E-03  0.217172E+06  0.217144E+06  0.287626E+06  0.287423E+06  0.000000E+00  0.217171E+06
  0.454981E-03  0.217165E+06  0.217136E+06  0.287484E+06  0.287268E+06  0.000000E+00  0.217164E+06
  0.470403E-03  0.217158E+06  0.217127E+06  0.287333E+06  0.287102E+06  0.000000E+00  0.217158E+06
  0.486347E-03  0.217151E+06  0.217117E+06  0.287171E+06  0.286924E+06  0.000000E+00  0.217150E+06
  0.502832E-03  0.217143E+06  0.217107E+06  0.286998E+06  0.286734E+06  0.000000E+00  0.217142E+06
  0.519875E-03  0.217135E+06  0.217096E+06  0.286814E+06  0.286532E+06  0.000000E+00  0.217134E+06
  0.537497E-03  0.217126E+06  0.217084E+06  0.286617E+06  0.286315E+06  0.000000E+00  0.217125E+06
  0.555715E-03  0.217116E+06  0.217072E+06  0.286406E+06  0.286084E+06  0.000000E+00  0.217115E+06
  0.574551E-03  0.217106E+06  0.217059E+06  0.286181E+06  0.285837E+06  0.000000E+00  0.217104E+06
  0.594026E-03  0.217095E+06  0.217044E+06  0.285941E+06  0.285574E+06  0.000000E+00  0.217093E+06
  0.614160E-03  0.217083E+06  0.217029E+06  0.285684E+06  0.285292E+06  0.000000E+00  0.217082E+06
  0.634977E-03  0.217071E+06  0.217013E+06  0.285410E+06  0.284991E+06  0.000000E+00  0.217069E+06
  0.656500E-03  0.217057E+06  0.216996E+06  0.285117E+06  0.284670E+06  0.000000E+00  0.217055E+06
  0.678752E-03  0.217043E+06  0.216977E+06  0.284804E+06  0.284327E+06  0.000000E+00  0.217041E+06
  0.701758E-03  0.217028E+06  0.216957E+06  0.284470E+06  0.283961E+06  0.000000E+00  0.217025E+06
  0.725544E-03  0.217011E+06  0.216936E+06  0.284114E+06  0.283570E+06  0.000000E+00  0.217009E+06
  0.750137E-03  0.216994E+06  0.216913E+06  0.283733E+06  0.283152E+06  0.000000E+00  0.216991E+06
  0.775563E-03  0.216975E+06  0.216889E+06  0.283326E+06  0.282707E+06  0.000000E+00  0.216972E+06
  0.801851E-03  0.216955E+06  0.216863E+06  0.282892E+06  0.282231E+06  0.000000E+00  0.216952E+06
  0.829029E-03  0.216934E+06  0.216836E+06  0.282429E+06  0.281724E+06  0.000000E+00  0.216931E+06
  0.857129E-03  0.216911E+06  0.216806E+06  0.281935E+06  0.281182E+06  0.000000E+00  0.216908E+06
  0.886182E-03  0.216887E+06  0.216774E+06  0.281407E+06  0.280604E+06  0.000000E+00  0.216883E+06
  0.916219E-03  0.216861E+06  0.216741E+06  0.280844E+06  0.279987E+06  0.000000E+00  0.216857E+06
  0.947274E-03  0.216833E+06  0.216705E+06  0.280243E+06  0.279330E+06  0.000000E+00  0.216829E+06
  0.979383E-03  0.216803E+06  0.216666E+06  0.279602E+06  0.278628E+06  0.000000E+00  0.216799E+06
  0.101258E-02  0.216771E+06  0.216625E+06  0.278918E+06  0.277880E+06  0.000000E+00  0.216767E+06
  0.104690E-02  0.216737E+06  0.216581E+06  0.278189E+06  0.277082E+06  0.000000E+00  0.216733E+06
  0.108239E-02  0.216701E+06  0.216534E+06  0.277411E+06  0.276232E+06  0.000000E+00  0.216696E+06
  0.111907E-02  0.216663E+06  0.216484E+06  0.276581E+06  0.275325E+06  0.000000E+00  0.216657E+06
  0.115700E-02  0.216621E+06  0.216430E+06  0.275697E+06  0.274359E+06  0.000000E+00  0.216615E+06
  0.119622E-02  0.216577E+06  0.216373E+06  0.274755E+06  0.273330E+06  0.000000E+00  0.216571E+06
  0.123677E-02  0.216530E+06  0.216312E+06  0.273751E+06  0.272233E+06  0.000000E+00  0.216523E+06
  0.127869E-02  0.216480E+06  0.216246E+06  0.272681E+06  0.271066E+06  0.000000E+00  0.216472E+06
  0.132203E-02  0.216426E+06  0.216177E+06  0.271541E+06  0.269823E+06  0.000000E+00  0.216418E+06
  0.136684E-02  0.216369E+06  0.216102E+06  0.270328E+06  0.268500E+06  0.000000E+00  0.216360E+06
  0.141317E-02  0.216307E+06  0.216023E+06  0.269036E+06  0.267092E+06  0.000000E+00  0.216298E+06
  0.146107E-02  0.216242E+06  0.215938E+06  0.267661E+06  0.265595E+06  0.000000E+00  0.216232E+06
  0.151059E-02  0.216172E+06  0.215847E+06  0.266198E+06  0.264003E+06  0.000000E+00  0.216162E+06
  0.156179E-02  0.216098E+06  0.215750E+06  0.264642E+06  0.262310E+06  0.000000E+00  0.216087E+06
  0.161473E-02  0.216018E+06  0.215647E+06  0.262987E+06  0.260512E+06  0.000000E+00  0.216006E+06
  0.166946E-02  0.215933E+06  0.215537E+06  0.261228E+06  0.258602E+06  0.000000E+00  0.215921E+06
  0.172605E-02  0.215843E+06  0.215419E+06  0.259360E+06  0.256575E+06  0.000000E+00  0.215829E+06
  0.178455E-02  0.215746E+06  0.215293E+06  0.257375E+06  0.254423E+06  0.000000E+00  0.215732E+06
  0.184504E-02  0.215643E+06  0.215159E+06  0.255269E+06  0.252142E+06  0.000000E+00  0.215628E+06
  0.190758E-02  0.215533E+06  0.215016E+06  0.253034E+06  0.249723E+06  0.000000E+00  0.215517E+06
  0.197223E-02  0.215416E+06  0.214863E+06  0.250663E+06  0.247161E+06  0.000000E+00  0.215398E+06
  0.203908E-02  0.215291E+06  0.214700E+06  0.248151E+06  0.244449E+06  0.000000E+00  0.215272E+06
  0.210820E-02  0.215157E+06  0.214527E+06  0.245490E+06  0.241580E+06  0.000000E+00  0.215138E+06
  0.217966E-02  0.215015E+06  0.214342E+06  0.242674E+06  0.238547E+06  0.000000E+00  0.214994E+06
  0.225354E-02  0.214864E+06  0.214144E+06  0.239694E+06  0.235343E+06  0.000000E+00  0.214841E+06
  0.232992E-02  0.214702E+06  0.213934E+06  0.236544E+06  0.231961E+06  0.000000E+00  0.214678E+06
  0.240889E-02  0.214531E+06  0.213709E+06  0.233218E+06  0.228395E+06  0.000000E+00  0.214505E+06
  0.249054E-02  0.214347E+06  0.213470E+06  0.229707E+06  0.224639E+06  0.000000E+00  0.214320E+06
  0.257496E-02  0.214152E+06  0.213216E+06  0.226006E+06  0.220686E+06  0.000000E+00  0.214123E+06
  0.266224E-02  0.213945E+06  0.212944E+06  0.222107E+06  0.216530E+06  0.000000E+00  0.213913E+06
  0.275248E-02  0.213724E+06  0.212655E+06  0.218005E+06  0.212167E+06  0.000000E+00  0.213690E+06
  0.284577E-02  0.213489E+06  0.212348E+06  0.213693E+06  0.207591E+06  0.000000E+00  0.213453E+06
  0.294223E-02  0.213239E+06  0.212021E+06  0.209168E+06  0.202801E+06  0.000000E+00  0.213200E+06
  0.304196E-02  0.212973E+06  0.211672E+06  0.204423E+06  0.197791E+06  0.000000E+00  0.212932E+06
  0.314506E-02  0.212690E+06  0.211302E+06  0.199456E+06  0.192562E+06  0.000000E+00  0.212646E+06
  0.325166E-02  0.212390E+06  0.210908E+06  0.194264E+06  0.187113E+06  0.000000E+00  0.212343E+06
  0.336188E-02  0.212071E+06  0.210489E+06  0.188845E+06  0.181445E+06  0.000000E+00  0.212021E+06
  0.347583E-02  0.211732E+06  0.210044E+06  0.183201E+06  0.175560E+06  0.000000E+00  0.211679E+06
  0.359365E-02  0.211373E+06  0.209571E+06  0.177332E+06  0.169465E+06  0.000000E+00  0.211316E+06
  0.371545E-02  0.210992E+06  0.209069E+06  0.171241E+06  0.163167E+06  0.000000E+00  0.210932E+06
  0.384139E-02  0.210588E+06  0.208536E+06  0.164936E+06  0.156674E+06  0.000000E+00  0.210523E+06
  0.397159E-02  0.210160E+06  0.207970E+06  0.158423E+06  0.149999E+06  0.000000E+00  0.210091E+06
  0.410621E-02  0.209707E+06  0.207371E+06  0.151713E+06  0.143157E+06  0.000000E+00  0.209633E+06
  0.424539E-02  0.209227E+06  0.206736E+06  0.144819E+06  0.136166E+06  0.000000E+00  0.209148E+06
  0.438929E-02  0.208719E+06  0.206063E+06  0.137758E+06  0.129048E+06  0.000000E+00  0.208636E+06
  0.453806E-02  0.208183E+06  0.205350E+06  0.130550E+06  0.121828E+06  0.000000E+00  0.208094E+06
  0.469188E-02  0.207616E+06  0.204596E+06  0.123218E+06  0.114534E+06  0.000000E+00  0.207521E+06
  0.485091E-02  0.207018E+06  0.203799E+06  0.115788E+06  0.107198E+06  0.000000E+00  0.206917E+06
  0.501534E-02  0.206388E+06  0.202957E+06  0.108292E+06  0.998552E+05  0.000000E+00  0.206279E+06
  0.518533E-02  0.205723E+06  0.202067E+06  0.100764E+06  0.925453E+05  0.000000E+00  0.205608E+06
  0.536109E-02  0.205023E+06  0.201129E+06  0.932414E+05  0.853099E+05  0.000000E+00  0.204900E+06
  0.554280E-02  0.204287E+06  0.200139E+06  0.857669E+05  0.781940E+05  0.000000E+00  0.204156E+06
  0.573068E-02  0.203513E+06  0.199097E+06  0.783856E+05  0.712447E+05  0.000000E+00  0.203374E+06
  0.592492E-02  0.202701E+06  0.197999E+06  0.711457E+05  0.645107E+05  0.000000E+00  0.202553E+06
  0.612574E-02  0.201849E+06  0.196845E+06  0.640978E+05  0.580412E+05  0.000000E+00  0.201691E+06
  0.633338E-02  0.200956E+06  0.195632E+06  0.572940E+05  0.518851E+05  0.000000E+00  0.200788E+06
  0.654805E-02  0.200022E+06  0.194358E+06  0.507875E+05  0.460899E+05  0.000000E+00  0.199843E+06
  0.677000E-02  0.199045E+06  0.193022E+06  0.446308E+05  0.406997E+05  0.000000E+00  0.198855E+06
  0.699947E-02  0.198025E+06  0.191623E+06  0.388744E+05  0.357539E+05  0.000000E+00  0.197823E+06
  0.723671E-02  0.196961E+06  0.190158E+06  0.335657E+05  0.312857E+05  0.000000E+00  0.196747E+06
  0.748200E-02  0.195853E+06  0.188626E+06  0.287468E+05  0.273202E+05  0.000000E+00  0.195626E+06
  0.773561E-02  0.194700E+06  0.187025E+06  0.244530E+05  0.238727E+05  0.000000E+00  0.194459E+06
  0.799781E-02  0.193503E+06  0.185356E+06  0.207106E+05  0.209470E+05  0.000000E+00  0.193246E+06
  0.826889E-02  0.192260E+06  0.183615E+06  0.175352E+05  0.185343E+05  0.000000E+00  0.191988E+06
  0.854917E-02  0.190972E+06  0.181804E+06  0.149295E+05  0.166120E+05  0.000000E+00  0.190684E+06
  0.883894E-02  0.189639E+06  0.179920E+06  0.128825E+05  0.151436E+05  0.000000E+00  0.189333E+06
  0.913854E-02  0.188262E+06  0.177963E+06  0.113677E+05  0.140789E+05  0.000000E+00  0.187937E+06
  0.944829E-02  0.186840E+06  0.175932E+06  0.103429E+05  0.133550E+05  0.000000E+00  0.186496E+06
  0.976854E-02  0.185373E+06  0.173827E+06  0.975042E+04  0.128987E+05  0.000000E+00  0.185010E+06
  0.100996E-01  0.183863E+06  0.171648E+06  0.951836E+04  0.126296E+05  0.000000E+00  0.183479E+06
  0.104420E-01  0.182310E+06  0.169395E+06  0.956264E+04  0.124641E+05  0.000000E+00  0.181903E+06
  0.107959E-01  0.180714E+06  0.167068E+06  0.979062E+04  0.123204E+05  0.000000E+00  0.180285E+06
  0.111618E-01  0.179077E+06  0.164666E+06  0.101056E+05  0.121240E+05  0.000000E+00  0.178623E+06
  0.115402E-01  0.177397E+06  0.162190E+06  0.104123E+05  0.118138E+05  0.000000E+00  0.176918E+06
  0.119313E-01  0.175677E+06  0.159641E+06  0.106235E+05  0.113469E+05  0.000000E+00  0.175172E+06
  0.123357E-01  0.173916E+06  0.157019E+06  0.106665E+05  0.107033E+05  0.000000E+00  0.173384E+06
  0.127539E-01  0.172115E+06  0.154324E+06  0.104897E+05  0.988837E+04  0.000000E+00  0.171555E+06
  0.131862E-01  0.170275E+06  0.151559E+06  0.100680E+05  0.893263E+04  0.000000E+00  0.169685E+06
  0.136331E-01  0.168395E+06  0.148723E+06  0.940629E+04  0.788911E+04  0.000000E+00  0.167775E+06
  0.140952E-01  0.166476E+06  0.145819E+06  0.854061E+04  0.682712E+04  0.000000E+00  0.165825E+06
  0.145730E-01  0.164519E+06  0.142848E+06  0.753532E+04  0.582306E+04  0.000000E+00  0.163836E+06
  0.150669E-01  0.162524E+06  0.139813E+06  0.647687E+04  0.494927E+04  0.000000E+00  0.161808E+06
  0.155776E-01  0.160491E+06  0.136716E+06  0.546359E+04  0.426201E+04  0.000000E+00  0.159742E+06
  0.161056E-01  0.158421E+06  0.133562E+06  0.459247E+04  0.379089E+04  0.000000E+00  0.157638E+06
  0.166515E-01  0.156315E+06  0.130353E+06  0.394428E+04  0.353187E+04  0.000000E+00  0.155497E+06
  0.172159E-01  0.154173E+06  0.127096E+06  0.356919E+04  0.344603E+04  0.000000E+00  0.153320E+06
  0.177994E-01  0.151997E+06  0.123795E+06  0.000000E+00  0.000000E+00  0.000000E+00  0.151108E+06
  0.184028E-01  0.149786E+06  0.120457E+06  0.000000E+00  0.000000E+00  0.000000E+00  0.148863E+06
  0.190265E-01  0.147544E+06  0.117089E+06  0.000000E+00  0.000000E+00  0.000000E+00  0.146584E+06
  0.196714E-01  0.145269E+06  0.113699E+06  0.000000E+00  0.000000E+00  0.000000E+00  0.144275E+06
  0.203382E-01  0.142965E+06  0.110296E+06  0.000000E+00  0.000000E+00  0.000000E+00  0.141936E+06
  0.210276E-01  0.140632E+06  0.106890E+06  0.000000E+00  0.000000E+00  0.000000E+00  0.139570E+06
  0.217403E-01  0.138272E+06  0.103490E+06  0.000000E+00  0.000000E+00  0.000000E+00  0.137177E+06
  0.224772E-01  0.135887E+06  0.100109E+06  0.000000E+00  0.000000E+00  0.000000E+00  0.134760E+06
  0.232390E-01  0.133477E+06  0.967598E+05  0.000000E+00  0.000000E+00  0.000000E+00  0.132320E+06
  0.240267E-01  0.131045E+06  0.934543E+05  0.000000E+00  0.000000E+00  0.000000E+00  0.129861E+06
  0.248411E-01  0.128594E+06  0.902071E+05  0.000000E+00  0.000000E+00  0.000000E+00  0.127385E+06
  0.256831E-01  0.126124E+06  0.870327E+05  0.000000E+00  0.000000E+00  0.000000E+00  0.124893E+06
  0.265537E-01  0.123639E+06  0.839462E+05  0.000000E+00  0.000000E+00  0.000000E+00  0.122389E+06
  0.274537E-01  0.121142E+06  0.809632E+05  0.000000E+00  0.000000E+00  0.000000E+00  0.119876E+06
  0.283842E-01  0.118634E+06  0.780990E+05  0.000000E+00  0.000000E+00  0.000000E+00  0.117358E+06
  0.293463E-01  0.116120E+06  0.753690E+05  0.000000E+00  0.000000E+00  0.000000E+00  0.114836E+06
  0.303410E-01  0.113601E+06  0.727878E+05  0.000000E+00  0.000000E+00  0.000000E+00  0.112316E+06
  0.313694E-01  0.111082E+06  0.703694E+05  0.000000E+00  0.000000E+00  0.000000E+00  0.109800E+06
  0.324327E-01  0.108565E+06  0.681260E+05  0.000000E+00  0.000000E+00  0.000000E+00  0.107292E+06
  0.335320E-01  0.106055E+06  0.660680E+05  0.000000E+00  0.000000E+00  0.000000E+00  0.104796E+06
  0.346686E-01  0.103556E+06  0.642035E+05  0.000000E+00  0.000000E+00  0.000000E+00  0.102316E+06
  0.358437E-01  0.101069E+06  0.625372E+05  0.000000E+00  0.000000E+00  0.000000E+00  0.998558E+05
  0.370586E-01  0.986007E+05  0.610703E+05  0.000000E+00  0.000000E+00  0.000000E+00  0.974186E+05
  0.383147E-01  0.961445E+05  0.597903E+05  0.000000E+00  0.000000E+00  0.000000E+00  0.949995E+05
  0.396134E-01  0.936981E+05  0.586819E+05  0.000000E+00  0.000000E+00  0.000000E+00  0.925952E+05
  0.409561E-01  0.912819E+05  0.577522E+05  0.000000E+00  0.000000E+00  0.000000E+00  0.902259E+05
  0.423443E-01  0.888998E+05  0.569840E+05  0.000000E+00  0.000000E+00  0.000000E+00  0.878946E+05
  0.437796E-01  0.865536E+05  0.563526E+05  0.000000E+00  0.000000E+00  0.000000E+00  0.856024E+05
  0.452635E-01  0.842437E+05  0.558267E+05  0.000000E+00  0.000000E+00  0.000000E+00  0.833486E+05
  0.467977E-01  0.819685E+05  0.553683E+05  0.000000E+00  0.000000E+00  0.000000E+00  0.811307E+05
  0.483839E-01  0.797257E+05  0.549347E+05  0.000000E+00  0.000000E+00  0.000000E+00  0.789448E+05
  0.500239E-01  0.775123E+05  0.544804E+05  0.000000E+00  0.000000E+00  0.000000E+00  0.767869E+05
  0.517194E-01  0.753263E+05  0.539595E+05  0.000000E+00  0.000000E+00  0.000000E+00  0.746533E+05
  0.534725E-01  0.731668E+05  0.533289E+05  0.000000E+00  0.000000E+00  0.000000E+00  0.725419E+05
  0.552850E-01  0.710349E+05  0.525509E+05  0.000000E+00  0.000000E+00  0.000000E+00  0.704527E+05
  0.571588E-01  0.689356E+05  0.515975E+05  0.000000E+00  0.000000E+00  0.000000E+00  0.683895E+05
  0.590963E-01  0.668802E+05  0.504560E+05  0.000000E+00  0.000000E+00  0.000000E+00  0.663629E+05
  0.610993E-01  0.649170E+05  0.491750E+05  0.000000E+00  0.000000E+00  0.000000E+00  0.644212E+05
  0.631703E-01  0.629359E+05  0.476182E+05  0.000000E+00  0.000000E+00  0.000000E+00  0.624535E+05
  0.653114E-01  0.609854E+05  0.458590E+05  0.000000E+00  0.000000E+00  0.000000E+00  0.605090E+05
  0.675252E-01  0.590632E+05  0.439239E+05  0.000000E+00  0.000000E+00  0.000000E+00  0.585863E+05
  0.698139E-01  0.571679E+05  0.418550E+05  0.000000E+00  0.000000E+00  0.000000E+00  0.566856E+05
  0.721803E-01  0.553006E+05  0.397096E+05  0.000000E+00  0.000000E+00  0.000000E+00  0.548095E+05
  0.746268E-01  0.534646E+05  0.375570E+05  0.000000E+00  0.000000E+00  0.000000E+00  0.529636E+05
  0.771564E-01  0.516659E+05  0.354752E+05  0.000000E+00  0.000000E+00  0.000000E+00  0.511559E+05
  0.797716E-01  0.499106E+05  0.335401E+05  0.000000E+00  0.000000E+00  0.000000E+00  0.493950E+05
  0.824755E-01  0.482030E+05  0.318168E+05  0.000000E+00  0.000000E+00  0.000000E+00  0.476869E+05
  0.852709E-01  0.465439E+05  0.303513E+05  0.000000E+00  0.000000E+00  0.000000E+00  0.460339E+05
  0.881612E-01  0.449308E+05  0.291630E+05  0.000000E+00  0.000000E+00  0.000000E+00  0.444342E+05
  0.911495E-01  0.433602E+05  0.282429E+05  0.000000E+00  0.000000E+00  0.000000E+00  0.428841E+05
  0.942390E-01  0.418297E+05  0.275549E+05  0.000000E+00  0.000000E+00  0.000000E+00  0.413801E+05
  0.974333E-01  0.403393E+05  0.270396E+05  0.000000E+00  0.000000E+00  0.000000E+00  0.399204E+05
  0.100736E+00  0.388902E+05  0.266197E+05  0.000000E+00  0.000000E+00  0.000000E+00  0.385037E+05
  0.104150E+00  0.374821E+05  0.262078E+05  0.000000E+00  0.000000E+00  0.000000E+00  0.371270E+05
  0.107680E+00  0.361119E+05  0.257182E+05  0.000000E+00  0.000000E+00  0.000000E+00  0.357845E+05
  0.111330E+00  0.347752E+05  0.250829E+05  0.000000E+00  0.000000E+00  0.000000E+00  0.344699E+05
  0.115104E+00  0.334696E+05  0.242664E+05  0.000000E+00  0.000000E+00  0.000000E+00  0.331798E+05
  0.119005E+00  0.321953E+05  0.232741E+05  0.000000E+00  0.000000E+00  0.000000E+00  0.319143E+05
  0.123039E+00  0.309536E+05  0.221497E+05  0.000000E+00  0.000000E+00  0.000000E+00  0.306763E+05
  0.127209E+00  0.297445E+05  0.209645E+05  0.000000E+00  0.000000E+00  0.000000E+00  0.294680E+05
  0.131521E+00  0.285685E+05  0.198038E+05  0.000000E+00  0.000000E+00  0.000000E+00  0.282925E+05
  0.135979E+00  0.274291E+05  0.187497E+05  0.000000E+00  0.000000E+00  0.000000E+00  0.271557E+05
  0.140588E+00  0.263318E+05  0.178600E+05  0.000000E+00  0.000000E+00  0.000000E+00  0.260650E+05
  0.145353E+00  0.252788E+05  0.171488E+05  0.000000E+00  0.000000E+00  0.000000E+00  0.250228E+05
  0.150280E+00  0.242657E+05  0.165814E+05  0.000000E+00  0.000000E+00  0.000000E+00  0.240236E+05
  0.155374E+00  0.232866E+05  0.160917E+05  0.000000E+00  0.000000E+00  0.000000E+00  0.230600E+05
  0.160640E+00  0.223395E+05  0.156086E+05  0.000000E+00  0.000000E+00  0.000000E+00  0.221275E+05
  0.166085E+00  0.214232E+05  0.150766E+05  0.000000E+00  0.000000E+00  0.000000E+00  0.212233E+05
  0.171715E+00  0.205343E+05  0.144705E+05  0.000000E+00  0.000000E+00  0.000000E+00  0.203433E+05
  0.177535E+00  0.196714E+05  0.138045E+05  0.000000E+00  0.000000E+00  0.000000E+00  0.194866E+05
  0.183553E+00  0.188367E+05  0.131250E+05  0.000000E+00  0.000000E+00  0.000000E+00  0.186568E+05
  0.189774E+00  0.180322E+05  0.124838E+05  0.000000E+00  0.000000E+00  0.000000E+00  0.178575E+05
  0.196206E+00  0.172587E+05  0.119134E+05  0.000000E+00  0.000000E+00  0.000000E+00  0.170904E+05
  0.202857E+00  0.165170E+05  0.114173E+05  0.000000E+00  0.000000E+00  0.000000E+00  0.163564E+05
  0.209733E+00  0.158045E+05  0.109697E+05  0.000000E+00  0.000000E+00  0.000000E+00  0.156523E+05
  0.216842E+00  0.151173E+05  0.105341E+05  0.000000E+00  0.000000E+00  0.000000E+00  0.149730E+05
  0.224192E+00  0.144554E+05  0.100891E+05  0.000000E+00  0.000000E+00  0.000000E+00  0.143179E+05
  0.231791E+00  0.138186E+05  0.963484E+04  0.000000E+00  0.000000E+00  0.000000E+00  0.136868E+05
  0.239647E+00  0.132043E+05  0.918482E+04  0.000000E+00  0.000000E+00  0.000000E+00  0.130777E+05
  0.247770E+00  0.126138E+05  0.875902E+04  0.000000E+00  0.000000E+00  0.000000E+00  0.124924E+05
  0.256168E+00  0.120481E+05  0.836609E+04  0.000000E+00  0.000000E+00  0.000000E+00  0.119321E+05
  0.264851E+00  0.115045E+05  0.799772E+04  0.000000E+00  0.000000E+00  0.000000E+00  0.113941E+05
  0.273828E+00  0.109832E+05  0.764333E+04  0.000000E+00  0.000000E+00  0.000000E+00  0.108780E+05
  0.283110E+00  0.104827E+05  0.729631E+04  0.000000E+00  0.000000E+00  0.000000E+00  0.103824E+05
  0.292706E+00  0.100018E+05  0.695790E+04  0.000000E+00  0.000000E+00  0.000000E+00  0.990597E+04
  0.302627E+00  0.954103E+04  0.663439E+04  0.000000E+00  0.000000E+00  0.000000E+00  0.944949E+04
  0.312884E+00  0.909905E+04  0.632722E+04  0.000000E+00  0.000000E+00  0.000000E+00  0.901175E+04
  0.323490E+00  0.867580E+04  0.603468E+04  0.000000E+00  0.000000E+00  0.000000E+00  0.859262E+04
  0.334454E+00  0.827006E+04  0.575327E+04  0.000000E+00  0.000000E+00  0.000000E+00  0.819079E+04
  0.345791E+00  0.788159E+04  0.548271E+04  0.000000E+00  0.000000E+00  0.000000E+00  0.780604E+04
  0.357512E+00  0.750951E+04  0.522346E+04  0.000000E+00  0.000000E+00  0.000000E+00  0.743750E+04
  0.369629E+00  0.715352E+04  0.497601E+04  0.000000E+00  0.000000E+00  0.000000E+00  0.708493E+04
  0.382158E+00  0.681276E+04  0.473922E+04  0.000000E+00  0.000000E+00  0.000000E+00  0.674745E+04
  0.395111E+00  0.648698E+04  0.451267E+04  0.000000E+00  0.000000E+00  0.000000E+00  0.642480E+04
  0.408504E+00  0.617530E+04  0.429581E+04  0.000000E+00  0.000000E+00  0.000000E+00  0.611610E+04
  0.422350E+00  0.587758E+04  0.408883E+04  0.000000E+00  0.000000E+00  0.000000E+00  0.582124E+04
  0.436666E+00  0.559294E+04  0.389088E+04  0.000000E+00  0.000000E+00  0.000000E+00  0.553933E+04
  0.451466E+00  0.532116E+04  0.370183E+04  0.000000E+00  0.000000E+00  0.000000E+00  0.527015E+04
  0.466769E+00  0.506159E+04  0.352129E+04  0.000000E+00  0.000000E+00  0.000000E+00  0.501308E+04
  0.482590E+00  0.481372E+04  0.334890E+04  0.000000E+00  0.000000E+00  0.000000E+00  0.476758E+04
  0.498948E+00  0.457719E+04  0.318439E+04  0.000000E+00  0.000000E+00  0.000000E+00  0.453332E+04
  0.515859E+00  0.435147E+04  0.302738E+04  0.000000E+00  0.000000E+00  0.000000E+00  0.430977E+04
  0.533344E+00  0.413604E+04  0.287754E+04  0.000000E+00  0.000000E+00  0.000000E+00  0.409641E+04
  0.551422E+00  0.393057E+04  0.273461E+04  0.000000E+00  0.000000E+00  0.000000E+00  0.389290E+04
  0.570113E+00  0.373464E+04  0.259833E+04  0.000000E+00  0.000000E+00  0.000000E+00  0.369885E+04
  0.589437E+00  0.354782E+04  0.246838E+04  0.000000E+00  0.000000E+00  0.000000E+00  0.351382E+04
  0.609416E+00  0.336974E+04  0.234450E+04  0.000000E+00  0.000000E+00  0.000000E+00  0.333745E+04
  0.630072E+00  0.320005E+04  0.222646E+04  0.000000E+00  0.000000E+00  0.000000E+00  0.316939E+04
  0.651428E+00  0.303842E+04  0.211402E+04  0.000000E+00  0.000000E+00  0.000000E+00  0.300931E+04
  0.673509E+00  0.288451E+04  0.200695E+04  0.000000E+00  0.000000E+00  0.000000E+00  0.285687E+04
  0.696337E+00  0.273798E+04  0.190502E+04  0.000000E+00  0.000000E+00  0.000000E+00  0.271175E+04
  0.719940E+00  0.259850E+04  0.180799E+04  0.000000E+00  0.000000E+00  0.000000E+00  0.257360E+04
  0.744342E+00  0.246574E+04  0.171563E+04  0.000000E+00  0.000000E+00  0.000000E+00  0.244212E+04
  0.769572E+00  0.233939E+04  0.162774E+04  0.000000E+00  0.000000E+00  0.000000E+00  0.231698E+04
  0.795656E+00  0.221917E+04  0.154410E+04  0.000000E+00  0.000000E+00  0.000000E+00  0.219790E+04
  0.822625E+00  0.210478E+04  0.146452E+04  0.000000E+00  0.000000E+00  0.000000E+00  0.208462E+04
  0.850508E+00  0.199599E+04  0.138884E+04  0.000000E+00  0.000000E+00  0.000000E+00  0.197687E+04
  0.879336E+00  0.189255E+04  0.131687E+04  0.000000E+00  0.000000E+00  0.000000E+00  0.187442E+04
  0.909141E+00  0.179423E+04  0.124846E+04  0.000000E+00  0.000000E+00  0.000000E+00  0.177704E+04
  0.939957E+00  0.170080E+04  0.118346E+04  0.000000E+00  0.000000E+00  0.000000E+00  0.168451E+04
  0.971817E+00  0.161202E+04  0.112169E+04  0.000000E+00  0.000000E+00  0.000000E+00  0.159658E+04
  0.100476E+01  0.152765E+04  0.106299E+04  0.000000E+00  0.000000E+00  0.000000E+00  0.151302E+04
  0.103881E+01  0.144751E+04  0.100723E+04  0.000000E+00  0.000000E+00  0.000000E+00  0.143364E+04
  0.107402E+01  0.137137E+04  0.954259E+03  0.000000E+00  0.000000E+00  0.000000E+00  0.135824E+04
  0.111043E+01  0.129909E+04  0.903966E+03  0.000000E+00  0.000000E+00  0.000000E+00  0.128664E+04
  0.114807E+01  0.123046E+04  0.856217E+03  0.000000E+00  0.000000E+00  0.000000E+00  0.121868E+04
  0.118698E+01  0.116533E+04  0.810900E+03  0.000000E+00  0.000000E+00  0.000000E+00  0.115417E+04
  0.122721E+01  0.110351E+04  0.767885E+03  0.000000E+00  0.000000E+00  0.000000E+00  0.109294E+04
  0.126881E+01  0.104483E+04  0.727058E+03  0.000000E+00  0.000000E+00  0.000000E+00  0.103483E+04
  0.131182E+01  0.989162E+03  0.688322E+03  0.000000E+00  0.000000E+00  0.000000E+00  0.979687E+03
  0.135628E+01  0.936350E+03  0.651575E+03  0.000000E+00  0.000000E+00  0.000000E+00  0.927380E+03
  0.140225E+01  0.886260E+03  0.616723E+03  0.000000E+00  0.000000E+00  0.000000E+00  0.877771E+03
  0.144978E+01  0.838753E+03  0.583666E+03  0.000000E+00  0.000000E+00  0.000000E+00  0.830719E+03
  0.149892E+01  0.793699E+03  0.552317E+03  0.000000E+00  0.000000E+00  0.000000E+00  0.786097E+03
  0.154973E+01  0.750983E+03  0.522594E+03  0.000000E+00  0.000000E+00  0.000000E+00  0.743789E+03
  0.160226E+01  0.710489E+03  0.494417E+03  0.000000E+00  0.000000E+00  0.000000E+00  0.703683E+03
  0.165656E+01  0.672110E+03  0.467712E+03  0.000000E+00  0.000000E+00  0.000000E+00  0.665672E+03
  0.171271E+01  0.635735E+03  0.442400E+03  0.000000E+00  0.000000E+00  0.000000E+00  0.629645E+03
  0.177077E+01  0.601267E+03  0.418416E+03  0.000000E+00  0.000000E+00  0.000000E+00  0.595508E+03
  0.183079E+01  0.568611E+03  0.395693E+03  0.000000E+00  0.000000E+00  0.000000E+00  0.563165E+03
  0.189284E+01  0.537678E+03  0.374168E+03  0.000000E+00  0.000000E+00  0.000000E+00  0.532528E+03
  0.195700E+01  0.508377E+03  0.353778E+03  0.000000E+00  0.000000E+00  0.000000E+00  0.503508E+03
  0.202333E+01  0.480628E+03  0.334470E+03  0.000000E+00  0.000000E+00  0.000000E+00  0.476025E+03
  0.209191E+01  0.454351E+03  0.316184E+03  0.000000E+00  0.000000E+00  0.000000E+00  0.449999E+03
  0.216282E+01  0.429471E+03  0.298871E+03  0.000000E+00  0.000000E+00  0.000000E+00  0.425357E+03
  0.223613E+01  0.405914E+03  0.282479E+03  0.000000E+00  0.000000E+00  0.000000E+00  0.402026E+03
  0.231192E+01  0.383615E+03  0.266961E+03  0.000000E+00  0.000000E+00  0.000000E+00  0.379941E+03
  0.239028E+01  0.362507E+03  0.252273E+03  0.000000E+00  0.000000E+00  0.000000E+00  0.359035E+03
  0.247130E+01  0.342530E+03  0.238372E+03  0.000000E+00  0.000000E+00  0.000000E+00  0.339250E+03
  0.255507E+01  0.323626E+03  0.225216E+03  0.000000E+00  0.000000E+00  0.000000E+00  0.320526E+03
  0.264167E+01  0.305739E+03  0.212769E+03  0.000000E+00  0.000000E+00  0.000000E+00  0.302811E+03
  0.273121E+01  0.288817E+03  0.200993E+03  0.000000E+00  0.000000E+00  0.000000E+00  0.286051E+03
  0.282379E+01  0.272809E+03  0.189853E+03  0.000000E+00  0.000000E+00  0.000000E+00  0.270196E+03
  0.291950E+01  0.257668E+03  0.179316E+03  0.000000E+00  0.000000E+00  0.000000E+00  0.255200E+03
  0.301846E+01  0.243347E+03  0.169351E+03  0.000000E+00  0.000000E+00  0.000000E+00  0.241017E+03
  0.312077E+01  0.229805E+03  0.159927E+03  0.000000E+00  0.000000E+00  0.000000E+00  0.227604E+03
  0.322655E+01  0.216999E+03  0.151015E+03  0.000000E+00  0.000000E+00  0.000000E+00  0.214921E+03
  0.333591E+01  0.204891E+03  0.142589E+03  0.000000E+00  0.000000E+00  0.000000E+00  0.202929E+03
  0.344898E+01  0.193443E+03  0.134622E+03  0.000000E+00  0.000000E+00  0.000000E+00  0.191590E+03
  0.356588E+01  0.182621E+03  0.127091E+03  0.000000E+00  0.000000E+00  0.000000E+00  0.180872E+03
  0.368675E+01  0.172391E+03  0.119972E+03  0.000000E+00  0.000000E+00  0.000000E+00  0.170740E+03
  0.381172E+01  0.162722E+03  0.113243E+03  0.000000E+00  0.000000E+00  0.000000E+00  0.161164E+03
  0.394091E+01  0.153586E+03  0.106885E+03  0.000000E+00  0.000000E+00  0.000000E+00  0.152115E+03
  0.407449E+01  0.144952E+03  0.100877E+03  0.000000E+00  0.000000E+00  0.000000E+00  0.143564E+03
  0.421259E+01  0.136794E+03  0.951995E+02  0.000000E+00  0.000000E+00  0.000000E+00  0.135484E+03
  0.435538E+01  0.129087E+03  0.898356E+02  0.000000E+00  0.000000E+00  0.000000E+00  0.127850E+03
  0.450301E+01  0.121805E+03  0.847681E+02  0.000000E+00  0.000000E+00  0.000000E+00  0.120639E+03
  0.465564E+01  0.114926E+03  0.799807E+02  0.000000E+00  0.000000E+00  0.000000E+00  0.113825E+03
  0.481344E+01  0.108428E+03  0.754587E+02  0.000000E+00  0.000000E+00  0.000000E+00  0.107390E+03
  0.497659E+01  0.102291E+03  0.711875E+02  0.000000E+00  0.000000E+00  0.000000E+00  0.101311E+03
  0.514527E+01  0.964952E+02  0.671540E+02  0.000000E+00  0.000000E+00  0.000000E+00  0.955711E+02
  0.531968E+01  0.910222E+02  0.633451E+02  0.000000E+00  0.000000E+00  0.000000E+00  0.901505E+02
  0.549998E+01  0.858545E+02  0.597487E+02  0.000000E+00  0.000000E+00  0.000000E+00  0.850323E+02
  0.568641E+01  0.809752E+02  0.563529E+02  0.000000E+00  0.000000E+00  0.000000E+00  0.801997E+02
  0.587915E+01  0.763684E+02  0.531469E+02  0.000000E+00  0.000000E+00  0.000000E+00  0.756370E+02
  0.607843E+01  0.720191E+02  0.501199E+02  0.000000E+00  0.000000E+00  0.000000E+00  0.713293E+02
  0.628446E+01  0.679133E+02  0.472625E+02  0.000000E+00  0.000000E+00  0.000000E+00  0.672629E+02
  0.649747E+01  0.640380E+02  0.445654E+02  0.000000E+00  0.000000E+00  0.000000E+00  0.634247E+02
  0.671770E+01  0.603803E+02  0.420199E+02  0.000000E+00  0.000000E+00  0.000000E+00  0.598021E+02
  0.694539E+01  0.569287E+02  0.396177E+02  0.000000E+00  0.000000E+00  0.000000E+00  0.563834E+02
  0.718081E+01  0.536712E+02  0.373506E+02  0.000000E+00  0.000000E+00  0.000000E+00  0.531572E+02
  0.742420E+01  0.505973E+02  0.352113E+02  0.000000E+00  0.000000E+00  0.000000E+00  0.501127E+02
  0.767585E+01  0.476967E+02  0.331925E+02  0.000000E+00  0.000000E+00  0.000000E+00  0.472398E+02
  0.793602E+01  0.449599E+02  0.312878E+02  0.000000E+00  0.000000E+00  0.000000E+00  0.445292E+02
  0.820502E+01  0.423778E+02  0.294908E+02  0.000000E+00  0.000000E+00  0.000000E+00  0.419719E+02
  0.848312E+01  0.399421E+02  0.277956E+02  0.000000E+00  0.000000E+00  0.000000E+00  0.395595E+02
  0.877066E+01  0.376445E+02  0.261965E+02  0.000000E+00  0.000000E+00  0.000000E+00  0.372839E+02
  0.906794E+01  0.354772E+02  0.246881E+02  0.000000E+00  0.000000E+00  0.000000E+00  0.351374E+02
  0.937530E+01  0.334329E+02  0.232653E+02  0.000000E+00  0.000000E+00  0.000000E+00  0.331126E+02
  0.969308E+01  0.315047E+02  0.219233E+02  0.000000E+00  0.000000E+00  0.000000E+00  0.312029E+02
  0.100216E+02  0.296863E+02  0.206577E+02  0.000000E+00  0.000000E+00  0.000000E+00  0.294019E+02
  0.103613E+02  0.279715E+02  0.194643E+02  0.000000E+00  0.000000E+00  0.000000E+00  0.277036E+02
  0.107125E+02  0.263547E+02  0.183390E+02  0.000000E+00  0.000000E+00  0.000000E+00  0.261022E+02
  0.110756E+02  0.248300E+02  0.172778E+02  0.000000E+00  0.000000E+00  0.000000E+00  0.245921E+02
  0.114510E+02  0.233923E+02  0.162772E+02  0.000000E+00  0.000000E+00  0.000000E+00  0.231682E+02
  0.118392E+02  0.220369E+02  0.153338E+02  0.000000E+00  0.000000E+00  0.000000E+00  0.218257E+02
  0.122404E+02  0.207591E+02  0.144445E+02  0.000000E+00  0.000000E+00  0.000000E+00  0.205602E+02
  0.126553E+02  0.195545E+02  0.136061E+02  0.000000E+00  0.000000E+00  0.000000E+00  0.193672E+02
  0.130843E+02  0.184190E+02  0.128158E+02  0.000000E+00  0.000000E+00  0.000000E+00  0.182426E+02
  0.135278E+02  0.173486E+02  0.120708E+02  0.000000E+00  0.000000E+00  0.000000E+00  0.171824E+02
  0.139863E+02  0.163397E+02  0.113686E+02  0.000000E+00  0.000000E+00  0.000000E+00  0.161832E+02
  0.144604E+02  0.153888E+02  0.107067E+02  0.000000E+00  0.000000E+00  0.000000E+00  0.152414E+02
  0.149505E+02  0.144927E+02  0.100830E+02  0.000000E+00  0.000000E+00  0.000000E+00  0.143538E+02
  0.154573E+02  0.136482E+02  0.949523E+01  0.000000E+00  0.000000E+00  0.000000E+00  0.135174E+02
  0.159812E+02  0.128523E+02  0.894126E+01  0.000000E+00  0.000000E+00  0.000000E+00  0.127291E+02
  0.165229E+02  0.121023E+02  0.841926E+01  0.000000E+00  0.000000E+00  0.000000E+00  0.119863E+02
  0.170829E+02  0.113956E+02  0.792741E+01  0.000000E+00  0.000000E+00  0.000000E+00  0.112864E+02
  0.176619E+02  0.107298E+02  0.746399E+01  0.000000E+00  0.000000E+00  0.000000E+00  0.106270E+02
  0.182606E+02  0.101025E+02  0.702733E+01  0.000000E+00  0.000000E+00  0.000000E+00  0.100056E+02
  0.188795E+02  0.951144E+01  0.661594E+01  0.000000E+00  0.000000E+00  0.000000E+00  0.942025E+01
  0.195195E+02  0.895464E+01  0.622838E+01  0.000000E+00  0.000000E+00  0.000000E+00  0.886877E+01
  0.201811E+02  0.843013E+01  0.586330E+01  0.000000E+00  0.000000E+00  0.000000E+00  0.834929E+01
  0.208651E+02  0.793601E+01  0.551937E+01  0.000000E+00  0.000000E+00  0.000000E+00  0.785989E+01
  0.215723E+02  0.747057E+01  0.519539E+01  0.000000E+00  0.000000E+00  0.000000E+00  0.739891E+01
  0.223035E+02  0.703217E+01  0.489024E+01  0.000000E+00  0.000000E+00  0.000000E+00  0.696471E+01
  0.230595E+02  0.661927E+01  0.460284E+01  0.000000E+00  0.000000E+00  0.000000E+00  0.655576E+01
  0.238411E+02  0.623037E+01  0.433213E+01  0.000000E+00  0.000000E+00  0.000000E+00  0.617058E+01
  0.246492E+02  0.586410E+01  0.407719E+01  0.000000E+00  0.000000E+00  0.000000E+00  0.580782E+01
  0.254847E+02  0.551918E+01  0.383709E+01  0.000000E+00  0.000000E+00  0.000000E+00  0.546620E+01
  0.263485E+02  0.519436E+01  0.361099E+01  0.000000E+00  0.000000E+00  0.000000E+00  0.514449E+01
  0.272416E+02  0.488848E+01  0.339808E+01  0.000000E+00  0.000000E+00  0.000000E+00  0.484154E+01
  0.281650E+02  0.460046E+01  0.319758E+01  0.000000E+00  0.000000E+00  0.000000E+00  0.455627E+01
  0.291196E+02  0.432927E+01  0.300881E+01  0.000000E+00  0.000000E+00  0.000000E+00  0.428768E+01
  0.301066E+02  0.407391E+01  0.283105E+01  0.000000E+00  0.000000E+00  0.000000E+00  0.403477E+01
  0.311271E+02  0.383349E+01  0.266369E+01  0.000000E+00  0.000000E+00  0.000000E+00  0.379665E+01
  0.321822E+02  0.360715E+01  0.250613E+01  0.000000E+00  0.000000E+00  0.000000E+00  0.357247E+01
  0.332730E+02  0.339406E+01  0.235779E+01  0.000000E+00  0.000000E+00  0.000000E+00  0.336142E+01
  0.344008E+02  0.319344E+01  0.221813E+01  0.000000E+00  0.000000E+00  0.000000E+00  0.316272E+01
  0.355668E+02  0.300460E+01  0.208667E+01  0.000000E+00  0.000000E+00  0.000000E+00  0.297569E+01
  0.367723E+02  0.282683E+01  0.196291E+01  0.000000E+00  0.000000E+00  0.000000E+00  0.279962E+01
  0.380187E+02  0.265949E+01  0.184642E+01  0.000000E+00  0.000000E+00  0.000000E+00  0.263388E+01
  0.393074E+02  0.250199E+01  0.173677E+01  0.000000E+00  0.000000E+00  0.000000E+00  0.247788E+01
  0.406397E+02  0.235374E+01  0.163356E+01  0.000000E+00  0.000000E+00  0.000000E+00  0.233105E+01
  0.420172E+02  0.221420E+01  0.153641E+01  0.000000E+00  0.000000E+00  0.000000E+00  0.219285E+01
  0.434414E+02  0.208287E+01  0.144498E+01  0.000000E+00  0.000000E+00  0.000000E+00  0.206278E+01
  0.449138E+02  0.195928E+01  0.135893E+01  0.000000E+00  0.000000E+00  0.000000E+00  0.194037E+01
  0.464362E+02  0.184296E+01  0.127795E+01  0.000000E+00  0.000000E+00  0.000000E+00  0.182516E+01
  0.480101E+02  0.173350E+01  0.120174E+01  0.000000E+00  0.000000E+00  0.000000E+00  0.171676E+01
  0.496375E+02  0.163049E+01  0.113001E+01  0.000000E+00  0.000000E+00  0.000000E+00  0.161473E+01
  0.513199E+02  0.153357E+01  0.106252E+01  0.000000E+00  0.000000E+00  0.000000E+00  0.151873E+01
  0.530594E+02  0.144236E+01  0.999015E+00  0.000000E+00  0.000000E+00  0.000000E+00  0.142839E+01
  0.548579E+02  0.135654E+01  0.939256E+00  0.000000E+00  0.000000E+00  0.000000E+00  0.134339E+01
  0.567173E+02  0.127579E+01  0.883027E+00  0.000000E+00  0.000000E+00  0.000000E+00  0.126342E+01
  0.586397E+02  0.119981E+01  0.830120E+00  0.000000E+00  0.000000E+00  0.000000E+00  0.118816E+01
  0.606273E+02  0.112833E+01  0.780341E+00  0.000000E+00  0.000000E+00  0.000000E+00  0.111737E+01
  0.626823E+02  0.106107E+01  0.733506E+00  0.000000E+00  0.000000E+00  0.000000E+00  0.105076E+01
  0.648069E+02  0.997802E+00  0.689443E+00  0.000000E+00  0.000000E+00  0.000000E+00  0.988090E+00
  0.670036E+02  0.938278E+00  0.647988E+00  0.000000E+00  0.000000E+00  0.000000E+00  0.929135E+00
  0.692747E+02  0.882283E+00  0.608989E+00  0.000000E+00  0.000000E+00  0.000000E+00  0.873676E+00
  0.716227E+02  0.829608E+00  0.572301E+00  0.000000E+00  0.000000E+00  0.000000E+00  0.821504E+00
  0.740504E+02  0.780058E+00  0.537788E+00  0.000000E+00  0.000000E+00  0.000000E+00  0.772427E+00
  0.765604E+02  0.733448E+00  0.505322E+00  0.000000E+00  0.000000E+00  0.000000E+00  0.726263E+00
  0.791553E+02  0.689606E+00  0.474783E+00  0.000000E+00  0.000000E+00  0.000000E+00  0.682840E+00
  0.818384E+02  0.648368E+00  0.446056E+00  0.000000E+00  0.000000E+00  0.000000E+00  0.641996E+00
  0.846122E+02  0.609581E+00  0.419035E+00  0.000000E+00  0.000000E+00  0.000000E+00  0.603580E+00
  0.874802E+02  0.573101E+00  0.393620E+00  0.000000E+00  0.000000E+00  0.000000E+00  0.567448E+00
  0.904453E+02  0.538790E+00  0.369715E+00  0.000000E+00  0.000000E+00  0.000000E+00  0.533465E+00
  0.935109E+02  0.506522E+00  0.347232E+00  0.000000E+00  0.000000E+00  0.000000E+00  0.501505E+00
  0.966806E+02  0.476173E+00  0.326085E+00  0.000000E+00  0.000000E+00  0.000000E+00  0.471446E+00
  0.999576E+02  0.447634E+00  0.306198E+00  0.000000E+00  0.000000E+00  0.000000E+00  0.443179E+00
  0.103346E+03  0.420795E+00  0.287494E+00  0.000000E+00  0.000000E+00  0.000000E+00  0.416596E+00
  0.106849E+03  0.395554E+00  0.269903E+00  0.000000E+00  0.000000E+00  0.000000E+00  0.391597E+00
  0.110470E+03  0.371820E+00  0.253362E+00  0.000000E+00  0.000000E+00  0.000000E+00  0.368089E+00
  0.114215E+03  0.349503E+00  0.237806E+00  0.000000E+00  0.000000E+00  0.000000E+00  0.345985E+00
  0.118086E+03  0.328517E+00  0.223178E+00  0.000000E+00  0.000000E+00  0.000000E+00  0.325199E+00
  0.122089E+03  0.308783E+00  0.209421E+00  0.000000E+00  0.000000E+00  0.000000E+00  0.305654E+00
  0.126227E+03  0.290229E+00  0.196486E+00  0.000000E+00  0.000000E+00  0.000000E+00  0.287277E+00
  0.130505E+03  0.272784E+00  0.184323E+00  0.000000E+00  0.000000E+00  0.000000E+00  0.269998E+00
  0.134928E+03  0.256382E+00  0.172887E+00  0.000000E+00  0.000000E+00  0.000000E+00  0.253752E+00
  0.139502E+03  0.240960E+00  0.162133E+00  0.000000E+00  0.000000E+00  0.000000E+00  0.238477E+00
  0.144230E+03  0.226461E+00  0.152022E+00  0.000000E+00  0.000000E+00  0.000000E+00  0.224117E+00
  0.149119E+03  0.212830E+00  0.142516E+00  0.000000E+00  0.000000E+00  0.000000E+00  0.210616E+00
  0.154173E+03  0.200016E+00  0.133579E+00  0.000000E+00  0.000000E+00  0.000000E+00  0.197923E+00
  0.159399E+03  0.187968E+00  0.125176E+00  0.000000E+00  0.000000E+00  0.000000E+00  0.185990E+00
  0.164802E+03  0.176643E+00  0.117276E+00  0.000000E+00  0.000000E+00  0.000000E+00  0.174773E+00
  0.170388E+03  0.165996E+00  0.109850E+00  0.000000E+00  0.000000E+00  0.000000E+00  0.164228E+00
  0.176164E+03  0.155988E+00  0.102868E+00  0.000000E+00  0.000000E+00  0.000000E+00  0.154315E+00
  0.182135E+03  0.146580E+00  0.963057E-01  0.000000E+00  0.000000E+00  0.000000E+00  0.144996E+00
  0.188308E+03  0.137737E+00  0.901368E-01  0.000000E+00  0.000000E+00  0.000000E+00  0.136237E+00
  0.194691E+03  0.129424E+00  0.843384E-01  0.000000E+00  0.000000E+00  0.000000E+00  0.128004E+00
  0.201290E+03  0.121611E+00  0.788880E-01  0.000000E+00  0.000000E+00  0.000000E+00  0.120265E+00
