  0.108800E-04  0.217266E+06  0.217266E+06  0.289686E+06  0.289686E+06  0.000000E+00  0.217266E+06
  0.112487E-04  0.217266E+06  0.217266E+06  0.289686E+06  0.289686E+06  0.000000E+00  0.217266E+06
  0.116300E-04  0.217266E+06  0.217265E+06  0.289686E+06  0.289686E+06  0.000000E+00  0.217266E+06
  0.120242E-04  0.217266E+06  0.217265E+06  0.289686E+06  0.289686E+06  0.000000E+00  0.217266E+06
  0.124318E-04  0.217266E+06  0.217265E+06  0.289686E+06  0.289686E+06  0.000000E+00  0.217265E+06
  0.128531E-04  0.217265E+06  0.217265E+06  0.289686E+06  0.289685E+06  0.000000E+00  0.217265E+06
  0.132888E-04  0.217265E+06  0.217265E+06  0.289686E+06  0.289685E+06  0.000000E+00  0.217265E+06
  0.137392E-04  0.217265E+06  0.217265E+06  0.289685E+06  0.289685E+06  0.000000E+00  0.217265E+06
  0.142049E-04  0.217265E+06  0.217265E+06  0.289685E+06  0.289685E+06  0.000000E+00  0.217265E+06
  0.146864E-04  0.217265E+06  0.217265E+06  0.289685E+06  0.289685E+06  0.000000E+00  0.217265E+06
  0.151842E-04  0.217265E+06  0.217265E+06  0.289685E+06  0.289685E+06  0.000000E+00  0.217265E+06
  0.156989E-04  0.217265E+06  0.217265E+06  0.289685E+06  0.289685E+06  0.000000E+00  0.217265E+06
  0.162310E-04  0.217265E+06  0.217265E+06  0.289685E+06  0.289684E+06  0.000000E+00  0.217265E+06
  0.167811E-04  0.217265E+06  0.217265E+06  0.289684E+06  0.289684E+06  0.000000E+00  0.217265E+06
  0.173499E-04  0.217265E+06  0.217265E+06  0.289684E+06  0.289684E+06  0.000000E+00  0.217265E+06
  0.179380E-04  0.217265E+06  0.217265E+06  0.289684E+06  0.289684E+06  0.000000E+00  0.217265E+06
  0.185460E-04  0.217265E+06  0.217265E+06  0.289684E+06  0.289683E+06  0.000000E+00  0.217265E+06
  0.191746E-04  0.217265E+06  0.217265E+06  0.289684E+06  0.289683E+06  0.000000E+00  0.217265E+06
  0.198246E-04  0.217265E+06  0.217265E+06  0.289683E+06  0.289683E+06  0.000000E+00  0.217265E+06
  0.204965E-04  0.217265E+06  0.217265E+06  0.289683E+06  0.289682E+06  0.000000E+00  0.217265E+06
  0.211913E-04  0.217265E+06  0.217265E+06  0.289683E+06  0.289682E+06  0.000000E+00  0.217265E+06
  0.219095E-04  0.217265E+06  0.217265E+06  0.289682E+06  0.289682E+06  0.000000E+00  0.217265E+06
  0.226522E-04  0.217265E+06  0.217265E+06  0.289682E+06  0.289681E+06  0.000000E+00  0.217265E+06
  0.234200E-04  0.217265E+06  0.217265E+06  0.289682E+06  0.289681E+06  0.000000E+00  0.217265E+06
  0.242138E-04  0.217265E+06  0.217265E+06  0.289681E+06  0.289681E+06  0.000000E+00  0.217265E+06
  0.250345E-04  0.217265E+06  0.217265E+06  0.289681E+06  0.289680E+06  0.000000E+00  0.217265E+06
  0.258831E-04  0.217265E+06  0.217265E+06  0.289680E+06  0.289680E+06  0.000000E+00  0.217265E+06
  0.267604E-04  0.217265E+06  0.217265E+06  0.289680E+06  0.289679E+06  0.000000E+00  0.217265E+06
  0.276674E-04  0.217265E+06  0.217265E+06  0.289679E+06  0.289678E+06  0.000000E+00  0.217265E+06
  0.286052E-04  0.217265E+06  0.217265E+06  0.289679E+06  0.289678E+06  0.000000E+00  0.217265E+06
  0.295748E-04  0.217265E+06  0.217265E+06  0.289678E+06  0.289677E+06  0.000000E+00  0.217265E+06
  0.305772E-04  0.217265E+06  0.217265E+06  0.289678E+06  0.289676E+06  0.000000E+00  0.217265E+06
  0.316136E-04  0.217265E+06  0.217265E+06  0.289677E+06  0.289676E+06  0.000000E+00  0.217265E+06
  0.326852E-04  0.217265E+06  0.217265E+06  0.289676E+06  0.289675E+06  0.000000E+00  0.217265E+06
  0.337931E-04  0.217265E+06  0.217265E+06  0.289675E+06  0.289674E+06  0.000000E+00  0.217265E+06
  0.349385E-04  0.217265E+06  0.217265E+06  0.289675E+06  0.289673E+06  0.000000E+00  0.217265E+06
  0.361227E-04  0.217265E+06  0.217265E+06  0.289674E+06  0.289672E+06  0.000000E+00  0.217265E+06
  0.373471E-04  0.217265E+06  0.217265E+06  0.289673E+06  0.289671E+06  0.000000E+00  0.217265E+06
  0.386130E-04  0.217265E+06  0.217265E+06  0.289672E+06  0.289670E+06  0.000000E+00  0.217265E+06
  0.399218E-04  0.217265E+06  0.217265E+06  0.289671E+06  0.289669E+06  0.000000E+00  0.217265E+06
  0.412749E-04  0.217265E+06  0.217265E+06  0.289670E+06  0.289667E+06  0.000000E+00  0.217265E+06
  0.426740E-04  0.217265E+06  0.217265E+06  0.289668E+06  0.289666E+06  0.000000E+00  0.217265E+06
  0.441204E-04  0.217265E+06  0.217264E+06  0.289667E+06  0.289665E+06  0.000000E+00  0.217265E+06
  0.456159E-04  0.217265E+06  0.217264E+06  0.289666E+06  0.289663E+06  0.000000E+00  0.217265E+06
  0.471620E-04  0.217264E+06  0.217264E+06  0.289664E+06  0.289661E+06  0.000000E+00  0.217264E+06
  0.487606E-04  0.217264E+06  0.217264E+06  0.289663E+06  0.289660E+06  0.000000E+00  0.217264E+06
  0.504133E-04  0.217264E+06  0.217264E+06  0.289661E+06  0.289658E+06  0.000000E+00  0.217264E+06
  0.521221E-04  0.217264E+06  0.217264E+06  0.289659E+06  0.289656E+06  0.000000E+00  0.217264E+06
  0.538888E-04  0.217264E+06  0.217264E+06  0.289657E+06  0.289653E+06  0.000000E+00  0.217264E+06
  0.557153E-04  0.217264E+06  0.217264E+06  0.289655E+06  0.289651E+06  0.000000E+00  0.217264E+06
  0.576038E-04  0.217264E+06  0.217264E+06  0.289653E+06  0.289648E+06  0.000000E+00  0.217264E+06
  0.595563E-04  0.217264E+06  0.217264E+06  0.289650E+06  0.289646E+06  0.000000E+00  0.217264E+06
  0.615750E-04  0.217264E+06  0.217263E+06  0.289648E+06  0.289643E+06  0.000000E+00  0.217264E+06
  0.636621E-04  0.217264E+06  0.217263E+06  0.289645E+06  0.289640E+06  0.000000E+00  0.217264E+06
  0.658199E-04  0.217264E+06  0.217263E+06  0.289642E+06  0.289637E+06  0.000000E+00  0.217263E+06
  0.680509E-04  0.217263E+06  0.217263E+06  0.289639E+06  0.289633E+06  0.000000E+00  0.217263E+06
  0.703575E-04  0.217263E+06  0.217263E+06  0.289636E+06  0.289629E+06  0.000000E+00  0.217263E+06
  0.727422E-04  0.217263E+06  0.217263E+06  0.289632E+06  0.289625E+06  0.000000E+00  0.217263E+06
  0.752079E-04  0.217263E+06  0.217262E+06  0.289628E+06  0.289621E+06  0.000000E+00  0.217263E+06
  0.777570E-04  0.217263E+06  0.217262E+06  0.289624E+06  0.289616E+06  0.000000E+00  0.217263E+06
  0.803926E-04  0.217262E+06  0.217262E+06  0.289620E+06  0.289612E+06  0.000000E+00  0.217262E+06
  0.831175E-04  0.217262E+06  0.217262E+06  0.289615E+06  0.289606E+06  0.000000E+00  0.217262E+06
  0.859348E-04  0.217262E+06  0.217262E+06  0.289610E+06  0.289601E+06  0.000000E+00  0.217262E+06
  0.888476E-04  0.217262E+06  0.217261E+06  0.289605E+06  0.289595E+06  0.000000E+00  0.217262E+06
  0.918591E-04  0.217262E+06  0.217261E+06  0.289599E+06  0.289588E+06  0.000000E+00  0.217261E+06
  0.949726E-04  0.217261E+06  0.217261E+06  0.289593E+06  0.289582E+06  0.000000E+00  0.217261E+06
  0.981917E-04  0.217261E+06  0.217260E+06  0.289587E+06  0.289574E+06  0.000000E+00  0.217261E+06
  0.101520E-03  0.217261E+06  0.217260E+06  0.289580E+06  0.289567E+06  0.000000E+00  0.217261E+06
  0.104961E-03  0.217260E+06  0.217260E+06  0.289572E+06  0.289558E+06  0.000000E+00  0.217260E+06
  0.108519E-03  0.217260E+06  0.217259E+06  0.289564E+06  0.289549E+06  0.000000E+00  0.217260E+06
  0.112197E-03  0.217260E+06  0.217259E+06  0.289556E+06  0.289540E+06  0.000000E+00  0.217259E+06
  0.116000E-03  0.217259E+06  0.217258E+06  0.289547E+06  0.289530E+06  0.000000E+00  0.217259E+06
  0.119932E-03  0.217259E+06  0.217258E+06  0.289537E+06  0.289519E+06  0.000000E+00  0.217259E+06
  0.123997E-03  0.217258E+06  0.217257E+06  0.289527E+06  0.289507E+06  0.000000E+00  0.217258E+06
  0.128200E-03  0.217258E+06  0.217257E+06  0.289515E+06  0.289495E+06  0.000000E+00  0.217258E+06
  0.132545E-03  0.217257E+06  0.217256E+06  0.289504E+06  0.289481E+06  0.000000E+00  0.217257E+06
  0.137038E-03  0.217257E+06  0.217255E+06  0.289491E+06  0.289467E+06  0.000000E+00  0.217256E+06
  0.141683E-03  0.217256E+06  0.217255E+06  0.289477E+06  0.289452E+06  0.000000E+00  0.217256E+06
  0.146485E-03  0.217255E+06  0.217254E+06  0.289463E+06  0.289436E+06  0.000000E+00  0.217255E+06
  0.151450E-03  0.217255E+06  0.217253E+06  0.289447E+06  0.289418E+06  0.000000E+00  0.217254E+06
  0.156583E-03  0.217254E+06  0.217252E+06  0.289431E+06  0.289400E+06  0.000000E+00  0.217254E+06
  0.161891E-03  0.217253E+06  0.217251E+06  0.289413E+06  0.289380E+06  0.000000E+00  0.217253E+06
  0.167378E-03  0.217252E+06  0.217250E+06  0.289394E+06  0.289359E+06  0.000000E+00  0.217252E+06
  0.173051E-03  0.217251E+06  0.217249E+06  0.289374E+06  0.289336E+06  0.000000E+00  0.217251E+06
  0.178917E-03  0.217250E+06  0.217248E+06  0.289353E+06  0.289312E+06  0.000000E+00  0.217250E+06
  0.184981E-03  0.217249E+06  0.217247E+06  0.289330E+06  0.289286E+06  0.000000E+00  0.217249E+06
  0.191251E-03  0.217248E+06  0.217245E+06  0.289305E+06  0.289259E+06  0.000000E+00  0.217248E+06
  0.197734E-03  0.217247E+06  0.217244E+06  0.289278E+06  0.289229E+06  0.000000E+00  0.217246E+06
  0.204436E-03  0.217246E+06  0.217243E+06  0.289250E+06  0.289197E+06  0.000000E+00  0.217245E+06
  0.211366E-03  0.217244E+06  0.217241E+06  0.289220E+06  0.289164E+06  0.000000E+00  0.217244E+06
  0.218530E-03  0.217243E+06  0.217239E+06  0.289188E+06  0.289128E+06  0.000000E+00  0.217242E+06
  0.225937E-03  0.217241E+06  0.217237E+06  0.289154E+06  0.289089E+06  0.000000E+00  0.217241E+06
  0.233595E-03  0.217240E+06  0.217236E+06  0.289117E+06  0.289048E+06  0.000000E+00  0.217239E+06
  0.241513E-03  0.217238E+06  0.217233E+06  0.289078E+06  0.289004E+06  0.000000E+00  0.217237E+06
  0.249699E-03  0.217236E+06  0.217231E+06  0.289036E+06  0.288957E+06  0.000000E+00  0.217235E+06
  0.258162E-03  0.217234E+06  0.217229E+06  0.288991E+06  0.288906E+06  0.000000E+00  0.217233E+06
  0.266913E-03  0.217232E+06  0.217226E+06  0.288943E+06  0.288853E+06  0.000000E+00  0.217231E+06
  0.275960E-03  0.217229E+06  0.217224E+06  0.288891E+06  0.288795E+06  0.000000E+00  0.217228E+06
  0.285314E-03  0.217227E+06  0.217221E+06  0.288837E+06  0.288734E+06  0.000000E+00  0.217226E+06
  0.294984E-03  0.217224E+06  0.217218E+06  0.288778E+06  0.288668E+06  0.000000E+00  0.217223E+06
  0.304983E-03  0.217221E+06  0.217214E+06  0.288715E+06  0.288598E+06  0.000000E+00  0.217220E+06
  0.315320E-03  0.217218E+06  0.217211E+06  0.288649E+06  0.288523E+06  0.000000E+00  0.217217E+06
  0.326008E-03  0.217215E+06  0.217207E+06  0.288577E+06  0.288443E+06  0.000000E+00  0.217214E+06
  0.337058E-03  0.217211E+06  0.217203E+06  0.288501E+06  0.288357E+06  0.000000E+00  0.217210E+06
  0.348483E-03  0.217208E+06  0.217199E+06  0.288419E+06  0.288266E+06  0.000000E+00  0.217206E+06
  0.360295E-03  0.217204E+06  0.217194E+06  0.288332E+06  0.288168E+06  0.000000E+00  0.217202E+06
  0.372507E-03  0.217200E+06  0.217189E+06  0.288238E+06  0.288064E+06  0.000000E+00  0.217198E+06
  0.385133E-03  0.217195E+06  0.217184E+06  0.288139E+06  0.287952E+06  0.000000E+00  0.217193E+06
  0.398187E-03  0.217190E+06  0.217178E+06  0.288032E+06  0.287833E+06  0.000000E+00  0.217188E+06
  0.411684E-03  0.217185E+06  0.217172E+06  0.287918E+06  0.287705E+06  0.000000E+00  0.217183E+06
  0.425638E-03  0.217179E+06  0.217166E+06  0.287797E+06  0.287569E+06  0.000000E+00  0.217177E+06
  0.440065E-03  0.217173E+06  0.217159E+06  0.287667E+06  0.287424E+06  0.000000E+00  0.217171E+06
  0.454981E-03  0.217167E+06  0.217152E+06  0.287528E+06  0.287268E+06  0.000000E+00  0.217165E+06
  0.470403E-03  0.217160E+06  0.217144E+06  0.287380E+06  0.287102E+06  0.000000E+00  0.217158E+06
  0.486347E-03  0.217153E+06  0.217135E+06  0.287221E+06  0.286924E+06  0.000000E+00  0.217150E+06
  0.502832E-03  0.217145E+06  0.217126E+06  0.287052E+06  0.286735E+06  0.000000E+00  0.217142E+06
  0.519875E-03  0.217137E+06  0.217117E+06  0.286871E+06  0.286532E+06  0.000000E+00  0.217134E+06
  0.537497E-03  0.217128E+06  0.217107E+06  0.286678E+06  0.286316E+06  0.000000E+00  0.217125E+06
  0.555715E-03  0.217119E+06  0.217096E+06  0.286471E+06  0.286085E+06  0.000000E+00  0.217115E+06
  0.574551E-03  0.217109E+06  0.217084E+06  0.286251E+06  0.285838E+06  0.000000E+00  0.217105E+06
  0.594026E-03  0.217098E+06  0.217072E+06  0.286015E+06  0.285574E+06  0.000000E+00  0.217094E+06
  0.614160E-03  0.217086E+06  0.217058E+06  0.285763E+06  0.285293E+06  0.000000E+00  0.217082E+06
  0.634977E-03  0.217074E+06  0.217044E+06  0.285494E+06  0.284992E+06  0.000000E+00  0.217069E+06
  0.656500E-03  0.217061E+06  0.217029E+06  0.285207E+06  0.284671E+06  0.000000E+00  0.217056E+06
  0.678752E-03  0.217047E+06  0.217012E+06  0.284901E+06  0.284328E+06  0.000000E+00  0.217041E+06
  0.701758E-03  0.217032E+06  0.216995E+06  0.284573E+06  0.283962E+06  0.000000E+00  0.217026E+06
  0.725544E-03  0.217015E+06  0.216976E+06  0.284224E+06  0.283571E+06  0.000000E+00  0.217009E+06
  0.750137E-03  0.216998E+06  0.216956E+06  0.283850E+06  0.283153E+06  0.000000E+00  0.216992E+06
  0.775563E-03  0.216980E+06  0.216935E+06  0.283452E+06  0.282708E+06  0.000000E+00  0.216973E+06
  0.801851E-03  0.216960E+06  0.216912E+06  0.283026E+06  0.282232E+06  0.000000E+00  0.216953E+06
  0.829029E-03  0.216939E+06  0.216888E+06  0.282572E+06  0.281725E+06  0.000000E+00  0.216931E+06
  0.857129E-03  0.216917E+06  0.216862E+06  0.282087E+06  0.281183E+06  0.000000E+00  0.216908E+06
  0.886182E-03  0.216893E+06  0.216834E+06  0.281569E+06  0.280605E+06  0.000000E+00  0.216884E+06
  0.916219E-03  0.216867E+06  0.216805E+06  0.281017E+06  0.279989E+06  0.000000E+00  0.216858E+06
  0.947274E-03  0.216840E+06  0.216773E+06  0.280427E+06  0.279331E+06  0.000000E+00  0.216830E+06
  0.979383E-03  0.216811E+06  0.216739E+06  0.279798E+06  0.278630E+06  0.000000E+00  0.216800E+06
  0.101258E-02  0.216780E+06  0.216703E+06  0.279128E+06  0.277882E+06  0.000000E+00  0.216768E+06
  0.104690E-02  0.216746E+06  0.216665E+06  0.278412E+06  0.277084E+06  0.000000E+00  0.216734E+06
  0.108239E-02  0.216711E+06  0.216623E+06  0.277649E+06  0.276234E+06  0.000000E+00  0.216697E+06
  0.111907E-02  0.216672E+06  0.216579E+06  0.276835E+06  0.275327E+06  0.000000E+00  0.216658E+06
  0.115700E-02  0.216632E+06  0.216532E+06  0.275968E+06  0.274361E+06  0.000000E+00  0.216617E+06
  0.119622E-02  0.216588E+06  0.216482E+06  0.275043E+06  0.273332E+06  0.000000E+00  0.216572E+06
  0.123677E-02  0.216542E+06  0.216428E+06  0.274057E+06  0.272236E+06  0.000000E+00  0.216525E+06
  0.127869E-02  0.216493E+06  0.216371E+06  0.273007E+06  0.271069E+06  0.000000E+00  0.216474E+06
  0.132203E-02  0.216440E+06  0.216310E+06  0.271888E+06  0.269826E+06  0.000000E+00  0.216420E+06
  0.136684E-02  0.216383E+06  0.216245E+06  0.270697E+06  0.268503E+06  0.000000E+00  0.216362E+06
  0.141317E-02  0.216323E+06  0.216175E+06  0.269428E+06  0.267096E+06  0.000000E+00  0.216300E+06
  0.146107E-02  0.216259E+06  0.216100E+06  0.268078E+06  0.265598E+06  0.000000E+00  0.216234E+06
  0.151059E-02  0.216190E+06  0.216021E+06  0.266641E+06  0.264006E+06  0.000000E+00  0.216164E+06
  0.156179E-02  0.216117E+06  0.215936E+06  0.265112E+06  0.262314E+06  0.000000E+00  0.216089E+06
  0.161473E-02  0.216038E+06  0.215845E+06  0.263487E+06  0.260516E+06  0.000000E+00  0.216009E+06
  0.166946E-02  0.215955E+06  0.215748E+06  0.261758E+06  0.258607E+06  0.000000E+00  0.215923E+06
  0.172605E-02  0.215866E+06  0.215645E+06  0.259922E+06  0.256579E+06  0.000000E+00  0.215832E+06
  0.178455E-02  0.215771E+06  0.215534E+06  0.257971E+06  0.254428E+06  0.000000E+00  0.215734E+06
  0.184504E-02  0.215669E+06  0.215417E+06  0.255900E+06  0.252147E+06  0.000000E+00  0.215630E+06
  0.190758E-02  0.215561E+06  0.215291E+06  0.253702E+06  0.249729E+06  0.000000E+00  0.215519E+06
  0.197223E-02  0.215445E+06  0.215157E+06  0.251370E+06  0.247167E+06  0.000000E+00  0.215401E+06
  0.203908E-02  0.215322E+06  0.215014E+06  0.248898E+06  0.244455E+06  0.000000E+00  0.215275E+06
  0.210820E-02  0.215191E+06  0.214862E+06  0.246279E+06  0.241587E+06  0.000000E+00  0.215140E+06
  0.217966E-02  0.215051E+06  0.214699E+06  0.243506E+06  0.238554E+06  0.000000E+00  0.214997E+06
  0.225354E-02  0.214902E+06  0.214526E+06  0.240571E+06  0.235350E+06  0.000000E+00  0.214844E+06
  0.232992E-02  0.214743E+06  0.214341E+06  0.237468E+06  0.231969E+06  0.000000E+00  0.214681E+06
  0.240889E-02  0.214573E+06  0.214144E+06  0.234190E+06  0.228403E+06  0.000000E+00  0.214507E+06
  0.249054E-02  0.214393E+06  0.213934E+06  0.230728E+06  0.224647E+06  0.000000E+00  0.214322E+06
  0.257496E-02  0.214201E+06  0.213711E+06  0.227077E+06  0.220694E+06  0.000000E+00  0.214125E+06
  0.266224E-02  0.213996E+06  0.213473E+06  0.223230E+06  0.216539E+06  0.000000E+00  0.213915E+06
  0.275248E-02  0.213778E+06  0.213219E+06  0.219180E+06  0.212176E+06  0.000000E+00  0.213692E+06
  0.284577E-02  0.213546E+06  0.212949E+06  0.214921E+06  0.207601E+06  0.000000E+00  0.213454E+06
  0.294223E-02  0.213300E+06  0.212662E+06  0.210448E+06  0.202810E+06  0.000000E+00  0.213201E+06
  0.304196E-02  0.213037E+06  0.212356E+06  0.205756E+06  0.197801E+06  0.000000E+00  0.212932E+06
  0.314506E-02  0.212758E+06  0.212030E+06  0.200841E+06  0.192572E+06  0.000000E+00  0.212646E+06
  0.325166E-02  0.212462E+06  0.211684E+06  0.195699E+06  0.187123E+06  0.000000E+00  0.212342E+06
  0.336188E-02  0.212147E+06  0.211316E+06  0.190330E+06  0.181455E+06  0.000000E+00  0.212019E+06
  0.347583E-02  0.211813E+06  0.210926E+06  0.184732E+06  0.175571E+06  0.000000E+00  0.211676E+06
  0.359365E-02  0.211458E+06  0.210510E+06  0.178906E+06  0.169476E+06  0.000000E+00  0.211312E+06
  0.371545E-02  0.211081E+06  0.210069E+06  0.172856E+06  0.163177E+06  0.000000E+00  0.210925E+06
  0.384139E-02  0.210682E+06  0.209601E+06  0.166586E+06  0.156684E+06  0.000000E+00  0.210515E+06
  0.397159E-02  0.210259E+06  0.209105E+06  0.160102E+06  0.150009E+06  0.000000E+00  0.210081E+06
  0.410621E-02  0.209810E+06  0.208578E+06  0.153415E+06  0.143166E+06  0.000000E+00  0.209620E+06
  0.424539E-02  0.209335E+06  0.208020E+06  0.146537E+06  0.136175E+06  0.000000E+00  0.209132E+06
  0.438929E-02  0.208833E+06  0.207429E+06  0.139483E+06  0.129057E+06  0.000000E+00  0.208616E+06
  0.453806E-02  0.208301E+06  0.206802E+06  0.132272E+06  0.121836E+06  0.000000E+00  0.208070E+06
  0.469188E-02  0.207740E+06  0.206140E+06  0.124926E+06  0.114541E+06  0.000000E+00  0.207493E+06
  0.485091E-02  0.207147E+06  0.205439E+06  0.117471E+06  0.107203E+06  0.000000E+00  0.206883E+06
  0.501534E-02  0.206521E+06  0.204699E+06  0.109936E+06  0.998594E+05  0.000000E+00  0.206240E+06
  0.518533E-02  0.205861E+06  0.203917E+06  0.102355E+06  0.925478E+05  0.000000E+00  0.205561E+06
  0.536109E-02  0.205166E+06  0.203091E+06  0.947642E+05  0.853105E+05  0.000000E+00  0.204846E+06
  0.554280E-02  0.204434E+06  0.202221E+06  0.872062E+05  0.781925E+05  0.000000E+00  0.204092E+06
  0.573068E-02  0.203664E+06  0.201304E+06  0.797253E+05  0.712407E+05  0.000000E+00  0.203300E+06
  0.592492E-02  0.202855E+06  0.200338E+06  0.723696E+05  0.645039E+05  0.000000E+00  0.202466E+06
  0.612574E-02  0.202006E+06  0.199322E+06  0.651900E+05  0.580314E+05  0.000000E+00  0.201591E+06
  0.633338E-02  0.201115E+06  0.198254E+06  0.582392E+05  0.518720E+05  0.000000E+00  0.200673E+06
  0.654805E-02  0.200182E+06  0.197132E+06  0.515718E+05  0.460731E+05  0.000000E+00  0.199711E+06
  0.677000E-02  0.199206E+06  0.195955E+06  0.452418E+05  0.406789E+05  0.000000E+00  0.198704E+06
  0.699947E-02  0.198185E+06  0.194721E+06  0.393025E+05  0.357289E+05  0.000000E+00  0.197650E+06
  0.723671E-02  0.197119E+06  0.193429E+06  0.338043E+05  0.312563E+05  0.000000E+00  0.196550E+06
  0.748200E-02  0.196007E+06  0.192077E+06  0.287934E+05  0.272862E+05  0.000000E+00  0.195401E+06
  0.773561E-02  0.194849E+06  0.190664E+06  0.243096E+05  0.238338E+05  0.000000E+00  0.194203E+06
  0.799781E-02  0.193645E+06  0.189189E+06  0.203843E+05  0.209032E+05  0.000000E+00  0.192957E+06
  0.826889E-02  0.192392E+06  0.187650E+06  0.170390E+05  0.184855E+05  0.000000E+00  0.191660E+06
  0.854917E-02  0.191093E+06  0.186046E+06  0.142827E+05  0.165582E+05  0.000000E+00  0.190314E+06
  0.883894E-02  0.189745E+06  0.184377E+06  0.121105E+05  0.150849E+05  0.000000E+00  0.188917E+06
  0.913854E-02  0.188350E+06  0.182641E+06  0.105018E+05  0.140155E+05  0.000000E+00  0.187469E+06
  0.944829E-02  0.186907E+06  0.180837E+06  0.942008E+04  0.132871E+05  0.000000E+00  0.185970E+06
  0.976854E-02  0.185416E+06  0.178965E+06  0.881180E+04  0.128267E+05  0.000000E+00  0.184420E+06
  0.100996E-01  0.183877E+06  0.177024E+06  0.860775E+04  0.125538E+05  0.000000E+00  0.182820E+06
  0.104420E-01  0.182291E+06  0.175013E+06  0.872445E+04  0.123849E+05  0.000000E+00  0.181168E+06
  0.107959E-01  0.180658E+06  0.172932E+06  0.906719E+04  0.122382E+05  0.000000E+00  0.179465E+06
  0.111618E-01  0.178977E+06  0.170779E+06  0.953415E+04  0.120394E+05  0.000000E+00  0.177712E+06
  0.115402E-01  0.177249E+06  0.168553E+06  0.100218E+05  0.117272E+05  0.000000E+00  0.175907E+06
  0.119313E-01  0.175474E+06  0.166256E+06  0.104313E+05  0.112587E+05  0.000000E+00  0.174051E+06
  0.123357E-01  0.173652E+06  0.163884E+06  0.106756E+05  0.106139E+05  0.000000E+00  0.172145E+06
  0.127539E-01  0.171784E+06  0.161438E+06  0.106868E+05  0.979798E+04  0.000000E+00  0.170187E+06
  0.131862E-01  0.169868E+06  0.158918E+06  0.104225E+05  0.884138E+04  0.000000E+00  0.168178E+06
  0.136331E-01  0.167905E+06  0.156321E+06  0.987141E+04  0.779704E+04  0.000000E+00  0.166118E+06
  0.140952E-01  0.165895E+06  0.153649E+06  0.905639E+04  0.673415E+04  0.000000E+00  0.164005E+06
  0.145730E-01  0.163838E+06  0.150900E+06  0.803384E+04  0.572906E+04  0.000000E+00  0.161841E+06
  0.150669E-01  0.161733E+06  0.148074E+06  0.688965E+04  0.485403E+04  0.000000E+00  0.159625E+06
  0.155776E-01  0.159581E+06  0.145172E+06  0.573064E+04  0.416535E+04  0.000000E+00  0.157357E+06
  0.161056E-01  0.157381E+06  0.142193E+06  0.467193E+04  0.369269E+04  0.000000E+00  0.155037E+06
  0.166515E-01  0.155134E+06  0.139139E+06  0.382134E+04  0.343211E+04  0.000000E+00  0.152665E+06
  0.172159E-01  0.152839E+06  0.136009E+06  0.326255E+04  0.334483E+04  0.000000E+00  0.150242E+06
  0.177994E-01  0.150498E+06  0.132807E+06  0.000000E+00  0.000000E+00  0.000000E+00  0.147768E+06
  0.184028E-01  0.148110E+06  0.129533E+06  0.000000E+00  0.000000E+00  0.000000E+00  0.145243E+06
  0.190265E-01  0.145677E+06  0.126192E+06  0.000000E+00  0.000000E+00  0.000000E+00  0.142670E+06
  0.196714E-01  0.143199E+06  0.122786E+06  0.000000E+00  0.000000E+00  0.000000E+00  0.140049E+06
  0.203382E-01  0.140678E+06  0.119320E+06  0.000000E+00  0.000000E+00  0.000000E+00  0.137382E+06
  0.210276E-01  0.138115E+06  0.115798E+06  0.000000E+00  0.000000E+00  0.000000E+00  0.134671E+06
  0.217403E-01  0.135512E+06  0.112227E+06  0.000000E+00  0.000000E+00  0.000000E+00  0.131918E+06
  0.224772E-01  0.132869E+06  0.108612E+06  0.000000E+00  0.000000E+00  0.000000E+00  0.129125E+06
  0.232390E-01  0.130190E+06  0.104961E+06  0.000000E+00  0.000000E+00  0.000000E+00  0.126296E+06
  0.240267E-01  0.127476E+06  0.101284E+06  0.000000E+00  0.000000E+00  0.000000E+00  0.123434E+06
  0.248411E-01  0.124730E+06  0.975897E+05  0.000000E+00  0.000000E+00  0.000000E+00  0.120542E+06
  0.256831E-01  0.121956E+06  0.938892E+05  0.000000E+00  0.000000E+00  0.000000E+00  0.117624E+06
  0.265537E-01  0.119156E+06  0.901946E+05  0.000000E+00  0.000000E+00  0.000000E+00  0.114687E+06
  0.274537E-01  0.116335E+06  0.865197E+05  0.000000E+00  0.000000E+00  0.000000E+00  0.111734E+06
  0.283842E-01  0.113497E+06  0.828788E+05  0.000000E+00  0.000000E+00  0.000000E+00  0.108771E+06
  0.293463E-01  0.110646E+06  0.792880E+05  0.000000E+00  0.000000E+00  0.000000E+00  0.105806E+06
  0.303410E-01  0.107788E+06  0.757641E+05  0.000000E+00  0.000000E+00  0.000000E+00  0.102846E+06
  0.313694E-01  0.104929E+06  0.723250E+05  0.000000E+00  0.000000E+00  0.000000E+00  0.998969E+05
  0.324327E-01  0.102074E+06  0.689895E+05  0.000000E+00  0.000000E+00  0.000000E+00  0.969682E+05
  0.335320E-01  0.992312E+05  0.657769E+05  0.000000E+00  0.000000E+00  0.000000E+00  0.940682E+05
  0.346686E-01  0.964070E+05  0.627068E+05  0.000000E+00  0.000000E+00  0.000000E+00  0.912061E+05
  0.358437E-01  0.936087E+05  0.597986E+05  0.000000E+00  0.000000E+00  0.000000E+00  0.883908E+05
  0.370586E-01  0.908441E+05  0.570712E+05  0.000000E+00  0.000000E+00  0.000000E+00  0.856319E+05
  0.383147E-01  0.881081E+05  0.545293E+05  0.000000E+00  0.000000E+00  0.000000E+00  0.829258E+05
  0.396134E-01  0.854129E+05  0.521933E+05  0.000000E+00  0.000000E+00  0.000000E+00  0.802861E+05
  0.409561E-01  0.827739E+05  0.500849E+05  0.000000E+00  0.000000E+00  0.000000E+00  0.777290E+05
  0.423443E-01  0.802001E+05  0.482165E+05  0.000000E+00  0.000000E+00  0.000000E+00  0.752641E+05
  0.437796E-01  0.776992E+05  0.465957E+05  0.000000E+00  0.000000E+00  0.000000E+00  0.728990E+05
  0.452635E-01  0.752771E+05  0.452243E+05  0.000000E+00  0.000000E+00  0.000000E+00  0.706390E+05
  0.467977E-01  0.729371E+05  0.440971E+05  0.000000E+00  0.000000E+00  0.000000E+00  0.684862E+05
  0.483839E-01  0.706804E+05  0.432016E+05  0.000000E+00  0.000000E+00  0.000000E+00  0.664396E+05
  0.500239E-01  0.685058E+05  0.425180E+05  0.000000E+00  0.000000E+00  0.000000E+00  0.644951E+05
  0.517194E-01  0.664106E+05  0.420189E+05  0.000000E+00  0.000000E+00  0.000000E+00  0.626462E+05
  0.534725E-01  0.643905E+05  0.416707E+05  0.000000E+00  0.000000E+00  0.000000E+00  0.608841E+05
  0.552850E-01  0.624413E+05  0.414340E+05  0.000000E+00  0.000000E+00  0.000000E+00  0.591992E+05
  0.571588E-01  0.605600E+05  0.412668E+05  0.000000E+00  0.000000E+00  0.000000E+00  0.575825E+05
  0.590963E-01  0.587496E+05  0.411297E+05  0.000000E+00  0.000000E+00  0.000000E+00  0.560303E+05
  0.610993E-01  0.570406E+05  0.410111E+05  0.000000E+00  0.000000E+00  0.000000E+00  0.545667E+05
  0.631703E-01  0.553389E+05  0.407689E+05  0.000000E+00  0.000000E+00  0.000000E+00  0.530903E+05
  0.653114E-01  0.536704E+05  0.403887E+05  0.000000E+00  0.000000E+00  0.000000E+00  0.516206E+05
  0.675252E-01  0.520232E+05  0.398217E+05  0.000000E+00  0.000000E+00  0.000000E+00  0.501401E+05
  0.698139E-01  0.503860E+05  0.390272E+05  0.000000E+00  0.000000E+00  0.000000E+00  0.486330E+05
  0.721803E-01  0.487483E+05  0.379768E+05  0.000000E+00  0.000000E+00  0.000000E+00  0.470859E+05
  0.746268E-01  0.471029E+05  0.366581E+05  0.000000E+00  0.000000E+00  0.000000E+00  0.454910E+05
  0.771564E-01  0.454464E+05  0.350787E+05  0.000000E+00  0.000000E+00  0.000000E+00  0.438464E+05
  0.797716E-01  0.437799E+05  0.332677E+05  0.000000E+00  0.000000E+00  0.000000E+00  0.421576E+05
  0.824755E-01  0.421088E+05  0.312754E+05  0.000000E+00  0.000000E+00  0.000000E+00  0.404369E+05
  0.852709E-01  0.404418E+05  0.291715E+05  0.000000E+00  0.000000E+00  0.000000E+00  0.387025E+05
  0.881612E-01  0.387901E+05  0.270399E+05  0.000000E+00  0.000000E+00  0.000000E+00  0.369767E+05
  0.911495E-01  0.371669E+05  0.249740E+05  0.000000E+00  0.000000E+00  0.000000E+00  0.352852E+05
  0.942390E-01  0.355877E+05  0.230693E+05  0.000000E+00  0.000000E+00  0.000000E+00  0.336557E+05
  0.974333E-01  0.340697E+05  0.214147E+05  0.000000E+00  0.000000E+00  0.000000E+00  0.321167E+05
  0.100736E+00  0.326307E+05  0.200824E+05  0.000000E+00  0.000000E+00  0.000000E+00  0.306941E+05
  0.104150E+00  0.312849E+05  0.191156E+05  0.000000E+00  0.000000E+00  0.000000E+00  0.294068E+05
  0.107680E+00  0.300396E+05  0.185184E+05  0.000000E+00  0.000000E+00  0.000000E+00  0.282615E+05
  0.111330E+00  0.288926E+05  0.182500E+05  0.000000E+00  0.000000E+00  0.000000E+00  0.272501E+05
  0.115104E+00  0.278338E+05  0.182279E+05  0.000000E+00  0.000000E+00  0.000000E+00  0.263513E+05
  0.119005E+00  0.268471E+05  0.183367E+05  0.000000E+00  0.000000E+00  0.000000E+00  0.255337E+05
  0.123039E+00  0.259118E+05  0.184428E+05  0.000000E+00  0.000000E+00  0.000000E+00  0.247591E+05
  0.127209E+00  0.250019E+05  0.184107E+05  0.000000E+00  0.000000E+00  0.000000E+00  0.239847E+05
  0.131521E+00  0.240887E+05  0.181249E+05  0.000000E+00  0.000000E+00  0.000000E+00  0.231683E+05
  0.135979E+00  0.231491E+05  0.175171E+05  0.000000E+00  0.000000E+00  0.000000E+00  0.222799E+05
  0.140588E+00  0.221766E+05  0.165888E+05  0.000000E+00  0.000000E+00  0.000000E+00  0.213142E+05
  0.145353E+00  0.211833E+05  0.154170E+05  0.000000E+00  0.000000E+00  0.000000E+00  0.202934E+05
  0.150280E+00  0.201916E+05  0.141343E+05  0.000000E+00  0.000000E+00  0.000000E+00  0.192568E+05
  0.155374E+00  0.192242E+05  0.128976E+05  0.000000E+00  0.000000E+00  0.000000E+00  0.182478E+05
  0.160640E+00  0.183039E+05  0.118557E+05  0.000000E+00  0.000000E+00  0.000000E+00  0.173087E+05
  0.166085E+00  0.174559E+05  0.111190E+05  0.000000E+00  0.000000E+00  0.000000E+00  0.164779E+05
  0.171715E+00  0.166970E+05  0.107226E+05  0.000000E+00  0.000000E+00  0.000000E+00  0.157750E+05
  0.177535E+00  0.160209E+05  0.106034E+05  0.000000E+00  0.000000E+00  0.000000E+00  0.151849E+05
  0.183553E+00  0.154006E+05  0.106170E+05  0.000000E+00  0.000000E+00  0.000000E+00  0.146624E+05
  0.189774E+00  0.148048E+05  0.105909E+05  0.000000E+00  0.000000E+00  0.000000E+00  0.141545E+05
  0.196206E+00  0.142073E+05  0.103824E+05  0.000000E+00  0.000000E+00  0.000000E+00  0.136170E+05
  0.202857E+00  0.135896E+05  0.992408E+04  0.000000E+00  0.000000E+00  0.000000E+00  0.130239E+05
  0.209733E+00  0.129504E+05  0.925321E+04  0.000000E+00  0.000000E+00  0.000000E+00  0.123798E+05
  0.216842E+00  0.123093E+05  0.850028E+04  0.000000E+00  0.000000E+00  0.000000E+00  0.117214E+05
  0.224192E+00  0.116952E+05  0.782867E+04  0.000000E+00  0.000000E+00  0.000000E+00  0.110985E+05
  0.231791E+00  0.111333E+05  0.735993E+04  0.000000E+00  0.000000E+00  0.000000E+00  0.105510E+05
  0.239647E+00  0.106339E+05  0.711673E+04  0.000000E+00  0.000000E+00  0.000000E+00  0.100911E+05
  0.247770E+00  0.101834E+05  0.701045E+04  0.000000E+00  0.000000E+00  0.000000E+00  0.969372E+04
  0.256168E+00  0.975382E+04  0.689441E+04  0.000000E+00  0.000000E+00  0.000000E+00  0.931252E+04
  0.264851E+00  0.932153E+04  0.665357E+04  0.000000E+00  0.000000E+00  0.000000E+00  0.890978E+04
  0.273828E+00  0.887865E+04  0.626925E+04  0.000000E+00  0.000000E+00  0.000000E+00  0.847594E+04
  0.283110E+00  0.843558E+04  0.582328E+04  0.000000E+00  0.000000E+00  0.000000E+00  0.803242E+04
  0.292706E+00  0.801536E+04  0.543772E+04  0.000000E+00  0.000000E+00  0.000000E+00  0.761755E+04
  0.302627E+00  0.763319E+04  0.518156E+04  0.000000E+00  0.000000E+00  0.000000E+00  0.725483E+04
  0.312884E+00  0.728521E+04  0.502391E+04  0.000000E+00  0.000000E+00  0.000000E+00  0.693622E+04
  0.323490E+00  0.695608E+04  0.487228E+04  0.000000E+00  0.000000E+00  0.000000E+00  0.663448E+04
  0.334454E+00  0.662841E+04  0.465266E+04  0.000000E+00  0.000000E+00  0.000000E+00  0.632349E+04
  0.345791E+00  0.630107E+04  0.437494E+04  0.000000E+00  0.000000E+00  0.000000E+00  0.600381E+04
  0.357512E+00  0.598598E+04  0.410960E+04  0.000000E+00  0.000000E+00  0.000000E+00  0.569640E+04
  0.369629E+00  0.569424E+04  0.390938E+04  0.000000E+00  0.000000E+00  0.000000E+00  0.541878E+04
  0.382158E+00  0.542405E+04  0.375784E+04  0.000000E+00  0.000000E+00  0.000000E+00  0.516690E+04
  0.395111E+00  0.516512E+04  0.360017E+04  0.000000E+00  0.000000E+00  0.000000E+00  0.492360E+04
  0.408504E+00  0.491073E+04  0.341165E+04  0.000000E+00  0.000000E+00  0.000000E+00  0.467938E+04
  0.422350E+00  0.466480E+04  0.322037E+04  0.000000E+00  0.000000E+00  0.000000E+00  0.444188E+04
  0.436666E+00  0.443354E+04  0.305949E+04  0.000000E+00  0.000000E+00  0.000000E+00  0.422149E+04
  0.451466E+00  0.421684E+04  0.292323E+04  0.000000E+00  0.000000E+00  0.000000E+00  0.401719E+04
  0.466769E+00  0.400891E+04  0.278390E+04  0.000000E+00  0.000000E+00  0.000000E+00  0.381985E+04
  0.482590E+00  0.380777E+04  0.263700E+04  0.000000E+00  0.000000E+00  0.000000E+00  0.362708E+04
  0.498948E+00  0.361634E+04  0.250053E+04  0.000000E+00  0.000000E+00  0.000000E+00  0.344414E+04
  0.515859E+00  0.343573E+04  0.237986E+04  0.000000E+00  0.000000E+00  0.000000E+00  0.327277E+04
  0.533344E+00  0.326350E+04  0.226295E+04  0.000000E+00  0.000000E+00  0.000000E+00  0.310909E+04
  0.551422E+00  0.309830E+04  0.214587E+04  0.000000E+00  0.000000E+00  0.000000E+00  0.295131E+04
  0.570113E+00  0.294119E+04  0.203622E+04  0.000000E+00  0.000000E+00  0.000000E+00  0.280153E+04
  0.589437E+00  0.279219E+04  0.193472E+04  0.000000E+00  0.000000E+00  0.000000E+00  0.265985E+04
  0.609416E+00  0.265003E+04  0.183623E+04  0.000000E+00  0.000000E+00  0.000000E+00  0.252444E+04
  0.630072E+00  0.251449E+04  0.174153E+04  0.000000E+00  0.000000E+00  0.000000E+00  0.239520E+04
  0.651428E+00  0.238576E+04  0.165280E+04  0.000000E+00  0.000000E+00  0.000000E+00  0.227265E+04
  0.673509E+00  0.226329E+04  0.156818E+04  0.000000E+00  0.000000E+00  0.000000E+00  0.215602E+04
  0.696337E+00  0.214669E+04  0.148713E+04  0.000000E+00  0.000000E+00  0.000000E+00  0.204490E+04
  0.719940E+00  0.203588E+04  0.141050E+04  0.000000E+00  0.000000E+00  0.000000E+00  0.193936E+04
  0.744342E+00  0.193051E+04  0.133757E+04  0.000000E+00  0.000000E+00  0.000000E+00  0.183901E+04
  0.769572E+00  0.183032E+04  0.126813E+04  0.000000E+00  0.000000E+00  0.000000E+00  0.174356E+04
  0.795656E+00  0.173511E+04  0.120221E+04  0.000000E+00  0.000000E+00  0.000000E+00  0.165286E+04
  0.822625E+00  0.164460E+04  0.113951E+04  0.000000E+00  0.000000E+00  0.000000E+00  0.156665E+04
  0.850508E+00  0.155862E+04  0.107995E+04  0.000000E+00  0.000000E+00  0.000000E+00  0.148474E+04
  0.879336E+00  0.147692E+04  0.102336E+04  0.000000E+00  0.000000E+00  0.000000E+00  0.140692E+04
  0.909141E+00  0.139933E+04  0.969601E+03  0.000000E+00  0.000000E+00  0.000000E+00  0.133301E+04
  0.939957E+00  0.132566E+04  0.918574E+03  0.000000E+00  0.000000E+00  0.000000E+00  0.126283E+04
  0.971817E+00  0.125571E+04  0.870119E+03  0.000000E+00  0.000000E+00  0.000000E+00  0.119620E+04
  0.100476E+01  0.118930E+04  0.824113E+03  0.000000E+00  0.000000E+00  0.000000E+00  0.113294E+04
  0.103881E+01  0.112628E+04  0.780452E+03  0.000000E+00  0.000000E+00  0.000000E+00  0.107290E+04
  0.107402E+01  0.106645E+04  0.739001E+03  0.000000E+00  0.000000E+00  0.000000E+00  0.101591E+04
  0.111043E+01  0.100968E+04  0.699673E+03  0.000000E+00  0.000000E+00  0.000000E+00  0.961839E+03
  0.114807E+01  0.955823E+03  0.662356E+03  0.000000E+00  0.000000E+00  0.000000E+00  0.910532E+03
  0.118698E+01  0.904742E+03  0.626966E+03  0.000000E+00  0.000000E+00  0.000000E+00  0.861873E+03
  0.122721E+01  0.856298E+03  0.593403E+03  0.000000E+00  0.000000E+00  0.000000E+00  0.815725E+03
  0.126881E+01  0.810356E+03  0.561571E+03  0.000000E+00  0.000000E+00  0.000000E+00  0.771961E+03
  0.131182E+01  0.766796E+03  0.531390E+03  0.000000E+00  0.000000E+00  0.000000E+00  0.730466E+03
  0.135628E+01  0.725497E+03  0.502775E+03  0.000000E+00  0.000000E+00  0.000000E+00  0.691124E+03
  0.140225E+01  0.686349E+03  0.475650E+03  0.000000E+00  0.000000E+00  0.000000E+00  0.653831E+03
  0.144978E+01  0.649246E+03  0.449941E+03  0.000000E+00  0.000000E+00  0.000000E+00  0.618487E+03
  0.149892E+01  0.614087E+03  0.425578E+03  0.000000E+00  0.000000E+00  0.000000E+00  0.584994E+03
  0.154973E+01  0.580774E+03  0.402494E+03  0.000000E+00  0.000000E+00  0.000000E+00  0.553260E+03
  0.160226E+01  0.549213E+03  0.380624E+03  0.000000E+00  0.000000E+00  0.000000E+00  0.523194E+03
  0.165656E+01  0.519319E+03  0.359911E+03  0.000000E+00  0.000000E+00  0.000000E+00  0.494717E+03
  0.171271E+01  0.491003E+03  0.340289E+03  0.000000E+00  0.000000E+00  0.000000E+00  0.467743E+03
  0.177077E+01  0.464186E+03  0.321706E+03  0.000000E+00  0.000000E+00  0.000000E+00  0.442197E+03
  0.183079E+01  0.438791E+03  0.304108E+03  0.000000E+00  0.000000E+00  0.000000E+00  0.418006E+03
  0.189284E+01  0.414749E+03  0.287447E+03  0.000000E+00  0.000000E+00  0.000000E+00  0.395103E+03
  0.195700E+01  0.391989E+03  0.271675E+03  0.000000E+00  0.000000E+00  0.000000E+00  0.373421E+03
  0.202333E+01  0.370447E+03  0.256747E+03  0.000000E+00  0.000000E+00  0.000000E+00  0.352899E+03
  0.209191E+01  0.350055E+03  0.242616E+03  0.000000E+00  0.000000E+00  0.000000E+00  0.333474E+03
  0.216282E+01  0.330757E+03  0.229242E+03  0.000000E+00  0.000000E+00  0.000000E+00  0.315090E+03
  0.223613E+01  0.312496E+03  0.216587E+03  0.000000E+00  0.000000E+00  0.000000E+00  0.297695E+03
  0.231192E+01  0.295219E+03  0.204614E+03  0.000000E+00  0.000000E+00  0.000000E+00  0.281236E+03
  0.239028E+01  0.278875E+03  0.193287E+03  0.000000E+00  0.000000E+00  0.000000E+00  0.265666E+03
  0.247130E+01  0.263413E+03  0.182572E+03  0.000000E+00  0.000000E+00  0.000000E+00  0.250937E+03
  0.255507E+01  0.248788E+03  0.172435E+03  0.000000E+00  0.000000E+00  0.000000E+00  0.237004E+03
  0.264167E+01  0.234956E+03  0.162850E+03  0.000000E+00  0.000000E+00  0.000000E+00  0.223828E+03
  0.273121E+01  0.221877E+03  0.153785E+03  0.000000E+00  0.000000E+00  0.000000E+00  0.211369E+03
  0.282379E+01  0.209510E+03  0.145214E+03  0.000000E+00  0.000000E+00  0.000000E+00  0.199587E+03
  0.291950E+01  0.197816E+03  0.137110E+03  0.000000E+00  0.000000E+00  0.000000E+00  0.188447E+03
  0.301846E+01  0.186760E+03  0.129447E+03  0.000000E+00  0.000000E+00  0.000000E+00  0.177915E+03
  0.312077E+01  0.176310E+03  0.122204E+03  0.000000E+00  0.000000E+00  0.000000E+00  0.167960E+03
  0.322655E+01  0.166433E+03  0.115359E+03  0.000000E+00  0.000000E+00  0.000000E+00  0.158550E+03
  0.333591E+01  0.157097E+03  0.108889E+03  0.000000E+00  0.000000E+00  0.000000E+00  0.149657E+03
  0.344898E+01  0.148275E+03  0.102774E+03  0.000000E+00  0.000000E+00  0.000000E+00  0.141252E+03
  0.356588E+01  0.139938E+03  0.969954E+02  0.000000E+00  0.000000E+00  0.000000E+00  0.133310E+03
  0.368675E+01  0.132060E+03  0.915357E+02  0.000000E+00  0.000000E+00  0.000000E+00  0.125806E+03
  0.381172E+01  0.124618E+03  0.863775E+02  0.000000E+00  0.000000E+00  0.000000E+00  0.118716E+03
  0.394091E+01  0.117587E+03  0.815045E+02  0.000000E+00  0.000000E+00  0.000000E+00  0.112019E+03
  0.407449E+01  0.110946E+03  0.769009E+02  0.000000E+00  0.000000E+00  0.000000E+00  0.105691E+03
  0.421259E+01  0.104672E+03  0.725529E+02  0.000000E+00  0.000000E+00  0.000000E+00  0.997154E+02
  0.435538E+01  0.987476E+02  0.684463E+02  0.000000E+00  0.000000E+00  0.000000E+00  0.940712E+02
  0.450301E+01  0.931521E+02  0.645680E+02  0.000000E+00  0.000000E+00  0.000000E+00  0.887407E+02
  0.465564E+01  0.878679E+02  0.609054E+02  0.000000E+00  0.000000E+00  0.000000E+00  0.837068E+02
  0.481344E+01  0.828786E+02  0.574471E+02  0.000000E+00  0.000000E+00  0.000000E+00  0.789538E+02
  0.497659E+01  0.781678E+02  0.541819E+02  0.000000E+00  0.000000E+00  0.000000E+00  0.744660E+02
  0.514527E+01  0.737202E+02  0.510992E+02  0.000000E+00  0.000000E+00  0.000000E+00  0.702291E+02
  0.531968E+01  0.695215E+02  0.481888E+02  0.000000E+00  0.000000E+00  0.000000E+00  0.662292E+02
  0.549998E+01  0.655582E+02  0.454417E+02  0.000000E+00  0.000000E+00  0.000000E+00  0.624536E+02
  0.568641E+01  0.618171E+02  0.428486E+02  0.000000E+00  0.000000E+00  0.000000E+00  0.588897E+02
  0.587915E+01  0.582862E+02  0.404011E+02  0.000000E+00  0.000000E+00  0.000000E+00  0.555260E+02
  0.607843E+01  0.549538E+02  0.380912E+02  0.000000E+00  0.000000E+00  0.000000E+00  0.523514E+02
  0.628446E+01  0.518091E+02  0.359115E+02  0.000000E+00  0.000000E+00  0.000000E+00  0.493556E+02
  0.649747E+01  0.488417E+02  0.338545E+02  0.000000E+00  0.000000E+00  0.000000E+00  0.465287E+02
  0.671770E+01  0.460416E+02  0.319136E+02  0.000000E+00  0.000000E+00  0.000000E+00  0.438612E+02
  0.694539E+01  0.433999E+02  0.300825E+02  0.000000E+00  0.000000E+00  0.000000E+00  0.413446E+02
  0.718081E+01  0.409074E+02  0.283547E+02  0.000000E+00  0.000000E+00  0.000000E+00  0.389701E+02
  0.742420E+01  0.385561E+02  0.267249E+02  0.000000E+00  0.000000E+00  0.000000E+00  0.367302E+02
  0.767585E+01  0.363381E+02  0.251874E+02  0.000000E+00  0.000000E+00  0.000000E+00  0.346172E+02
  0.793602E+01  0.342459E+02  0.237371E+02  0.000000E+00  0.000000E+00  0.000000E+00  0.326240E+02
  0.820502E+01  0.322725E+02  0.223692E+02  0.000000E+00  0.000000E+00  0.000000E+00  0.307441E+02
  0.848312E+01  0.304114E+02  0.210791E+02  0.000000E+00  0.000000E+00  0.000000E+00  0.289711E+02
  0.877066E+01  0.286561E+02  0.198623E+02  0.000000E+00  0.000000E+00  0.000000E+00  0.272989E+02
  0.906794E+01  0.270008E+02  0.187149E+02  0.000000E+00  0.000000E+00  0.000000E+00  0.257220E+02
  0.937530E+01  0.254399E+02  0.176329E+02  0.000000E+00  0.000000E+00  0.000000E+00  0.242351E+02
  0.969308E+01  0.239682E+02  0.166126E+02  0.000000E+00  0.000000E+00  0.000000E+00  0.228330E+02
  0.100216E+02  0.225805E+02  0.156507E+02  0.000000E+00  0.000000E+00  0.000000E+00  0.215110E+02
  0.103613E+02  0.212721E+02  0.147437E+02  0.000000E+00  0.000000E+00  0.000000E+00  0.202646E+02
  0.107125E+02  0.200387E+02  0.138887E+02  0.000000E+00  0.000000E+00  0.000000E+00  0.190895E+02
  0.110756E+02  0.188759E+02  0.130826E+02  0.000000E+00  0.000000E+00  0.000000E+00  0.179818E+02
  0.114510E+02  0.177798E+02  0.123228E+02  0.000000E+00  0.000000E+00  0.000000E+00  0.169376E+02
  0.118392E+02  0.167466E+02  0.116065E+02  0.000000E+00  0.000000E+00  0.000000E+00  0.159533E+02
  0.122404E+02  0.157727E+02  0.109314E+02  0.000000E+00  0.000000E+00  0.000000E+00  0.150256E+02
  0.126553E+02  0.148549E+02  0.102951E+02  0.000000E+00  0.000000E+00  0.000000E+00  0.141512E+02
  0.130843E+02  0.139898E+02  0.969546E+01  0.000000E+00  0.000000E+00  0.000000E+00  0.133271E+02
  0.135278E+02  0.131746E+02  0.913030E+01  0.000000E+00  0.000000E+00  0.000000E+00  0.125504E+02
  0.139863E+02  0.124064E+02  0.859774E+01  0.000000E+00  0.000000E+00  0.000000E+00  0.118186E+02
  0.144604E+02  0.116824E+02  0.809587E+01  0.000000E+00  0.000000E+00  0.000000E+00  0.111289E+02
  0.149505E+02  0.110003E+02  0.762299E+01  0.000000E+00  0.000000E+00  0.000000E+00  0.104791E+02
  0.154573E+02  0.103576E+02  0.717741E+01  0.000000E+00  0.000000E+00  0.000000E+00  0.986678E+01
  0.159812E+02  0.975202E+01  0.675761E+01  0.000000E+00  0.000000E+00  0.000000E+00  0.928989E+01
  0.165229E+02  0.918151E+01  0.636209E+01  0.000000E+00  0.000000E+00  0.000000E+00  0.874638E+01
  0.170829E+02  0.864403E+01  0.598948E+01  0.000000E+00  0.000000E+00  0.000000E+00  0.823435E+01
  0.176619E+02  0.813771E+01  0.563846E+01  0.000000E+00  0.000000E+00  0.000000E+00  0.775200E+01
  0.182606E+02  0.766075E+01  0.530780E+01  0.000000E+00  0.000000E+00  0.000000E+00  0.729761E+01
  0.188795E+02  0.721147E+01  0.499633E+01  0.000000E+00  0.000000E+00  0.000000E+00  0.686961E+01
  0.195195E+02  0.678829E+01  0.470294E+01  0.000000E+00  0.000000E+00  0.000000E+00  0.646646E+01
  0.201811E+02  0.638971E+01  0.442661E+01  0.000000E+00  0.000000E+00  0.000000E+00  0.608675E+01
  0.208651E+02  0.601431E+01  0.416635E+01  0.000000E+00  0.000000E+00  0.000000E+00  0.572911E+01
  0.215723E+02  0.566077E+01  0.392124E+01  0.000000E+00  0.000000E+00  0.000000E+00  0.539230E+01
  0.223035E+02  0.532781E+01  0.369039E+01  0.000000E+00  0.000000E+00  0.000000E+00  0.507510E+01
  0.230595E+02  0.501426E+01  0.347301E+01  0.000000E+00  0.000000E+00  0.000000E+00  0.477640E+01
  0.238411E+02  0.471900E+01  0.326830E+01  0.000000E+00  0.000000E+00  0.000000E+00  0.449511E+01
  0.246492E+02  0.444097E+01  0.307554E+01  0.000000E+00  0.000000E+00  0.000000E+00  0.423025E+01
  0.254847E+02  0.417918E+01  0.289403E+01  0.000000E+00  0.000000E+00  0.000000E+00  0.398084E+01
  0.263485E+02  0.393268E+01  0.272313E+01  0.000000E+00  0.000000E+00  0.000000E+00  0.374601E+01
  0.272416E+02  0.370061E+01  0.256223E+01  0.000000E+00  0.000000E+00  0.000000E+00  0.352492E+01
  0.281650E+02  0.348211E+01  0.241073E+01  0.000000E+00  0.000000E+00  0.000000E+00  0.331676E+01
  0.291196E+02  0.327641E+01  0.226811E+01  0.000000E+00  0.000000E+00  0.000000E+00  0.312080E+01
  0.301066E+02  0.308276E+01  0.213383E+01  0.000000E+00  0.000000E+00  0.000000E+00  0.293631E+01
  0.311271E+02  0.290046E+01  0.200744E+01  0.000000E+00  0.000000E+00  0.000000E+00  0.276264E+01
  0.321822E+02  0.272885E+01  0.188845E+01  0.000000E+00  0.000000E+00  0.000000E+00  0.259915E+01
  0.332730E+02  0.256732E+01  0.177644E+01  0.000000E+00  0.000000E+00  0.000000E+00  0.244527E+01
  0.344008E+02  0.241527E+01  0.167101E+01  0.000000E+00  0.000000E+00  0.000000E+00  0.230041E+01
  0.355668E+02  0.227216E+01  0.157178E+01  0.000000E+00  0.000000E+00  0.000000E+00  0.216407E+01
  0.367723E+02  0.213746E+01  0.147838E+01  0.000000E+00  0.000000E+00  0.000000E+00  0.203575E+01
  0.380187E+02  0.201069E+01  0.139047E+01  0.000000E+00  0.000000E+00  0.000000E+00  0.191497E+01
  0.393074E+02  0.189138E+01  0.130774E+01  0.000000E+00  0.000000E+00  0.000000E+00  0.180130E+01
  0.406397E+02  0.177910E+01  0.122988E+01  0.000000E+00  0.000000E+00  0.000000E+00  0.169433E+01
  0.420172E+02  0.167343E+01  0.115660E+01  0.000000E+00  0.000000E+00  0.000000E+00  0.159366E+01
  0.434414E+02  0.157399E+01  0.108764E+01  0.000000E+00  0.000000E+00  0.000000E+00  0.149893E+01
  0.449138E+02  0.148042E+01  0.102275E+01  0.000000E+00  0.000000E+00  0.000000E+00  0.140979E+01
  0.464362E+02  0.139237E+01  0.961691E+00  0.000000E+00  0.000000E+00  0.000000E+00  0.132590E+01
  0.480101E+02  0.130952E+01  0.904236E+00  0.000000E+00  0.000000E+00  0.000000E+00  0.124697E+01
  0.496375E+02  0.123156E+01  0.850172E+00  0.000000E+00  0.000000E+00  0.000000E+00  0.117270E+01
  0.513199E+02  0.115822E+01  0.799305E+00  0.000000E+00  0.000000E+00  0.000000E+00  0.110283E+01
  0.530594E+02  0.108921E+01  0.751443E+00  0.000000E+00  0.000000E+00  0.000000E+00  0.103708E+01
  0.548579E+02  0.102429E+01  0.706414E+00  0.000000E+00  0.000000E+00  0.000000E+00  0.975230E+00
  0.567173E+02  0.963206E+00  0.664049E+00  0.000000E+00  0.000000E+00  0.000000E+00  0.917037E+00
  0.586397E+02  0.905744E+00  0.624192E+00  0.000000E+00  0.000000E+00  0.000000E+00  0.862292E+00
  0.606273E+02  0.851687E+00  0.586696E+00  0.000000E+00  0.000000E+00  0.000000E+00  0.810790E+00
  0.626823E+02  0.800835E+00  0.551423E+00  0.000000E+00  0.000000E+00  0.000000E+00  0.762343E+00
  0.648069E+02  0.752999E+00  0.518240E+00  0.000000E+00  0.000000E+00  0.000000E+00  0.716768E+00
  0.670036E+02  0.708001E+00  0.487025E+00  0.000000E+00  0.000000E+00  0.000000E+00  0.673898E+00
  0.692747E+02  0.665676E+00  0.457663E+00  0.000000E+00  0.000000E+00  0.000000E+00  0.633574E+00
  0.716227E+02  0.625865E+00  0.430044E+00  0.000000E+00  0.000000E+00  0.000000E+00  0.595644E+00
  0.740504E+02  0.588420E+00  0.404066E+00  0.000000E+00  0.000000E+00  0.000000E+00  0.559969E+00
  0.765604E+02  0.553201E+00  0.379630E+00  0.000000E+00  0.000000E+00  0.000000E+00  0.526413E+00
  0.791553E+02  0.520077E+00  0.356648E+00  0.000000E+00  0.000000E+00  0.000000E+00  0.494855E+00
  0.818384E+02  0.488924E+00  0.335031E+00  0.000000E+00  0.000000E+00  0.000000E+00  0.465173E+00
  0.846122E+02  0.459626E+00  0.314701E+00  0.000000E+00  0.000000E+00  0.000000E+00  0.437259E+00
  0.874802E+02  0.432072E+00  0.295581E+00  0.000000E+00  0.000000E+00  0.000000E+00  0.411007E+00
  0.904453E+02  0.406160E+00  0.277599E+00  0.000000E+00  0.000000E+00  0.000000E+00  0.386319E+00
  0.935109E+02  0.381794E+00  0.260688E+00  0.000000E+00  0.000000E+00  0.000000E+00  0.363103E+00
  0.966806E+02  0.358879E+00  0.244784E+00  0.000000E+00  0.000000E+00  0.000000E+00  0.341270E+00
  0.999576E+02  0.337332E+00  0.229829E+00  0.000000E+00  0.000000E+00  0.000000E+00  0.320741E+00
  0.103346E+03  0.317071E+00  0.215765E+00  0.000000E+00  0.000000E+00  0.000000E+00  0.301437E+00
  0.106849E+03  0.298019E+00  0.202540E+00  0.000000E+00  0.000000E+00  0.000000E+00  0.283284E+00
  0.110470E+03  0.280106E+00  0.190104E+00  0.000000E+00  0.000000E+00  0.000000E+00  0.266216E+00
  0.114215E+03  0.263264E+00  0.178411E+00  0.000000E+00  0.000000E+00  0.000000E+00  0.250168E+00
  0.118086E+03  0.247428E+00  0.167416E+00  0.000000E+00  0.000000E+00  0.000000E+00  0.235079E+00
  0.122089E+03  0.232538E+00  0.157077E+00  0.000000E+00  0.000000E+00  0.000000E+00  0.220892E+00
  0.126227E+03  0.218540E+00  0.147357E+00  0.000000E+00  0.000000E+00  0.000000E+00  0.207554E+00
  0.130505E+03  0.205379E+00  0.138218E+00  0.000000E+00  0.000000E+00  0.000000E+00  0.195014E+00
  0.134928E+03  0.193007E+00  0.129625E+00  0.000000E+00  0.000000E+00  0.000000E+00  0.183225E+00
  0.139502E+03  0.181375E+00  0.121546E+00  0.000000E+00  0.000000E+00  0.000000E+00  0.172141E+00
  0.144230E+03  0.170440E+00  0.113951E+00  0.000000E+00  0.000000E+00  0.000000E+00  0.161722E+00
  0.149119E+03  0.160161E+00  0.106811E+00  0.000000E+00  0.000000E+00  0.000000E+00  0.151928E+00
  0.154173E+03  0.150498E+00  0.100099E+00  0.000000E+00  0.000000E+00  0.000000E+00  0.142720E+00
  0.159399E+03  0.141414E+00  0.937881E-01  0.000000E+00  0.000000E+00  0.000000E+00  0.134064E+00
  0.164802E+03  0.132876E+00  0.878563E-01  0.000000E+00  0.000000E+00  0.000000E+00  0.125928E+00
  0.170388E+03  0.124850E+00  0.822803E-01  0.000000E+00  0.000000E+00  0.000000E+00  0.118280E+00
  0.176164E+03  0.117306E+00  0.770387E-01  0.000000E+00  0.000000E+00  0.000000E+00  0.111092E+00
  0.182135E+03  0.110215E+00  0.721122E-01  0.000000E+00  0.000000E+00  0.000000E+00  0.104335E+00
  0.188308E+03  0.103551E+00  0.674817E-01  0.000000E+00  0.000000E+00  0.000000E+00  0.979840E-01
  0.194691E+03  0.972863E-01  0.631296E-01  0.000000E+00  0.000000E+00  0.000000E+00  0.920149E-01
  0.201290E+03  0.913985E-01  0.590392E-01  0.000000E+00  0.000000E+00  0.000000E+00  0.864045E-01
