    0.10880E-04    0.14978E-01
    0.11249E-04    0.15467E-01
    0.11630E-04    0.15971E-01
    0.12024E-04    0.16492E-01
    0.12432E-04    0.17029E-01
    0.12853E-04    0.17584E-01
    0.13289E-04    0.18158E-01
    0.13739E-04    0.18749E-01
    0.14205E-04    0.19361E-01
    0.14686E-04    0.19992E-01
    0.15184E-04    0.20644E-01
    0.15699E-04    0.21317E-01
    0.16231E-04    0.22012E-01
    0.16781E-04    0.22729E-01
    0.17350E-04    0.23470E-01
    0.17938E-04    0.24235E-01
    0.18546E-04    0.25025E-01
    0.19175E-04    0.25841E-01
    0.19825E-04    0.26683E-01
    0.20497E-04    0.27553E-01
    0.21191E-04    0.28452E-01
    0.21910E-04    0.29379E-01
    0.22652E-04    0.30337E-01
    0.23420E-04    0.31326E-01
    0.24214E-04    0.32347E-01
    0.25035E-04    0.33402E-01
    0.25883E-04    0.34490E-01
    0.26760E-04    0.35615E-01
    0.27667E-04    0.36776E-01
    0.28605E-04    0.37975E-01
    0.29575E-04    0.39213E-01
    0.30577E-04    0.40491E-01
    0.31614E-04    0.41811E-01
    0.32685E-04    0.43174E-01
    0.33793E-04    0.44582E-01
    0.34938E-04    0.46035E-01
    0.36123E-04    0.47536E-01
    0.37347E-04    0.49085E-01
    0.38613E-04    0.50685E-01
    0.39922E-04    0.52338E-01
    0.41275E-04    0.54044E-01
    0.42674E-04    0.55806E-01
    0.44120E-04    0.57625E-01
    0.45616E-04    0.59503E-01
    0.47162E-04    0.61443E-01
    0.48761E-04    0.63446E-01
    0.50413E-04    0.65515E-01
    0.52122E-04    0.67650E-01
    0.53889E-04    0.69856E-01
    0.55715E-04    0.72133E-01
    0.57604E-04    0.74484E-01
    0.59556E-04    0.76912E-01
    0.61575E-04    0.79420E-01
    0.63662E-04    0.82008E-01
    0.65820E-04    0.84682E-01
    0.68051E-04    0.87442E-01
    0.70357E-04    0.90293E-01
    0.72742E-04    0.93236E-01
    0.75208E-04    0.96275E-01
    0.77757E-04    0.99414E-01
    0.80393E-04    0.10265E+00
    0.83118E-04    0.10600E+00
    0.85935E-04    0.10946E+00
    0.88848E-04    0.11302E+00
    0.91859E-04    0.11671E+00
    0.94973E-04    0.12051E+00
    0.98192E-04    0.12444E+00
    0.10152E-03    0.12850E+00
    0.10496E-03    0.13269E+00
    0.10852E-03    0.13701E+00
    0.11220E-03    0.14148E+00
    0.11600E-03    0.14609E+00
    0.11993E-03    0.15085E+00
    0.12400E-03    0.15577E+00
    0.12820E-03    0.16084E+00
    0.13255E-03    0.16609E+00
    0.13704E-03    0.17150E+00
    0.14168E-03    0.17709E+00
    0.14648E-03    0.18286E+00
    0.15145E-03    0.18882E+00
    0.15658E-03    0.19497E+00
    0.16189E-03    0.20133E+00
    0.16738E-03    0.20789E+00
    0.17305E-03    0.21466E+00
    0.17892E-03    0.22166E+00
    0.18498E-03    0.22888E+00
    0.19125E-03    0.23634E+00
    0.19773E-03    0.24404E+00
    0.20444E-03    0.25199E+00
    0.21137E-03    0.26020E+00
    0.21853E-03    0.26868E+00
    0.22594E-03    0.27743E+00
    0.23360E-03    0.28647E+00
    0.24151E-03    0.29581E+00
    0.24970E-03    0.30544E+00
    0.25816E-03    0.31539E+00
    0.26691E-03    0.32566E+00
    0.27596E-03    0.33627E+00
    0.28531E-03    0.34722E+00
    0.29498E-03    0.35853E+00
    0.30498E-03    0.37021E+00
    0.31532E-03    0.38226E+00
    0.32601E-03    0.39471E+00
    0.33706E-03    0.40756E+00
    0.34848E-03    0.42082E+00
    0.36029E-03    0.43452E+00
    0.37251E-03    0.44866E+00
    0.38513E-03    0.46326E+00
    0.39819E-03    0.47834E+00
    0.41168E-03    0.49390E+00
    0.42564E-03    0.50996E+00
    0.44006E-03    0.52655E+00
    0.45498E-03    0.54367E+00
    0.47040E-03    0.56135E+00
    0.48635E-03    0.57960E+00
    0.50283E-03    0.59844E+00
    0.51988E-03    0.61788E+00
    0.53750E-03    0.63796E+00
    0.55572E-03    0.65868E+00
    0.57455E-03    0.68006E+00
    0.59403E-03    0.70214E+00
    0.61416E-03    0.72493E+00
    0.63498E-03    0.74845E+00
    0.65650E-03    0.77272E+00
    0.67875E-03    0.79777E+00
    0.70176E-03    0.82363E+00
    0.72554E-03    0.85031E+00
    0.75014E-03    0.87784E+00
    0.77556E-03    0.90625E+00
    0.80185E-03    0.93557E+00
    0.82903E-03    0.96582E+00
    0.85713E-03    0.99703E+00
    0.88618E-03    0.10292E+01
    0.91622E-03    0.10624E+01
    0.94727E-03    0.10967E+01
    0.97938E-03    0.11321E+01
    0.10126E-02    0.11685E+01
    0.10469E-02    0.12061E+01
    0.10824E-02    0.12449E+01
    0.11191E-02    0.12849E+01
    0.11570E-02    0.13261E+01
    0.11962E-02    0.13686E+01
    0.12368E-02    0.14124E+01
    0.12787E-02    0.14576E+01
    0.13220E-02    0.15041E+01
    0.13668E-02    0.15521E+01
    0.14132E-02    0.16015E+01
    0.14611E-02    0.16524E+01
    0.15106E-02    0.17048E+01
    0.15618E-02    0.17588E+01
    0.16147E-02    0.18144E+01
    0.16695E-02    0.18716E+01
    0.17260E-02    0.19305E+01
    0.17846E-02    0.19911E+01
    0.18450E-02    0.20535E+01
    0.19076E-02    0.21176E+01
    0.19722E-02    0.21836E+01
    0.20391E-02    0.22514E+01
    0.21082E-02    0.23211E+01
    0.21797E-02    0.23926E+01
    0.22535E-02    0.24662E+01
    0.23299E-02    0.25416E+01
    0.24089E-02    0.26191E+01
    0.24905E-02    0.26985E+01
    0.25750E-02    0.27800E+01
    0.26622E-02    0.28636E+01
    0.27525E-02    0.29491E+01
    0.28458E-02    0.30367E+01
    0.29422E-02    0.31264E+01
    0.30420E-02    0.32182E+01
    0.31451E-02    0.33119E+01
    0.32517E-02    0.34078E+01
    0.33619E-02    0.35056E+01
    0.34758E-02    0.36054E+01
    0.35936E-02    0.37072E+01
    0.37155E-02    0.38109E+01
    0.38414E-02    0.39165E+01
    0.39716E-02    0.40240E+01
    0.41062E-02    0.41331E+01
    0.42454E-02    0.42440E+01
    0.43893E-02    0.43566E+01
    0.45381E-02    0.44706E+01
    0.46919E-02    0.45861E+01
    0.48509E-02    0.47030E+01
    0.50153E-02    0.48211E+01
    0.51853E-02    0.49403E+01
    0.53611E-02    0.50605E+01
    0.55428E-02    0.51816E+01
    0.57307E-02    0.53034E+01
    0.59249E-02    0.54259E+01
    0.61257E-02    0.55488E+01
    0.63334E-02    0.56720E+01
    0.65481E-02    0.57953E+01
    0.67700E-02    0.59186E+01
    0.69995E-02    0.60418E+01
    0.72367E-02    0.61646E+01
    0.74820E-02    0.62868E+01
    0.77356E-02    0.64083E+01
    0.79978E-02    0.65289E+01
    0.82689E-02    0.66485E+01
    0.85492E-02    0.67667E+01
    0.88389E-02    0.68834E+01
    0.91385E-02    0.69984E+01
    0.94483E-02    0.71115E+01
    0.97685E-02    0.72223E+01
    0.10100E-01    0.73307E+01
    0.10442E-01    0.74364E+01
    0.10796E-01    0.75392E+01
    0.11162E-01    0.76386E+01
    0.11540E-01    0.77346E+01
    0.11931E-01    0.78267E+01
    0.12336E-01    0.79146E+01
    0.12754E-01    0.79982E+01
    0.13186E-01    0.80770E+01
    0.13633E-01    0.81508E+01
    0.14095E-01    0.82193E+01
    0.14573E-01    0.82822E+01
    0.15067E-01    0.83392E+01
    0.15578E-01    0.83901E+01
    0.16106E-01    0.84346E+01
    0.16652E-01    0.84724E+01
    0.17216E-01    0.85033E+01
    0.17799E-01    0.85270E+01
    0.18403E-01    0.85434E+01
    0.19027E-01    0.85523E+01
    0.19671E-01    0.85534E+01
    0.20338E-01    0.85467E+01
    0.21028E-01    0.85320E+01
    0.21740E-01    0.85092E+01
    0.22477E-01    0.84784E+01
    0.23239E-01    0.84395E+01
    0.24027E-01    0.83926E+01
    0.24841E-01    0.83376E+01
    0.25683E-01    0.82749E+01
    0.26554E-01    0.82045E+01
    0.27454E-01    0.81268E+01
    0.28384E-01    0.80419E+01
    0.29346E-01    0.79503E+01
    0.30341E-01    0.78523E+01
    0.31369E-01    0.77484E+01
    0.32433E-01    0.76390E+01
    0.33532E-01    0.75248E+01
    0.34669E-01    0.74062E+01
    0.35844E-01    0.72838E+01
    0.37059E-01    0.71582E+01
    0.38315E-01    0.70286E+01
    0.39613E-01    0.68945E+01
    0.40956E-01    0.67592E+01
    0.42344E-01    0.66232E+01
    0.43780E-01    0.64869E+01
    0.45263E-01    0.63501E+01
    0.46798E-01    0.62126E+01
    0.48384E-01    0.60740E+01
    0.50024E-01    0.59336E+01
    0.51719E-01    0.57911E+01
    0.53472E-01    0.56463E+01
    0.55285E-01    0.54991E+01
    0.57159E-01    0.53504E+01
    0.59096E-01    0.52021E+01
    0.61099E-01    0.50621E+01
    0.63170E-01    0.49125E+01
    0.65311E-01    0.47616E+01
    0.67525E-01    0.46093E+01
    0.69814E-01    0.44557E+01
    0.72180E-01    0.43013E+01
    0.74627E-01    0.41473E+01
    0.77156E-01    0.39951E+01
    0.79772E-01    0.38461E+01
    0.82475E-01    0.37015E+01
    0.85271E-01    0.35618E+01
    0.88161E-01    0.34268E+01
    0.91150E-01    0.32959E+01
    0.94239E-01    0.31688E+01
    0.97433E-01    0.30453E+01
    0.10074E+00    0.29253E+01
    0.10415E+00    0.28085E+01
    0.10768E+00    0.26941E+01
    0.11133E+00    0.25813E+01
    0.11510E+00    0.24696E+01
    0.11901E+00    0.23593E+01
    0.12304E+00    0.22509E+01
    0.12721E+00    0.21447E+01
    0.13152E+00    0.20415E+01
    0.13598E+00    0.19420E+01
    0.14059E+00    0.18474E+01
    0.14535E+00    0.17582E+01
    0.15028E+00    0.16734E+01
    0.15537E+00    0.15921E+01
    0.16064E+00    0.15137E+01
    0.16609E+00    0.14379E+01
    0.17171E+00    0.13642E+01
    0.17753E+00    0.12925E+01
    0.18355E+00    0.12234E+01
    0.18977E+00    0.11574E+01
    0.19621E+00    0.10946E+01
    0.20286E+00    0.10353E+01
    0.20973E+00    0.97900E+00
    0.21684E+00    0.92507E+00
    0.22419E+00    0.87346E+00
    0.23179E+00    0.82419E+00
    0.23965E+00    0.77699E+00
    0.24777E+00    0.73210E+00
    0.25617E+00    0.68968E+00
    0.26485E+00    0.64938E+00
    0.27383E+00    0.61118E+00
    0.28311E+00    0.57491E+00
    0.29271E+00    0.54042E+00
    0.30263E+00    0.50779E+00
    0.31288E+00    0.47689E+00
    0.32349E+00    0.44770E+00
    0.33445E+00    0.42007E+00
    0.34579E+00    0.39397E+00
    0.35751E+00    0.36930E+00
    0.36963E+00    0.34604E+00
    0.38216E+00    0.32409E+00
    0.39511E+00    0.30342E+00
    0.40850E+00    0.28393E+00
    0.42235E+00    0.26559E+00
    0.43667E+00    0.24833E+00
    0.45147E+00    0.23211E+00
    0.46677E+00    0.21687E+00
    0.48259E+00    0.20254E+00
    0.49895E+00    0.18910E+00
    0.51586E+00    0.17648E+00
    0.53334E+00    0.16463E+00
    0.55142E+00    0.15353E+00
    0.57011E+00    0.14312E+00
    0.58944E+00    0.13337E+00
    0.60942E+00    0.12424E+00
    0.63007E+00    0.11570E+00
    0.65143E+00    0.10770E+00
    0.67351E+00    0.10023E+00
    0.69634E+00    0.93253E-01
    0.71994E+00    0.86732E-01
    0.74434E+00    0.80642E-01
    0.76957E+00    0.74956E-01
    0.79566E+00    0.69648E-01
    0.82263E+00    0.64696E-01
    0.85051E+00    0.60078E-01
    0.87934E+00    0.55773E-01
    0.90914E+00    0.51763E-01
    0.93996E+00    0.48029E-01
    0.97182E+00    0.44552E-01
    0.10048E+01    0.41315E-01
    0.10388E+01    0.38303E-01
    0.10740E+01    0.35500E-01
    0.11104E+01    0.32895E-01
    0.11481E+01    0.30474E-01
    0.11870E+01    0.28224E-01
    0.12272E+01    0.26134E-01
    0.12688E+01    0.24192E-01
    0.13118E+01    0.22390E-01
    0.13563E+01    0.20717E-01
    0.14023E+01    0.19165E-01
    0.14498E+01    0.17725E-01
    0.14989E+01    0.16389E-01
    0.15497E+01    0.15151E-01
    0.16023E+01    0.14003E-01
    0.16566E+01    0.12940E-01
    0.17127E+01    0.11954E-01
    0.17708E+01    0.11042E-01
    0.18308E+01    0.10197E-01
    0.18928E+01    0.94148E-02
    0.19570E+01    0.86910E-02
    0.20233E+01    0.80214E-02
    0.20919E+01    0.74020E-02
    0.21628E+01    0.68291E-02
    0.22361E+01    0.62994E-02
    0.23119E+01    0.58097E-02
    0.23903E+01    0.53570E-02
    0.24713E+01    0.49388E-02
    0.25551E+01    0.45524E-02
    0.26417E+01    0.41956E-02
    0.27312E+01    0.38660E-02
    0.28238E+01    0.35618E-02
    0.29195E+01    0.32810E-02
    0.30185E+01    0.30218E-02
    0.31208E+01    0.27827E-02
    0.32265E+01    0.25621E-02
    0.33359E+01    0.23586E-02
    0.34490E+01    0.21710E-02
    0.35659E+01    0.19979E-02
    0.36868E+01    0.18384E-02
    0.38117E+01    0.16914E-02
    0.39409E+01    0.15559E-02
    0.40745E+01    0.14310E-02
    0.42126E+01    0.13161E-02
    0.43554E+01    0.12101E-02
    0.45030E+01    0.11126E-02
    0.46556E+01    0.10228E-02
    0.48134E+01    0.94005E-03
    0.49766E+01    0.86392E-03
    0.51453E+01    0.79386E-03
    0.53197E+01    0.72939E-03
    0.55000E+01    0.67007E-03
    0.56864E+01    0.61550E-03
    0.58791E+01    0.56531E-03
    0.60784E+01    0.51914E-03
    0.62845E+01    0.47669E-03
    0.64975E+01    0.43765E-03
    0.67177E+01    0.40177E-03
    0.69454E+01    0.36879E-03
    0.71808E+01    0.33848E-03
    0.74242E+01    0.31063E-03
    0.76759E+01    0.28503E-03
    0.79360E+01    0.26152E-03
    0.82050E+01    0.23991E-03
    0.84831E+01    0.22008E-03
    0.87707E+01    0.20186E-03
    0.90679E+01    0.18513E-03
    0.93753E+01    0.16977E-03
    0.96931E+01    0.15566E-03
    0.10022E+02    0.14272E-03
    0.10361E+02    0.13084E-03
    0.10713E+02    0.11994E-03
    0.11076E+02    0.10993E-03
    0.11451E+02    0.10075E-03
    0.11839E+02    0.92327E-04
    0.12240E+02    0.84601E-04
    0.12655E+02    0.77515E-04
    0.13084E+02    0.71016E-04
    0.13528E+02    0.65056E-04
    0.13986E+02    0.59590E-04
    0.14460E+02    0.54580E-04
    0.14951E+02    0.49986E-04
    0.15457E+02    0.45775E-04
    0.15981E+02    0.41915E-04
    0.16523E+02    0.38378E-04
    0.17083E+02    0.35136E-04
    0.17662E+02    0.32166E-04
    0.18261E+02    0.29444E-04
    0.18880E+02    0.26950E-04
    0.19519E+02    0.24666E-04
    0.20181E+02    0.22573E-04
    0.20865E+02    0.20657E-04
    0.21572E+02    0.18902E-04
    0.22304E+02    0.17294E-04
    0.23060E+02    0.15822E-04
    0.23841E+02    0.14475E-04
    0.24649E+02    0.13241E-04
    0.25485E+02    0.12111E-04
    0.26349E+02    0.11077E-04
    0.27242E+02    0.10131E-04
    0.28165E+02    0.92647E-05
    0.29120E+02    0.84720E-05
    0.30107E+02    0.77466E-05
    0.31127E+02    0.70828E-05
    0.32182E+02    0.64755E-05
    0.33273E+02    0.59199E-05
    0.34401E+02    0.54115E-05
    0.35567E+02    0.49466E-05
    0.36772E+02    0.45212E-05
    0.38019E+02    0.41322E-05
    0.39307E+02    0.37764E-05
    0.40640E+02    0.34511E-05
    0.42017E+02    0.31535E-05
    0.43441E+02    0.28815E-05
    0.44914E+02    0.26327E-05
    0.46436E+02    0.24053E-05
    0.48010E+02    0.21974E-05
    0.49637E+02    0.20074E-05
    0.51320E+02    0.18336E-05
    0.53059E+02    0.16749E-05
    0.54858E+02    0.15297E-05
    0.56717E+02    0.13971E-05
    0.58640E+02    0.12759E-05
    0.60627E+02    0.11652E-05
    0.62682E+02    0.10640E-05
    0.64807E+02    0.97149E-06
    0.67004E+02    0.88701E-06
    0.69275E+02    0.80984E-06
    0.71623E+02    0.73934E-06
    0.74050E+02    0.67494E-06
    0.76560E+02    0.61611E-06
    0.79155E+02    0.56238E-06
    0.81838E+02    0.51332E-06
    0.84612E+02    0.46850E-06
    0.87480E+02    0.42758E-06
    0.90445E+02    0.39021E-06
    0.93511E+02    0.35609E-06
    0.96681E+02    0.32493E-06
    0.99958E+02    0.29649E-06
    0.10335E+03    0.27052E-06
    0.10685E+03    0.24681E-06
    0.11047E+03    0.22517E-06
    0.11421E+03    0.20541E-06
    0.11809E+03    0.18738E-06
    0.12209E+03    0.17092E-06
    0.12623E+03    0.15590E-06
    0.13051E+03    0.14219E-06
    0.13493E+03    0.12968E-06
    0.13950E+03    0.11827E-06
    0.14423E+03    0.10785E-06
    0.14912E+03    0.98349E-07
    0.15417E+03    0.89677E-07
    0.15940E+03    0.81765E-07
    0.16480E+03    0.74548E-07
    0.17039E+03    0.67964E-07
    0.17616E+03    0.61957E-07
    0.18213E+03    0.56479E-07
    0.18831E+03    0.51482E-07
    0.19469E+03    0.46924E-07
    0.20129E+03    0.42767E-07
