    0.10880E-04    0.89257E-02
    0.11249E-04    0.92167E-02
    0.11630E-04    0.95171E-02
    0.12024E-04    0.98274E-02
    0.12432E-04    0.10148E-01
    0.12853E-04    0.10479E-01
    0.13289E-04    0.10820E-01
    0.13739E-04    0.11173E-01
    0.14205E-04    0.11537E-01
    0.14686E-04    0.11913E-01
    0.15184E-04    0.12302E-01
    0.15699E-04    0.12703E-01
    0.16231E-04    0.13117E-01
    0.16781E-04    0.13544E-01
    0.17350E-04    0.13986E-01
    0.17938E-04    0.14442E-01
    0.18546E-04    0.14913E-01
    0.19175E-04    0.15399E-01
    0.19825E-04    0.15901E-01
    0.20497E-04    0.16419E-01
    0.21191E-04    0.16954E-01
    0.21910E-04    0.17507E-01
    0.22652E-04    0.18078E-01
    0.23420E-04    0.18667E-01
    0.24214E-04    0.19276E-01
    0.25035E-04    0.19904E-01
    0.25883E-04    0.20553E-01
    0.26760E-04    0.21223E-01
    0.27667E-04    0.21915E-01
    0.28605E-04    0.22629E-01
    0.29575E-04    0.23367E-01
    0.30577E-04    0.24129E-01
    0.31614E-04    0.24915E-01
    0.32685E-04    0.25728E-01
    0.33793E-04    0.26566E-01
    0.34938E-04    0.27432E-01
    0.36123E-04    0.28327E-01
    0.37347E-04    0.29250E-01
    0.38613E-04    0.30204E-01
    0.39922E-04    0.31188E-01
    0.41275E-04    0.32205E-01
    0.42674E-04    0.33255E-01
    0.44120E-04    0.34339E-01
    0.45616E-04    0.35458E-01
    0.47162E-04    0.36614E-01
    0.48761E-04    0.37808E-01
    0.50413E-04    0.39041E-01
    0.52122E-04    0.40313E-01
    0.53889E-04    0.41627E-01
    0.55715E-04    0.42984E-01
    0.57604E-04    0.44386E-01
    0.59556E-04    0.45833E-01
    0.61575E-04    0.47327E-01
    0.63662E-04    0.48869E-01
    0.65820E-04    0.50463E-01
    0.68051E-04    0.52108E-01
    0.70357E-04    0.53806E-01
    0.72742E-04    0.55560E-01
    0.75208E-04    0.57371E-01
    0.77757E-04    0.59242E-01
    0.80393E-04    0.61173E-01
    0.83118E-04    0.63167E-01
    0.85935E-04    0.65226E-01
    0.88848E-04    0.67352E-01
    0.91859E-04    0.69548E-01
    0.94973E-04    0.71815E-01
    0.98192E-04    0.74156E-01
    0.10152E-03    0.76573E-01
    0.10496E-03    0.79069E-01
    0.10852E-03    0.81646E-01
    0.11220E-03    0.84307E-01
    0.11600E-03    0.87055E-01
    0.11993E-03    0.89893E-01
    0.12400E-03    0.92823E-01
    0.12820E-03    0.95849E-01
    0.13255E-03    0.98973E-01
    0.13704E-03    0.10220E+00
    0.14168E-03    0.10553E+00
    0.14648E-03    0.10897E+00
    0.15145E-03    0.11252E+00
    0.15658E-03    0.11619E+00
    0.16189E-03    0.11997E+00
    0.16738E-03    0.12388E+00
    0.17305E-03    0.12792E+00
    0.17892E-03    0.13209E+00
    0.18498E-03    0.13640E+00
    0.19125E-03    0.14084E+00
    0.19773E-03    0.14543E+00
    0.20444E-03    0.15017E+00
    0.21137E-03    0.15506E+00
    0.21853E-03    0.16011E+00
    0.22594E-03    0.16533E+00
    0.23360E-03    0.17072E+00
    0.24151E-03    0.17628E+00
    0.24970E-03    0.18202E+00
    0.25816E-03    0.18795E+00
    0.26691E-03    0.19408E+00
    0.27596E-03    0.20040E+00
    0.28531E-03    0.20693E+00
    0.29498E-03    0.21367E+00
    0.30498E-03    0.22062E+00
    0.31532E-03    0.22781E+00
    0.32601E-03    0.23523E+00
    0.33706E-03    0.24289E+00
    0.34848E-03    0.25080E+00
    0.36029E-03    0.25896E+00
    0.37251E-03    0.26739E+00
    0.38513E-03    0.27609E+00
    0.39819E-03    0.28508E+00
    0.41168E-03    0.29436E+00
    0.42564E-03    0.30394E+00
    0.44006E-03    0.31382E+00
    0.45498E-03    0.32403E+00
    0.47040E-03    0.33457E+00
    0.48635E-03    0.34545E+00
    0.50283E-03    0.35669E+00
    0.51988E-03    0.36828E+00
    0.53750E-03    0.38025E+00
    0.55572E-03    0.39261E+00
    0.57455E-03    0.40536E+00
    0.59403E-03    0.41853E+00
    0.61416E-03    0.43212E+00
    0.63498E-03    0.44615E+00
    0.65650E-03    0.46063E+00
    0.67875E-03    0.47558E+00
    0.70176E-03    0.49100E+00
    0.72554E-03    0.50692E+00
    0.75014E-03    0.52335E+00
    0.77556E-03    0.54031E+00
    0.80185E-03    0.55781E+00
    0.82903E-03    0.57586E+00
    0.85713E-03    0.59449E+00
    0.88618E-03    0.61372E+00
    0.91622E-03    0.63355E+00
    0.94727E-03    0.65402E+00
    0.97938E-03    0.67513E+00
    0.10126E-02    0.69691E+00
    0.10469E-02    0.71937E+00
    0.10824E-02    0.74254E+00
    0.11191E-02    0.76644E+00
    0.11570E-02    0.79108E+00
    0.11962E-02    0.81650E+00
    0.12368E-02    0.84270E+00
    0.12787E-02    0.86971E+00
    0.13220E-02    0.89756E+00
    0.13668E-02    0.92627E+00
    0.14132E-02    0.95585E+00
    0.14611E-02    0.98634E+00
    0.15106E-02    0.10177E+01
    0.15618E-02    0.10501E+01
    0.16147E-02    0.10834E+01
    0.16695E-02    0.11178E+01
    0.17260E-02    0.11531E+01
    0.17846E-02    0.11895E+01
    0.18450E-02    0.12270E+01
    0.19076E-02    0.12655E+01
    0.19722E-02    0.13052E+01
    0.20391E-02    0.13459E+01
    0.21082E-02    0.13879E+01
    0.21797E-02    0.14310E+01
    0.22535E-02    0.14753E+01
    0.23299E-02    0.15208E+01
    0.24089E-02    0.15676E+01
    0.24905E-02    0.16156E+01
    0.25750E-02    0.16648E+01
    0.26622E-02    0.17154E+01
    0.27525E-02    0.17672E+01
    0.28458E-02    0.18203E+01
    0.29422E-02    0.18747E+01
    0.30420E-02    0.19305E+01
    0.31451E-02    0.19875E+01
    0.32517E-02    0.20458E+01
    0.33619E-02    0.21055E+01
    0.34758E-02    0.21664E+01
    0.35936E-02    0.22286E+01
    0.37155E-02    0.22920E+01
    0.38414E-02    0.23567E+01
    0.39716E-02    0.24226E+01
    0.41062E-02    0.24897E+01
    0.42454E-02    0.25579E+01
    0.43893E-02    0.26272E+01
    0.45381E-02    0.26975E+01
    0.46919E-02    0.27688E+01
    0.48509E-02    0.28411E+01
    0.50153E-02    0.29142E+01
    0.51853E-02    0.29881E+01
    0.53611E-02    0.30627E+01
    0.55428E-02    0.31380E+01
    0.57307E-02    0.32137E+01
    0.59249E-02    0.32900E+01
    0.61257E-02    0.33665E+01
    0.63334E-02    0.34433E+01
    0.65481E-02    0.35202E+01
    0.67700E-02    0.35972E+01
    0.69995E-02    0.36740E+01
    0.72367E-02    0.37506E+01
    0.74820E-02    0.38269E+01
    0.77356E-02    0.39027E+01
    0.79978E-02    0.39779E+01
    0.82689E-02    0.40524E+01
    0.85492E-02    0.41260E+01
    0.88389E-02    0.41986E+01
    0.91385E-02    0.42702E+01
    0.94483E-02    0.43404E+01
    0.97685E-02    0.44093E+01
    0.10100E-01    0.44766E+01
    0.10442E-01    0.45422E+01
    0.10796E-01    0.46060E+01
    0.11162E-01    0.46677E+01
    0.11540E-01    0.47273E+01
    0.11931E-01    0.47845E+01
    0.12336E-01    0.48392E+01
    0.12754E-01    0.48912E+01
    0.13186E-01    0.49402E+01
    0.13633E-01    0.49862E+01
    0.14095E-01    0.50290E+01
    0.14573E-01    0.50682E+01
    0.15067E-01    0.51039E+01
    0.15578E-01    0.51358E+01
    0.16106E-01    0.51636E+01
    0.16652E-01    0.51874E+01
    0.17216E-01    0.52069E+01
    0.17799E-01    0.52220E+01
    0.18403E-01    0.52325E+01
    0.19027E-01    0.52384E+01
    0.19671E-01    0.52396E+01
    0.20338E-01    0.52359E+01
    0.21028E-01    0.52273E+01
    0.21740E-01    0.52138E+01
    0.22477E-01    0.51953E+01
    0.23239E-01    0.51718E+01
    0.24027E-01    0.51434E+01
    0.24841E-01    0.51100E+01
    0.25683E-01    0.50719E+01
    0.26554E-01    0.50290E+01
    0.27454E-01    0.49816E+01
    0.28384E-01    0.49298E+01
    0.29346E-01    0.48739E+01
    0.30341E-01    0.48140E+01
    0.31369E-01    0.47505E+01
    0.32433E-01    0.46837E+01
    0.33532E-01    0.46138E+01
    0.34669E-01    0.45412E+01
    0.35844E-01    0.44663E+01
    0.37059E-01    0.43894E+01
    0.38315E-01    0.43100E+01
    0.39613E-01    0.42280E+01
    0.40956E-01    0.41451E+01
    0.42344E-01    0.40618E+01
    0.43780E-01    0.39782E+01
    0.45263E-01    0.38944E+01
    0.46798E-01    0.38101E+01
    0.48384E-01    0.37252E+01
    0.50024E-01    0.36391E+01
    0.51719E-01    0.35518E+01
    0.53472E-01    0.34630E+01
    0.55285E-01    0.33728E+01
    0.57159E-01    0.32817E+01
    0.59096E-01    0.31908E+01
    0.61099E-01    0.31048E+01
    0.63170E-01    0.30131E+01
    0.65311E-01    0.29206E+01
    0.67525E-01    0.28272E+01
    0.69814E-01    0.27330E+01
    0.72180E-01    0.26383E+01
    0.74627E-01    0.25439E+01
    0.77156E-01    0.24506E+01
    0.79772E-01    0.23592E+01
    0.82475E-01    0.22705E+01
    0.85271E-01    0.21848E+01
    0.88161E-01    0.21020E+01
    0.91150E-01    0.20217E+01
    0.94239E-01    0.19438E+01
    0.97433E-01    0.18680E+01
    0.10074E+00    0.17944E+01
    0.10415E+00    0.17228E+01
    0.10768E+00    0.16526E+01
    0.11133E+00    0.15834E+01
    0.11510E+00    0.15149E+01
    0.11901E+00    0.14472E+01
    0.12304E+00    0.13807E+01
    0.12721E+00    0.13156E+01
    0.13152E+00    0.12523E+01
    0.13598E+00    0.11913E+01
    0.14059E+00    0.11333E+01
    0.14535E+00    0.10785E+01
    0.15028E+00    0.10265E+01
    0.15537E+00    0.97665E+00
    0.16064E+00    0.92857E+00
    0.16609E+00    0.88208E+00
    0.17171E+00    0.83687E+00
    0.17753E+00    0.79289E+00
    0.18355E+00    0.75049E+00
    0.18977E+00    0.70998E+00
    0.19621E+00    0.67149E+00
    0.20286E+00    0.63510E+00
    0.20973E+00    0.60056E+00
    0.21684E+00    0.56748E+00
    0.22419E+00    0.53582E+00
    0.23179E+00    0.50559E+00
    0.23965E+00    0.47664E+00
    0.24777E+00    0.44910E+00
    0.25617E+00    0.42308E+00
    0.26485E+00    0.39836E+00
    0.27383E+00    0.37493E+00
    0.28311E+00    0.35268E+00
    0.29271E+00    0.33152E+00
    0.30263E+00    0.31150E+00
    0.31288E+00    0.29255E+00
    0.32349E+00    0.27464E+00
    0.33445E+00    0.25769E+00
    0.34579E+00    0.24168E+00
    0.35751E+00    0.22655E+00
    0.36963E+00    0.21228E+00
    0.38216E+00    0.19882E+00
    0.39511E+00    0.18613E+00
    0.40850E+00    0.17417E+00
    0.42235E+00    0.16293E+00
    0.43667E+00    0.15234E+00
    0.45147E+00    0.14239E+00
    0.46677E+00    0.13304E+00
    0.48259E+00    0.12425E+00
    0.49895E+00    0.11600E+00
    0.51586E+00    0.10826E+00
    0.53334E+00    0.10099E+00
    0.55142E+00    0.94182E-01
    0.57011E+00    0.87799E-01
    0.58944E+00    0.81818E-01
    0.60942E+00    0.76217E-01
    0.63007E+00    0.70974E-01
    0.65143E+00    0.66072E-01
    0.67351E+00    0.61489E-01
    0.69634E+00    0.57207E-01
    0.71994E+00    0.53206E-01
    0.74434E+00    0.49470E-01
    0.76957E+00    0.45982E-01
    0.79566E+00    0.42726E-01
    0.82263E+00    0.39688E-01
    0.85051E+00    0.36855E-01
    0.87934E+00    0.34214E-01
    0.90914E+00    0.31754E-01
    0.93996E+00    0.29463E-01
    0.97182E+00    0.27331E-01
    0.10048E+01    0.25345E-01
    0.10388E+01    0.23497E-01
    0.10740E+01    0.21778E-01
    0.11104E+01    0.20180E-01
    0.11481E+01    0.18694E-01
    0.11870E+01    0.17314E-01
    0.12272E+01    0.16032E-01
    0.12688E+01    0.14841E-01
    0.13118E+01    0.13735E-01
    0.13563E+01    0.12709E-01
    0.14023E+01    0.11757E-01
    0.14498E+01    0.10873E-01
    0.14989E+01    0.10054E-01
    0.15497E+01    0.92943E-02
    0.16023E+01    0.85902E-02
    0.16566E+01    0.79378E-02
    0.17127E+01    0.73334E-02
    0.17708E+01    0.67736E-02
    0.18308E+01    0.62553E-02
    0.18928E+01    0.57756E-02
    0.19570E+01    0.53316E-02
    0.20233E+01    0.49208E-02
    0.20919E+01    0.45408E-02
    0.21628E+01    0.41893E-02
    0.22361E+01    0.38644E-02
    0.23119E+01    0.35640E-02
    0.23903E+01    0.32863E-02
    0.24713E+01    0.30297E-02
    0.25551E+01    0.27927E-02
    0.26417E+01    0.25738E-02
    0.27312E+01    0.23716E-02
    0.28238E+01    0.21850E-02
    0.29195E+01    0.20127E-02
    0.30185E+01    0.18538E-02
    0.31208E+01    0.17071E-02
    0.32265E+01    0.15717E-02
    0.33359E+01    0.14469E-02
    0.34490E+01    0.13318E-02
    0.35659E+01    0.12256E-02
    0.36868E+01    0.11278E-02
    0.38117E+01    0.10376E-02
    0.39409E+01    0.95446E-03
    0.40745E+01    0.87789E-03
    0.42126E+01    0.80734E-03
    0.43554E+01    0.74237E-03
    0.45030E+01    0.68252E-03
    0.46556E+01    0.62742E-03
    0.48134E+01    0.57668E-03
    0.49766E+01    0.52998E-03
    0.51453E+01    0.48700E-03
    0.53197E+01    0.44745E-03
    0.55000E+01    0.41106E-03
    0.56864E+01    0.37759E-03
    0.58791E+01    0.34679E-03
    0.60784E+01    0.31847E-03
    0.62845E+01    0.29243E-03
    0.64975E+01    0.26848E-03
    0.67177E+01    0.24647E-03
    0.69454E+01    0.22624E-03
    0.71808E+01    0.20764E-03
    0.74242E+01    0.19056E-03
    0.76759E+01    0.17485E-03
    0.79360E+01    0.16043E-03
    0.82050E+01    0.14718E-03
    0.84831E+01    0.13501E-03
    0.87707E+01    0.12383E-03
    0.90679E+01    0.11357E-03
    0.93753E+01    0.10415E-03
    0.96931E+01    0.95494E-04
    0.10022E+02    0.87552E-04
    0.10361E+02    0.80264E-04
    0.10713E+02    0.73576E-04
    0.11076E+02    0.67438E-04
    0.11451E+02    0.61806E-04
    0.11839E+02    0.56639E-04
    0.12240E+02    0.51899E-04
    0.12655E+02    0.47552E-04
    0.13084E+02    0.43566E-04
    0.13528E+02    0.39909E-04
    0.13986E+02    0.36556E-04
    0.14460E+02    0.33482E-04
    0.14951E+02    0.30665E-04
    0.15457E+02    0.28081E-04
    0.15981E+02    0.25713E-04
    0.16523E+02    0.23543E-04
    0.17083E+02    0.21555E-04
    0.17662E+02    0.19732E-04
    0.18261E+02    0.18063E-04
    0.18880E+02    0.16533E-04
    0.19519E+02    0.15132E-04
    0.20181E+02    0.13848E-04
    0.20865E+02    0.12672E-04
    0.21572E+02    0.11595E-04
    0.22304E+02    0.10609E-04
    0.23060E+02    0.97065E-05
    0.23841E+02    0.88797E-05
    0.24649E+02    0.81228E-05
    0.25485E+02    0.74299E-05
    0.26349E+02    0.67956E-05
    0.27242E+02    0.62150E-05
    0.28165E+02    0.56836E-05
    0.29120E+02    0.51974E-05
    0.30107E+02    0.47523E-05
    0.31127E+02    0.43451E-05
    0.32182E+02    0.39726E-05
    0.33273E+02    0.36317E-05
    0.34401E+02    0.33199E-05
    0.35567E+02    0.30346E-05
    0.36772E+02    0.27737E-05
    0.38019E+02    0.25350E-05
    0.39307E+02    0.23168E-05
    0.40640E+02    0.21172E-05
    0.42017E+02    0.19346E-05
    0.43441E+02    0.17678E-05
    0.44914E+02    0.16152E-05
    0.46436E+02    0.14756E-05
    0.48010E+02    0.13481E-05
    0.49637E+02    0.12315E-05
    0.51320E+02    0.11249E-05
    0.53059E+02    0.10275E-05
    0.54858E+02    0.93851E-06
    0.56717E+02    0.85714E-06
    0.58640E+02    0.78279E-06
    0.60627E+02    0.71485E-06
    0.62682E+02    0.65276E-06
    0.64807E+02    0.59604E-06
    0.67004E+02    0.54421E-06
    0.69275E+02    0.49687E-06
    0.71623E+02    0.45362E-06
    0.74050E+02    0.41411E-06
    0.76560E+02    0.37802E-06
    0.79155E+02    0.34506E-06
    0.81838E+02    0.31496E-06
    0.84612E+02    0.28746E-06
    0.87480E+02    0.26236E-06
    0.90445E+02    0.23943E-06
    0.93511E+02    0.21850E-06
    0.96681E+02    0.19938E-06
    0.99958E+02    0.18193E-06
    0.10335E+03    0.16600E-06
    0.10685E+03    0.15145E-06
    0.11047E+03    0.13818E-06
    0.11421E+03    0.12606E-06
    0.11809E+03    0.11499E-06
    0.12209E+03    0.10490E-06
    0.12623E+03    0.95682E-07
    0.13051E+03    0.87271E-07
    0.13493E+03    0.79596E-07
    0.13950E+03    0.72592E-07
    0.14423E+03    0.66201E-07
    0.14912E+03    0.60370E-07
    0.15417E+03    0.55049E-07
    0.15940E+03    0.50195E-07
    0.16480E+03    0.45766E-07
    0.17039E+03    0.41726E-07
    0.17616E+03    0.38040E-07
    0.18213E+03    0.34678E-07
    0.18831E+03    0.31612E-07
    0.19469E+03    0.28815E-07
    0.20129E+03    0.26264E-07
