    0.10880E-04    0.14978E-01
    0.11249E-04    0.15467E-01
    0.11630E-04    0.15971E-01
    0.12024E-04    0.16492E-01
    0.12432E-04    0.17029E-01
    0.12853E-04    0.17584E-01
    0.13289E-04    0.18158E-01
    0.13739E-04    0.18749E-01
    0.14205E-04    0.19361E-01
    0.14686E-04    0.19992E-01
    0.15184E-04    0.20644E-01
    0.15699E-04    0.21317E-01
    0.16231E-04    0.22012E-01
    0.16781E-04    0.22729E-01
    0.17350E-04    0.23470E-01
    0.17938E-04    0.24235E-01
    0.18546E-04    0.25025E-01
    0.19175E-04    0.25841E-01
    0.19825E-04    0.26683E-01
    0.20497E-04    0.27553E-01
    0.21191E-04    0.28452E-01
    0.21910E-04    0.29379E-01
    0.22652E-04    0.30337E-01
    0.23420E-04    0.31326E-01
    0.24214E-04    0.32347E-01
    0.25035E-04    0.33402E-01
    0.25883E-04    0.34490E-01
    0.26760E-04    0.35615E-01
    0.27667E-04    0.36776E-01
    0.28605E-04    0.37975E-01
    0.29575E-04    0.39213E-01
    0.30577E-04    0.40491E-01
    0.31614E-04    0.41811E-01
    0.32685E-04    0.43174E-01
    0.33793E-04    0.44582E-01
    0.34938E-04    0.46035E-01
    0.36123E-04    0.47536E-01
    0.37347E-04    0.49085E-01
    0.38613E-04    0.50685E-01
    0.39922E-04    0.52338E-01
    0.41275E-04    0.54044E-01
    0.42674E-04    0.55806E-01
    0.44120E-04    0.57625E-01
    0.45616E-04    0.59503E-01
    0.47162E-04    0.61443E-01
    0.48761E-04    0.63446E-01
    0.50413E-04    0.65515E-01
    0.52122E-04    0.67650E-01
    0.53889E-04    0.69856E-01
    0.55715E-04    0.72133E-01
    0.57604E-04    0.74484E-01
    0.59556E-04    0.76912E-01
    0.61575E-04    0.79420E-01
    0.63662E-04    0.82008E-01
    0.65820E-04    0.84682E-01
    0.68051E-04    0.87442E-01
    0.70357E-04    0.90293E-01
    0.72742E-04    0.93236E-01
    0.75208E-04    0.96275E-01
    0.77757E-04    0.99414E-01
    0.80393E-04    0.10265E+00
    0.83118E-04    0.10600E+00
    0.85935E-04    0.10946E+00
    0.88848E-04    0.11302E+00
    0.91859E-04    0.11671E+00
    0.94973E-04    0.12051E+00
    0.98192E-04    0.12444E+00
    0.10152E-03    0.12850E+00
    0.10496E-03    0.13269E+00
    0.10852E-03    0.13701E+00
    0.11220E-03    0.14148E+00
    0.11600E-03    0.14609E+00
    0.11993E-03    0.15085E+00
    0.12400E-03    0.15577E+00
    0.12820E-03    0.16084E+00
    0.13255E-03    0.16609E+00
    0.13704E-03    0.17150E+00
    0.14168E-03    0.17709E+00
    0.14648E-03    0.18286E+00
    0.15145E-03    0.18882E+00
    0.15658E-03    0.19497E+00
    0.16189E-03    0.20133E+00
    0.16738E-03    0.20789E+00
    0.17305E-03    0.21466E+00
    0.17892E-03    0.22166E+00
    0.18498E-03    0.22888E+00
    0.19125E-03    0.23634E+00
    0.19773E-03    0.24404E+00
    0.20444E-03    0.25199E+00
    0.21137E-03    0.26020E+00
    0.21853E-03    0.26868E+00
    0.22594E-03    0.27744E+00
    0.23360E-03    0.28647E+00
    0.24151E-03    0.29581E+00
    0.24970E-03    0.30544E+00
    0.25816E-03    0.31539E+00
    0.26691E-03    0.32567E+00
    0.27596E-03    0.33627E+00
    0.28531E-03    0.34722E+00
    0.29498E-03    0.35853E+00
    0.30498E-03    0.37021E+00
    0.31532E-03    0.38226E+00
    0.32601E-03    0.39471E+00
    0.33706E-03    0.40756E+00
    0.34848E-03    0.42082E+00
    0.36029E-03    0.43452E+00
    0.37251E-03    0.44866E+00
    0.38513E-03    0.46327E+00
    0.39819E-03    0.47834E+00
    0.41168E-03    0.49390E+00
    0.42564E-03    0.50997E+00
    0.44006E-03    0.52655E+00
    0.45498E-03    0.54368E+00
    0.47040E-03    0.56136E+00
    0.48635E-03    0.57960E+00
    0.50283E-03    0.59844E+00
    0.51988E-03    0.61789E+00
    0.53750E-03    0.63796E+00
    0.55572E-03    0.65868E+00
    0.57455E-03    0.68007E+00
    0.59403E-03    0.70215E+00
    0.61416E-03    0.72494E+00
    0.63498E-03    0.74846E+00
    0.65650E-03    0.77273E+00
    0.67875E-03    0.79778E+00
    0.70176E-03    0.82364E+00
    0.72554E-03    0.85032E+00
    0.75014E-03    0.87786E+00
    0.77556E-03    0.90627E+00
    0.80185E-03    0.93559E+00
    0.82903E-03    0.96584E+00
    0.85713E-03    0.99705E+00
    0.88618E-03    0.10293E+01
    0.91622E-03    0.10625E+01
    0.94727E-03    0.10967E+01
    0.97938E-03    0.11321E+01
    0.10126E-02    0.11686E+01
    0.10469E-02    0.12062E+01
    0.10824E-02    0.12449E+01
    0.11191E-02    0.12849E+01
    0.11570E-02    0.13261E+01
    0.11962E-02    0.13687E+01
    0.12368E-02    0.14125E+01
    0.12787E-02    0.14576E+01
    0.13220E-02    0.15042E+01
    0.13668E-02    0.15521E+01
    0.14132E-02    0.16016E+01
    0.14611E-02    0.16525E+01
    0.15106E-02    0.17049E+01
    0.15618E-02    0.17589E+01
    0.16147E-02    0.18145E+01
    0.16695E-02    0.18718E+01
    0.17260E-02    0.19307E+01
    0.17846E-02    0.19913E+01
    0.18450E-02    0.20537E+01
    0.19076E-02    0.21178E+01
    0.19722E-02    0.21838E+01
    0.20391E-02    0.22516E+01
    0.21082E-02    0.23213E+01
    0.21797E-02    0.23929E+01
    0.22535E-02    0.24665E+01
    0.23299E-02    0.25420E+01
    0.24089E-02    0.26194E+01
    0.24905E-02    0.26989E+01
    0.25750E-02    0.27804E+01
    0.26622E-02    0.28640E+01
    0.27525E-02    0.29496E+01
    0.28458E-02    0.30372E+01
    0.29422E-02    0.31269E+01
    0.30420E-02    0.32187E+01
    0.31451E-02    0.33125E+01
    0.32517E-02    0.34083E+01
    0.33619E-02    0.35062E+01
    0.34758E-02    0.36060E+01
    0.35936E-02    0.37078E+01
    0.37155E-02    0.38115E+01
    0.38414E-02    0.39171E+01
    0.39716E-02    0.40245E+01
    0.41062E-02    0.41336E+01
    0.42454E-02    0.42444E+01
    0.43893E-02    0.43569E+01
    0.45381E-02    0.44708E+01
    0.46919E-02    0.45861E+01
    0.48509E-02    0.47027E+01
    0.50153E-02    0.48206E+01
    0.51853E-02    0.49395E+01
    0.53611E-02    0.50593E+01
    0.55428E-02    0.51799E+01
    0.57307E-02    0.53012E+01
    0.59249E-02    0.54229E+01
    0.61257E-02    0.55450E+01
    0.63334E-02    0.56672E+01
    0.65481E-02    0.57895E+01
    0.67700E-02    0.59114E+01
    0.69995E-02    0.60330E+01
    0.72367E-02    0.61540E+01
    0.74820E-02    0.62742E+01
    0.77356E-02    0.63933E+01
    0.79978E-02    0.65112E+01
    0.82689E-02    0.66276E+01
    0.85492E-02    0.67422E+01
    0.88389E-02    0.68549E+01
    0.91385E-02    0.69653E+01
    0.94483E-02    0.70731E+01
    0.97685E-02    0.71780E+01
    0.10100E-01    0.72798E+01
    0.10442E-01    0.73780E+01
    0.10796E-01    0.74724E+01
    0.11162E-01    0.75625E+01
    0.11540E-01    0.76480E+01
    0.11931E-01    0.77285E+01
    0.12336E-01    0.78036E+01
    0.12754E-01    0.78728E+01
    0.13186E-01    0.79359E+01
    0.13633E-01    0.79922E+01
    0.14095E-01    0.80415E+01
    0.14573E-01    0.80833E+01
    0.15067E-01    0.81172E+01
    0.15578E-01    0.81429E+01
    0.16106E-01    0.81599E+01
    0.16652E-01    0.81678E+01
    0.17216E-01    0.81664E+01
    0.17799E-01    0.81552E+01
    0.18403E-01    0.81340E+01
    0.19027E-01    0.81025E+01
    0.19671E-01    0.80605E+01
    0.20338E-01    0.80078E+01
    0.21028E-01    0.79443E+01
    0.21740E-01    0.78700E+01
    0.22477E-01    0.77849E+01
    0.23239E-01    0.76891E+01
    0.24027E-01    0.75828E+01
    0.24841E-01    0.74663E+01
    0.25683E-01    0.73400E+01
    0.26554E-01    0.72044E+01
    0.27454E-01    0.70602E+01
    0.28384E-01    0.69081E+01
    0.29346E-01    0.67489E+01
    0.30341E-01    0.65836E+01
    0.31369E-01    0.64133E+01
    0.32433E-01    0.62391E+01
    0.33532E-01    0.60623E+01
    0.34669E-01    0.58843E+01
    0.35844E-01    0.57063E+01
    0.37059E-01    0.55298E+01
    0.38315E-01    0.53545E+01
    0.39613E-01    0.51822E+01
    0.40956E-01    0.50154E+01
    0.42344E-01    0.48553E+01
    0.43780E-01    0.47032E+01
    0.45263E-01    0.45600E+01
    0.46798E-01    0.44259E+01
    0.48384E-01    0.43011E+01
    0.50024E-01    0.41851E+01
    0.51719E-01    0.40773E+01
    0.53472E-01    0.39767E+01
    0.55285E-01    0.38822E+01
    0.57159E-01    0.37928E+01
    0.59096E-01    0.37081E+01
    0.61099E-01    0.36317E+01
    0.63170E-01    0.35499E+01
    0.65311E-01    0.34655E+01
    0.67525E-01    0.33762E+01
    0.69814E-01    0.32797E+01
    0.72180E-01    0.31746E+01
    0.74627E-01    0.30596E+01
    0.77156E-01    0.29349E+01
    0.79772E-01    0.28015E+01
    0.82475E-01    0.26613E+01
    0.85271E-01    0.25172E+01
    0.88161E-01    0.23725E+01
    0.91150E-01    0.22307E+01
    0.94239E-01    0.20955E+01
    0.97433E-01    0.19704E+01
    0.10074E+00    0.18583E+01
    0.10415E+00    0.17613E+01
    0.10768E+00    0.16798E+01
    0.11133E+00    0.16127E+01
    0.11510E+00    0.15573E+01
    0.11901E+00    0.15100E+01
    0.12304E+00    0.14661E+01
    0.12721E+00    0.14207E+01
    0.13152E+00    0.13689E+01
    0.13598E+00    0.13072E+01
    0.14059E+00    0.12353E+01
    0.14535E+00    0.11562E+01
    0.15028E+00    0.10749E+01
    0.15537E+00    0.99665E+00
    0.16064E+00    0.92590E+00
    0.16609E+00    0.86649E+00
    0.17171E+00    0.82005E+00
    0.17753E+00    0.78468E+00
    0.18355E+00    0.75551E+00
    0.18977E+00    0.72706E+00
    0.19621E+00    0.69484E+00
    0.20286E+00    0.65633E+00
    0.20973E+00    0.61232E+00
    0.21684E+00    0.56678E+00
    0.22419E+00    0.52468E+00
    0.23179E+00    0.48964E+00
    0.23965E+00    0.46250E+00
    0.24777E+00    0.44074E+00
    0.25617E+00    0.42003E+00
    0.26485E+00    0.39702E+00
    0.27383E+00    0.37100E+00
    0.28311E+00    0.34403E+00
    0.29271E+00    0.31949E+00
    0.30263E+00    0.29924E+00
    0.31288E+00    0.28246E+00
    0.32349E+00    0.26685E+00
    0.33445E+00    0.25032E+00
    0.34579E+00    0.23300E+00
    0.35751E+00    0.21659E+00
    0.36963E+00    0.20238E+00
    0.38216E+00    0.19000E+00
    0.39511E+00    0.17816E+00
    0.40850E+00    0.16617E+00
    0.42235E+00    0.15461E+00
    0.43667E+00    0.14420E+00
    0.45147E+00    0.13484E+00
    0.46677E+00    0.12589E+00
    0.48259E+00    0.11720E+00
    0.49895E+00    0.10912E+00
    0.51586E+00    0.10175E+00
    0.53334E+00    0.94817E-01
    0.55142E+00    0.88223E-01
    0.57011E+00    0.82086E-01
    0.58944E+00    0.76406E-01
    0.60942E+00    0.71068E-01
    0.63007E+00    0.66063E-01
    0.65143E+00    0.61415E-01
    0.67351E+00    0.57075E-01
    0.69634E+00    0.53017E-01
    0.71994E+00    0.49241E-01
    0.74434E+00    0.45720E-01
    0.76957E+00    0.42437E-01
    0.79566E+00    0.39380E-01
    0.82263E+00    0.36532E-01
    0.85051E+00    0.33882E-01
    0.87934E+00    0.31415E-01
    0.90914E+00    0.29120E-01
    0.93996E+00    0.26987E-01
    0.97182E+00    0.25004E-01
    0.10048E+01    0.23160E-01
    0.10388E+01    0.21448E-01
    0.10740E+01    0.19856E-01
    0.11104E+01    0.18379E-01
    0.11481E+01    0.17008E-01
    0.11870E+01    0.15735E-01
    0.12272E+01    0.14555E-01
    0.12688E+01    0.13460E-01
    0.13118E+01    0.12445E-01
    0.13563E+01    0.11503E-01
    0.14023E+01    0.10631E-01
    0.14498E+01    0.98228E-02
    0.14989E+01    0.90743E-02
    0.15497E+01    0.83810E-02
    0.16023E+01    0.77392E-02
    0.16566E+01    0.71453E-02
    0.17127E+01    0.65955E-02
    0.17708E+01    0.60869E-02
    0.18308E+01    0.56165E-02
    0.18928E+01    0.51815E-02
    0.19570E+01    0.47793E-02
    0.20233E+01    0.44076E-02
    0.20919E+01    0.40640E-02
    0.21628E+01    0.37465E-02
    0.22361E+01    0.34533E-02
    0.23119E+01    0.31825E-02
    0.23903E+01    0.29324E-02
    0.24713E+01    0.27016E-02
    0.25551E+01    0.24885E-02
    0.26417E+01    0.22918E-02
    0.27312E+01    0.21104E-02
    0.28238E+01    0.19430E-02
    0.29195E+01    0.17887E-02
    0.30185E+01    0.16463E-02
    0.31208E+01    0.15150E-02
    0.32265E+01    0.13941E-02
    0.33359E+01    0.12825E-02
    0.34490E+01    0.11798E-02
    0.35659E+01    0.10851E-02
    0.36868E+01    0.99788E-03
    0.38117E+01    0.91754E-03
    0.39409E+01    0.84356E-03
    0.40745E+01    0.77544E-03
    0.42126E+01    0.71273E-03
    0.43554E+01    0.65501E-03
    0.45030E+01    0.60188E-03
    0.46556E+01    0.55299E-03
    0.48134E+01    0.50801E-03
    0.49766E+01    0.46664E-03
    0.51453E+01    0.42857E-03
    0.53197E+01    0.39357E-03
    0.55000E+01    0.36139E-03
    0.56864E+01    0.33179E-03
    0.58791E+01    0.30459E-03
    0.60784E+01    0.27958E-03
    0.62845E+01    0.25660E-03
    0.64975E+01    0.23548E-03
    0.67177E+01    0.21608E-03
    0.69454E+01    0.19825E-03
    0.71808E+01    0.18188E-03
    0.74242E+01    0.16684E-03
    0.76759E+01    0.15302E-03
    0.79360E+01    0.14034E-03
    0.82050E+01    0.12870E-03
    0.84831E+01    0.11800E-03
    0.87707E+01    0.10819E-03
    0.90679E+01    0.99185E-04
    0.93753E+01    0.90919E-04
    0.96931E+01    0.83334E-04
    0.10022E+02    0.76375E-04
    0.10361E+02    0.69990E-04
    0.10713E+02    0.64133E-04
    0.11076E+02    0.58761E-04
    0.11451E+02    0.53834E-04
    0.11839E+02    0.49316E-04
    0.12240E+02    0.45173E-04
    0.12655E+02    0.41374E-04
    0.13084E+02    0.37892E-04
    0.13528E+02    0.34700E-04
    0.13986E+02    0.31774E-04
    0.14460E+02    0.29092E-04
    0.14951E+02    0.26635E-04
    0.15457E+02    0.24383E-04
    0.15981E+02    0.22320E-04
    0.16523E+02    0.20429E-04
    0.17083E+02    0.18698E-04
    0.17662E+02    0.17111E-04
    0.18261E+02    0.15658E-04
    0.18880E+02    0.14328E-04
    0.19519E+02    0.13109E-04
    0.20181E+02    0.11993E-04
    0.20865E+02    0.10972E-04
    0.21572E+02    0.10037E-04
    0.22304E+02    0.91802E-05
    0.23060E+02    0.83964E-05
    0.23841E+02    0.76790E-05
    0.24649E+02    0.70223E-05
    0.25485E+02    0.64214E-05
    0.26349E+02    0.58715E-05
    0.27242E+02    0.53683E-05
    0.28165E+02    0.49079E-05
    0.29120E+02    0.44866E-05
    0.30107E+02    0.41013E-05
    0.31127E+02    0.37488E-05
    0.32182E+02    0.34264E-05
    0.33273E+02    0.31315E-05
    0.34401E+02    0.28617E-05
    0.35567E+02    0.26151E-05
    0.36772E+02    0.23896E-05
    0.38019E+02    0.21833E-05
    0.39307E+02    0.19948E-05
    0.40640E+02    0.18224E-05
    0.42017E+02    0.16648E-05
    0.43441E+02    0.15207E-05
    0.44914E+02    0.13890E-05
    0.46436E+02    0.12687E-05
    0.48010E+02    0.11587E-05
    0.49637E+02    0.10581E-05
    0.51320E+02    0.96626E-06
    0.53059E+02    0.88231E-06
    0.54858E+02    0.80560E-06
    0.56717E+02    0.73552E-06
    0.58640E+02    0.67149E-06
    0.60627E+02    0.61300E-06
    0.62682E+02    0.55957E-06
    0.64807E+02    0.51076E-06
    0.67004E+02    0.46618E-06
    0.69275E+02    0.42547E-06
    0.71623E+02    0.38828E-06
    0.74050E+02    0.35433E-06
    0.76560E+02    0.32332E-06
    0.79155E+02    0.29500E-06
    0.81838E+02    0.26915E-06
    0.84612E+02    0.24555E-06
    0.87480E+02    0.22400E-06
    0.90445E+02    0.20433E-06
    0.93511E+02    0.18637E-06
    0.96681E+02    0.16998E-06
    0.99958E+02    0.15502E-06
    0.10335E+03    0.14136E-06
    0.10685E+03    0.12890E-06
    0.11047E+03    0.11753E-06
    0.11421E+03    0.10715E-06
    0.11809E+03    0.97682E-07
    0.12209E+03    0.89043E-07
    0.12623E+03    0.81160E-07
    0.13051E+03    0.73969E-07
    0.13493E+03    0.67409E-07
    0.13950E+03    0.61425E-07
    0.14423E+03    0.55967E-07
    0.14912E+03    0.50989E-07
    0.15417E+03    0.46449E-07
    0.15940E+03    0.42309E-07
    0.16480E+03    0.38533E-07
    0.17039E+03    0.35091E-07
    0.17616E+03    0.31952E-07
    0.18213E+03    0.29090E-07
    0.18831E+03    0.26481E-07
    0.19469E+03    0.24104E-07
    0.20129E+03    0.21936E-07
