  0.108800E-04  0.249858E+07  0.249858E+07  0.333123E+07  0.333123E+07  0.000000E+00  0.249858E+07
  0.112487E-04  0.249858E+07  0.249858E+07  0.333122E+07  0.333121E+07  0.000000E+00  0.249858E+07
  0.116300E-04  0.249858E+07  0.249858E+07  0.333120E+07  0.333120E+07  0.000000E+00  0.249858E+07
  0.120242E-04  0.249858E+07  0.249858E+07  0.333118E+07  0.333118E+07  0.000000E+00  0.249858E+07
  0.124318E-04  0.249858E+07  0.249858E+07  0.333117E+07  0.333116E+07  0.000000E+00  0.249858E+07
  0.128531E-04  0.249858E+07  0.249858E+07  0.333115E+07  0.333114E+07  0.000000E+00  0.249858E+07
  0.132888E-04  0.249858E+07  0.249858E+07  0.333113E+07  0.333112E+07  0.000000E+00  0.249858E+07
  0.137392E-04  0.249858E+07  0.249858E+07  0.333110E+07  0.333110E+07  0.000000E+00  0.249858E+07
  0.142049E-04  0.249858E+07  0.249858E+07  0.333108E+07  0.333108E+07  0.000000E+00  0.249858E+07
  0.146864E-04  0.249858E+07  0.249858E+07  0.333106E+07  0.333105E+07  0.000000E+00  0.249858E+07
  0.151842E-04  0.249858E+07  0.249858E+07  0.333103E+07  0.333103E+07  0.000000E+00  0.249858E+07
  0.156989E-04  0.249858E+07  0.249858E+07  0.333100E+07  0.333100E+07  0.000000E+00  0.249858E+07
  0.162310E-04  0.249858E+07  0.249858E+07  0.333097E+07  0.333097E+07  0.000000E+00  0.249858E+07
  0.167811E-04  0.249858E+07  0.249858E+07  0.333094E+07  0.333093E+07  0.000000E+00  0.249858E+07
  0.173499E-04  0.249858E+07  0.249858E+07  0.333090E+07  0.333090E+07  0.000000E+00  0.249858E+07
  0.179380E-04  0.249858E+07  0.249858E+07  0.333087E+07  0.333086E+07  0.000000E+00  0.249858E+07
  0.185460E-04  0.249857E+07  0.249857E+07  0.333083E+07  0.333082E+07  0.000000E+00  0.249857E+07
  0.191746E-04  0.249857E+07  0.249857E+07  0.333079E+07  0.333078E+07  0.000000E+00  0.249857E+07
  0.198246E-04  0.249857E+07  0.249857E+07  0.333074E+07  0.333073E+07  0.000000E+00  0.249857E+07
  0.204965E-04  0.249857E+07  0.249857E+07  0.333069E+07  0.333068E+07  0.000000E+00  0.249857E+07
  0.211913E-04  0.249857E+07  0.249857E+07  0.333064E+07  0.333063E+07  0.000000E+00  0.249857E+07
  0.219095E-04  0.249857E+07  0.249857E+07  0.333059E+07  0.333058E+07  0.000000E+00  0.249857E+07
  0.226522E-04  0.249857E+07  0.249857E+07  0.333053E+07  0.333052E+07  0.000000E+00  0.249857E+07
  0.234200E-04  0.249857E+07  0.249857E+07  0.333046E+07  0.333045E+07  0.000000E+00  0.249857E+07
  0.242138E-04  0.249857E+07  0.249857E+07  0.333040E+07  0.333038E+07  0.000000E+00  0.249857E+07
  0.250345E-04  0.249857E+07  0.249857E+07  0.333032E+07  0.333031E+07  0.000000E+00  0.249857E+07
  0.258831E-04  0.249857E+07  0.249857E+07  0.333025E+07  0.333023E+07  0.000000E+00  0.249857E+07
  0.267604E-04  0.249857E+07  0.249857E+07  0.333016E+07  0.333015E+07  0.000000E+00  0.249857E+07
  0.276674E-04  0.249857E+07  0.249857E+07  0.333008E+07  0.333006E+07  0.000000E+00  0.249857E+07
  0.286052E-04  0.249857E+07  0.249857E+07  0.332998E+07  0.332997E+07  0.000000E+00  0.249857E+07
  0.295748E-04  0.249857E+07  0.249857E+07  0.332988E+07  0.332986E+07  0.000000E+00  0.249857E+07
  0.305772E-04  0.249856E+07  0.249856E+07  0.332978E+07  0.332976E+07  0.000000E+00  0.249856E+07
  0.316136E-04  0.249856E+07  0.249856E+07  0.332966E+07  0.332964E+07  0.000000E+00  0.249856E+07
  0.326852E-04  0.249856E+07  0.249856E+07  0.332954E+07  0.332952E+07  0.000000E+00  0.249856E+07
  0.337931E-04  0.249856E+07  0.249856E+07  0.332941E+07  0.332938E+07  0.000000E+00  0.249856E+07
  0.349385E-04  0.249856E+07  0.249856E+07  0.332927E+07  0.332924E+07  0.000000E+00  0.249856E+07
  0.361227E-04  0.249856E+07  0.249856E+07  0.332912E+07  0.332909E+07  0.000000E+00  0.249856E+07
  0.373471E-04  0.249856E+07  0.249856E+07  0.332896E+07  0.332893E+07  0.000000E+00  0.249856E+07
  0.386130E-04  0.249855E+07  0.249855E+07  0.332878E+07  0.332875E+07  0.000000E+00  0.249855E+07
  0.399218E-04  0.249855E+07  0.249855E+07  0.332860E+07  0.332857E+07  0.000000E+00  0.249855E+07
  0.412749E-04  0.249855E+07  0.249855E+07  0.332841E+07  0.332837E+07  0.000000E+00  0.249855E+07
  0.426740E-04  0.249855E+07  0.249855E+07  0.332820E+07  0.332816E+07  0.000000E+00  0.249855E+07
  0.441204E-04  0.249855E+07  0.249855E+07  0.332797E+07  0.332793E+07  0.000000E+00  0.249855E+07
  0.456159E-04  0.249854E+07  0.249854E+07  0.332774E+07  0.332769E+07  0.000000E+00  0.249854E+07
  0.471620E-04  0.249854E+07  0.249854E+07  0.332748E+07  0.332743E+07  0.000000E+00  0.249854E+07
  0.487606E-04  0.249854E+07  0.249854E+07  0.332721E+07  0.332716E+07  0.000000E+00  0.249854E+07
  0.504133E-04  0.249854E+07  0.249854E+07  0.332692E+07  0.332686E+07  0.000000E+00  0.249854E+07
  0.521221E-04  0.249853E+07  0.249853E+07  0.332660E+07  0.332655E+07  0.000000E+00  0.249853E+07
  0.538888E-04  0.249853E+07  0.249853E+07  0.332627E+07  0.332621E+07  0.000000E+00  0.249853E+07
  0.557153E-04  0.249853E+07  0.249853E+07  0.332591E+07  0.332585E+07  0.000000E+00  0.249853E+07
  0.576038E-04  0.249852E+07  0.249852E+07  0.332553E+07  0.332546E+07  0.000000E+00  0.249852E+07
  0.595563E-04  0.249852E+07  0.249852E+07  0.332513E+07  0.332505E+07  0.000000E+00  0.249852E+07
  0.615750E-04  0.249851E+07  0.249851E+07  0.332469E+07  0.332461E+07  0.000000E+00  0.249851E+07
  0.636621E-04  0.249851E+07  0.249851E+07  0.332423E+07  0.332414E+07  0.000000E+00  0.249851E+07
  0.658199E-04  0.249850E+07  0.249850E+07  0.332373E+07  0.332364E+07  0.000000E+00  0.249850E+07
  0.680509E-04  0.249850E+07  0.249850E+07  0.332320E+07  0.332310E+07  0.000000E+00  0.249850E+07
  0.703575E-04  0.249849E+07  0.249849E+07  0.332263E+07  0.332253E+07  0.000000E+00  0.249849E+07
  0.727422E-04  0.249849E+07  0.249849E+07  0.332202E+07  0.332192E+07  0.000000E+00  0.249849E+07
  0.752079E-04  0.249848E+07  0.249848E+07  0.332138E+07  0.332126E+07  0.000000E+00  0.249848E+07
  0.777570E-04  0.249847E+07  0.249847E+07  0.332068E+07  0.332056E+07  0.000000E+00  0.249847E+07
  0.803926E-04  0.249847E+07  0.249847E+07  0.331994E+07  0.331981E+07  0.000000E+00  0.249847E+07
  0.831175E-04  0.249846E+07  0.249846E+07  0.331915E+07  0.331901E+07  0.000000E+00  0.249846E+07
  0.859348E-04  0.249845E+07  0.249845E+07  0.331831E+07  0.331815E+07  0.000000E+00  0.249845E+07
  0.888476E-04  0.249844E+07  0.249844E+07  0.331740E+07  0.331724E+07  0.000000E+00  0.249844E+07
  0.918591E-04  0.249843E+07  0.249843E+07  0.331644E+07  0.331626E+07  0.000000E+00  0.249843E+07
  0.949726E-04  0.249842E+07  0.249842E+07  0.331540E+07  0.331522E+07  0.000000E+00  0.249842E+07
  0.981917E-04  0.249841E+07  0.249841E+07  0.331430E+07  0.331410E+07  0.000000E+00  0.249841E+07
  0.101520E-03  0.249840E+07  0.249840E+07  0.331312E+07  0.331291E+07  0.000000E+00  0.249840E+07
  0.104961E-03  0.249839E+07  0.249839E+07  0.331186E+07  0.331164E+07  0.000000E+00  0.249839E+07
  0.108519E-03  0.249837E+07  0.249837E+07  0.331052E+07  0.331028E+07  0.000000E+00  0.249837E+07
  0.112197E-03  0.249836E+07  0.249836E+07  0.330908E+07  0.330882E+07  0.000000E+00  0.249836E+07
  0.116000E-03  0.249834E+07  0.249834E+07  0.330754E+07  0.330727E+07  0.000000E+00  0.249834E+07
  0.119932E-03  0.249833E+07  0.249833E+07  0.330590E+07  0.330561E+07  0.000000E+00  0.249833E+07
  0.123997E-03  0.249831E+07  0.249831E+07  0.330415E+07  0.330383E+07  0.000000E+00  0.249831E+07
  0.128200E-03  0.249829E+07  0.249829E+07  0.330227E+07  0.330194E+07  0.000000E+00  0.249829E+07
  0.132545E-03  0.249827E+07  0.249827E+07  0.330027E+07  0.329991E+07  0.000000E+00  0.249827E+07
  0.137038E-03  0.249825E+07  0.249825E+07  0.329813E+07  0.329775E+07  0.000000E+00  0.249825E+07
  0.141683E-03  0.249823E+07  0.249823E+07  0.329585E+07  0.329544E+07  0.000000E+00  0.249823E+07
  0.146485E-03  0.249820E+07  0.249820E+07  0.329341E+07  0.329297E+07  0.000000E+00  0.249820E+07
  0.151450E-03  0.249818E+07  0.249817E+07  0.329080E+07  0.329033E+07  0.000000E+00  0.249818E+07
  0.156583E-03  0.249815E+07  0.249815E+07  0.328802E+07  0.328752E+07  0.000000E+00  0.249815E+07
  0.161891E-03  0.249812E+07  0.249812E+07  0.328504E+07  0.328451E+07  0.000000E+00  0.249812E+07
  0.167378E-03  0.249809E+07  0.249809E+07  0.328187E+07  0.328129E+07  0.000000E+00  0.249809E+07
  0.173051E-03  0.249805E+07  0.249805E+07  0.327847E+07  0.327786E+07  0.000000E+00  0.249805E+07
  0.178917E-03  0.249802E+07  0.249801E+07  0.327485E+07  0.327420E+07  0.000000E+00  0.249802E+07
  0.184981E-03  0.249798E+07  0.249798E+07  0.327098E+07  0.327029E+07  0.000000E+00  0.249798E+07
  0.191251E-03  0.249794E+07  0.249793E+07  0.326685E+07  0.326611E+07  0.000000E+00  0.249794E+07
  0.197734E-03  0.249789E+07  0.249789E+07  0.326244E+07  0.326165E+07  0.000000E+00  0.249789E+07
  0.204436E-03  0.249785E+07  0.249784E+07  0.325774E+07  0.325689E+07  0.000000E+00  0.249785E+07
  0.211366E-03  0.249780E+07  0.249779E+07  0.325271E+07  0.325181E+07  0.000000E+00  0.249780E+07
  0.218530E-03  0.249774E+07  0.249774E+07  0.324735E+07  0.324639E+07  0.000000E+00  0.249774E+07
  0.225937E-03  0.249768E+07  0.249768E+07  0.324162E+07  0.324060E+07  0.000000E+00  0.249768E+07
  0.233595E-03  0.249762E+07  0.249762E+07  0.323551E+07  0.323442E+07  0.000000E+00  0.249762E+07
  0.241513E-03  0.249756E+07  0.249755E+07  0.322900E+07  0.322783E+07  0.000000E+00  0.249756E+07
  0.249699E-03  0.249749E+07  0.249748E+07  0.322204E+07  0.322080E+07  0.000000E+00  0.249749E+07
  0.258162E-03  0.249741E+07  0.249740E+07  0.321463E+07  0.321330E+07  0.000000E+00  0.249741E+07
  0.266913E-03  0.249733E+07  0.249732E+07  0.320671E+07  0.320530E+07  0.000000E+00  0.249733E+07
  0.275960E-03  0.249724E+07  0.249724E+07  0.319828E+07  0.319678E+07  0.000000E+00  0.249724E+07
  0.285314E-03  0.249715E+07  0.249714E+07  0.318928E+07  0.318768E+07  0.000000E+00  0.249715E+07
  0.294984E-03  0.249706E+07  0.249705E+07  0.317969E+07  0.317799E+07  0.000000E+00  0.249705E+07
  0.304983E-03  0.249695E+07  0.249694E+07  0.316947E+07  0.316766E+07  0.000000E+00  0.249695E+07
  0.315320E-03  0.249684E+07  0.249683E+07  0.315858E+07  0.315665E+07  0.000000E+00  0.249684E+07
  0.326008E-03  0.249672E+07  0.249671E+07  0.314698E+07  0.314492E+07  0.000000E+00  0.249672E+07
  0.337058E-03  0.249659E+07  0.249658E+07  0.313461E+07  0.313243E+07  0.000000E+00  0.249659E+07
  0.348483E-03  0.249646E+07  0.249644E+07  0.312145E+07  0.311913E+07  0.000000E+00  0.249645E+07
  0.360295E-03  0.249631E+07  0.249630E+07  0.310744E+07  0.310497E+07  0.000000E+00  0.249631E+07
  0.372507E-03  0.249615E+07  0.249614E+07  0.309252E+07  0.308990E+07  0.000000E+00  0.249615E+07
  0.385133E-03  0.249599E+07  0.249597E+07  0.307666E+07  0.307387E+07  0.000000E+00  0.249599E+07
  0.398187E-03  0.249581E+07  0.249579E+07  0.305978E+07  0.305682E+07  0.000000E+00  0.249581E+07
  0.411684E-03  0.249562E+07  0.249560E+07  0.304183E+07  0.303869E+07  0.000000E+00  0.249562E+07
  0.425638E-03  0.249542E+07  0.249540E+07  0.302275E+07  0.301943E+07  0.000000E+00  0.249542E+07
  0.440065E-03  0.249520E+07  0.249518E+07  0.300249E+07  0.299896E+07  0.000000E+00  0.249520E+07
  0.454981E-03  0.249497E+07  0.249495E+07  0.298096E+07  0.297723E+07  0.000000E+00  0.249497E+07
  0.470403E-03  0.249473E+07  0.249470E+07  0.295811E+07  0.295416E+07  0.000000E+00  0.249472E+07
  0.486347E-03  0.249446E+07  0.249444E+07  0.293387E+07  0.292969E+07  0.000000E+00  0.249446E+07
  0.502832E-03  0.249418E+07  0.249416E+07  0.290816E+07  0.290375E+07  0.000000E+00  0.249418E+07
  0.519875E-03  0.249388E+07  0.249386E+07  0.288091E+07  0.287625E+07  0.000000E+00  0.249388E+07
  0.537497E-03  0.249357E+07  0.249354E+07  0.285205E+07  0.284713E+07  0.000000E+00  0.249356E+07
  0.555715E-03  0.249322E+07  0.249319E+07  0.282150E+07  0.281631E+07  0.000000E+00  0.249322E+07
  0.574551E-03  0.249286E+07  0.249283E+07  0.278918E+07  0.278372E+07  0.000000E+00  0.249286E+07
  0.594026E-03  0.249247E+07  0.249244E+07  0.275501E+07  0.274927E+07  0.000000E+00  0.249247E+07
  0.614160E-03  0.249206E+07  0.249202E+07  0.271893E+07  0.271289E+07  0.000000E+00  0.249205E+07
  0.634977E-03  0.249162E+07  0.249158E+07  0.268084E+07  0.267452E+07  0.000000E+00  0.249161E+07
  0.656500E-03  0.249115E+07  0.249110E+07  0.264069E+07  0.263406E+07  0.000000E+00  0.249114E+07
  0.678752E-03  0.249065E+07  0.249060E+07  0.259840E+07  0.259146E+07  0.000000E+00  0.249064E+07
  0.701758E-03  0.249011E+07  0.249006E+07  0.255389E+07  0.254665E+07  0.000000E+00  0.249011E+07
  0.725544E-03  0.248955E+07  0.248949E+07  0.250712E+07  0.249956E+07  0.000000E+00  0.248954E+07
  0.750137E-03  0.248894E+07  0.248888E+07  0.245801E+07  0.245015E+07  0.000000E+00  0.248893E+07
  0.775563E-03  0.248829E+07  0.248823E+07  0.240653E+07  0.239836E+07  0.000000E+00  0.248828E+07
  0.801851E-03  0.248761E+07  0.248754E+07  0.235263E+07  0.234417E+07  0.000000E+00  0.248760E+07
  0.829029E-03  0.248687E+07  0.248680E+07  0.229628E+07  0.228753E+07  0.000000E+00  0.248686E+07
  0.857129E-03  0.248609E+07  0.248602E+07  0.223748E+07  0.222845E+07  0.000000E+00  0.248608E+07
  0.886182E-03  0.248526E+07  0.248518E+07  0.217620E+07  0.216692E+07  0.000000E+00  0.248525E+07
  0.916219E-03  0.248438E+07  0.248429E+07  0.211248E+07  0.210297E+07  0.000000E+00  0.248437E+07
  0.947274E-03  0.248344E+07  0.248335E+07  0.204635E+07  0.203663E+07  0.000000E+00  0.248343E+07
  0.979383E-03  0.248245E+07  0.248235E+07  0.197786E+07  0.196797E+07  0.000000E+00  0.248243E+07
  0.101258E-02  0.248139E+07  0.248128E+07  0.190710E+07  0.189708E+07  0.000000E+00  0.248137E+07
  0.104690E-02  0.248026E+07  0.248015E+07  0.183418E+07  0.182407E+07  0.000000E+00  0.248024E+07
  0.108239E-02  0.247906E+07  0.247894E+07  0.175923E+07  0.174908E+07  0.000000E+00  0.247905E+07
  0.111907E-02  0.247780E+07  0.247766E+07  0.168244E+07  0.167231E+07  0.000000E+00  0.247777E+07
  0.115700E-02  0.247645E+07  0.247631E+07  0.160400E+07  0.159395E+07  0.000000E+00  0.247643E+07
  0.119622E-02  0.247502E+07  0.247487E+07  0.152416E+07  0.151426E+07  0.000000E+00  0.247500E+07
  0.123677E-02  0.247350E+07  0.247334E+07  0.144320E+07  0.143352E+07  0.000000E+00  0.247348E+07
  0.127869E-02  0.247190E+07  0.247173E+07  0.136144E+07  0.135207E+07  0.000000E+00  0.247187E+07
  0.132203E-02  0.247020E+07  0.247002E+07  0.127924E+07  0.127026E+07  0.000000E+00  0.247017E+07
  0.136684E-02  0.246840E+07  0.246821E+07  0.119700E+07  0.118851E+07  0.000000E+00  0.246837E+07
  0.141317E-02  0.246650E+07  0.246629E+07  0.111516E+07  0.110723E+07  0.000000E+00  0.246647E+07
  0.146107E-02  0.246449E+07  0.246426E+07  0.103418E+07  0.102692E+07  0.000000E+00  0.246445E+07
  0.151059E-02  0.246236E+07  0.246212E+07  0.954572E+06  0.948060E+06  0.000000E+00  0.246232E+07
  0.156179E-02  0.246012E+07  0.245986E+07  0.876851E+06  0.871174E+06  0.000000E+00  0.246008E+07
  0.161473E-02  0.245775E+07  0.245747E+07  0.801560E+06  0.796793E+06  0.000000E+00  0.245770E+07
  0.166946E-02  0.245525E+07  0.245496E+07  0.729241E+06  0.725450E+06  0.000000E+00  0.245520E+07
  0.172605E-02  0.245262E+07  0.245231E+07  0.660433E+06  0.657665E+06  0.000000E+00  0.245257E+07
  0.178455E-02  0.244984E+07  0.244951E+07  0.595649E+06  0.593936E+06  0.000000E+00  0.244979E+07
  0.184504E-02  0.244693E+07  0.244657E+07  0.535368E+06  0.534718E+06  0.000000E+00  0.244687E+07
  0.190758E-02  0.244386E+07  0.244348E+07  0.480012E+06  0.480404E+06  0.000000E+00  0.244380E+07
  0.197223E-02  0.244064E+07  0.244024E+07  0.429927E+06  0.431314E+06  0.000000E+00  0.244058E+07
  0.203908E-02  0.243726E+07  0.243683E+07  0.385369E+06  0.387668E+06  0.000000E+00  0.243719E+07
  0.210820E-02  0.243371E+07  0.243325E+07  0.346478E+06  0.349574E+06  0.000000E+00  0.243364E+07
  0.217966E-02  0.242999E+07  0.242950E+07  0.313264E+06  0.317008E+06  0.000000E+00  0.242991E+07
  0.225354E-02  0.242610E+07  0.242557E+07  0.285596E+06  0.289806E+06  0.000000E+00  0.242601E+07
  0.232992E-02  0.242202E+07  0.242146E+07  0.263187E+06  0.267657E+06  0.000000E+00  0.242193E+07
  0.240889E-02  0.241776E+07  0.241716E+07  0.245598E+06  0.250100E+06  0.000000E+00  0.241766E+07
  0.249054E-02  0.241330E+07  0.241266E+07  0.232236E+06  0.236533E+06  0.000000E+00  0.241320E+07
  0.257496E-02  0.240865E+07  0.240796E+07  0.222379E+06  0.226235E+06  0.000000E+00  0.240854E+07
  0.266224E-02  0.240379E+07  0.240306E+07  0.215194E+06  0.218393E+06  0.000000E+00  0.240368E+07
  0.275248E-02  0.239873E+07  0.239795E+07  0.209778E+06  0.212137E+06  0.000000E+00  0.239861E+07
  0.284577E-02  0.239346E+07  0.239263E+07  0.205212E+06  0.206598E+06  0.000000E+00  0.239333E+07
  0.294223E-02  0.238796E+07  0.238708E+07  0.200609E+06  0.200958E+06  0.000000E+00  0.238783E+07
  0.304196E-02  0.238224E+07  0.238130E+07  0.195188E+06  0.194512E+06  0.000000E+00  0.238210E+07
  0.314506E-02  0.237630E+07  0.237529E+07  0.188333E+06  0.186728E+06  0.000000E+00  0.237614E+07
  0.325166E-02  0.237011E+07  0.236903E+07  0.179651E+06  0.177300E+06  0.000000E+00  0.236995E+07
  0.336188E-02  0.236368E+07  0.236253E+07  0.169022E+06  0.166174E+06  0.000000E+00  0.236351E+07
  0.347583E-02  0.235701E+07  0.235578E+07  0.156616E+06  0.153571E+06  0.000000E+00  0.235682E+07
  0.359365E-02  0.235008E+07  0.234877E+07  0.142892E+06  0.139959E+06  0.000000E+00  0.234988E+07
  0.371545E-02  0.234288E+07  0.234149E+07  0.128548E+06  0.126005E+06  0.000000E+00  0.234267E+07
  0.384139E-02  0.233542E+07  0.233393E+07  0.114446E+06  0.112490E+06  0.000000E+00  0.233519E+07
  0.397159E-02  0.232769E+07  0.232610E+07  0.101494E+06  0.100197E+06  0.000000E+00  0.232744E+07
  0.410621E-02  0.231967E+07  0.231797E+07  0.905116E+05  0.897847E+05  0.000000E+00  0.231941E+07
  0.424539E-02  0.231136E+07  0.230955E+07  0.820876E+05  0.816706E+05  0.000000E+00  0.231108E+07
  0.438929E-02  0.230276E+07  0.230083E+07  0.764575E+05  0.759388E+05  0.000000E+00  0.230246E+07
  0.453806E-02  0.229385E+07  0.229180E+07  0.734311E+05  0.723047E+05  0.000000E+00  0.229354E+07
  0.469188E-02  0.228464E+07  0.228245E+07  0.723921E+05  0.701490E+05  0.000000E+00  0.228430E+07
  0.485091E-02  0.227511E+07  0.227277E+07  0.000000E+00  0.000000E+00  0.000000E+00  0.227475E+07
  0.501534E-02  0.226526E+07  0.226277E+07  0.000000E+00  0.000000E+00  0.000000E+00  0.226488E+07
  0.518533E-02  0.225508E+07  0.225243E+07  0.000000E+00  0.000000E+00  0.000000E+00  0.225467E+07
  0.536109E-02  0.224457E+07  0.224174E+07  0.000000E+00  0.000000E+00  0.000000E+00  0.224413E+07
  0.554280E-02  0.223371E+07  0.223070E+07  0.000000E+00  0.000000E+00  0.000000E+00  0.223324E+07
  0.573068E-02  0.222250E+07  0.221930E+07  0.000000E+00  0.000000E+00  0.000000E+00  0.222201E+07
  0.592492E-02  0.221094E+07  0.220753E+07  0.000000E+00  0.000000E+00  0.000000E+00  0.221042E+07
  0.612574E-02  0.219902E+07  0.219538E+07  0.000000E+00  0.000000E+00  0.000000E+00  0.219846E+07
  0.633338E-02  0.218673E+07  0.218285E+07  0.000000E+00  0.000000E+00  0.000000E+00  0.218613E+07
  0.654805E-02  0.217406E+07  0.216994E+07  0.000000E+00  0.000000E+00  0.000000E+00  0.217342E+07
  0.677000E-02  0.216101E+07  0.215662E+07  0.000000E+00  0.000000E+00  0.000000E+00  0.216033E+07
  0.699947E-02  0.214757E+07  0.214290E+07  0.000000E+00  0.000000E+00  0.000000E+00  0.214685E+07
  0.723671E-02  0.213374E+07  0.212877E+07  0.000000E+00  0.000000E+00  0.000000E+00  0.213297E+07
  0.748200E-02  0.211950E+07  0.211421E+07  0.000000E+00  0.000000E+00  0.000000E+00  0.211869E+07
  0.773561E-02  0.210486E+07  0.209923E+07  0.000000E+00  0.000000E+00  0.000000E+00  0.210399E+07
  0.799781E-02  0.208980E+07  0.208382E+07  0.000000E+00  0.000000E+00  0.000000E+00  0.208887E+07
  0.826889E-02  0.207431E+07  0.206796E+07  0.000000E+00  0.000000E+00  0.000000E+00  0.207333E+07
  0.854917E-02  0.205840E+07  0.205165E+07  0.000000E+00  0.000000E+00  0.000000E+00  0.205736E+07
  0.883894E-02  0.204206E+07  0.203488E+07  0.000000E+00  0.000000E+00  0.000000E+00  0.204095E+07
  0.913854E-02  0.202527E+07  0.201765E+07  0.000000E+00  0.000000E+00  0.000000E+00  0.202409E+07
  0.944829E-02  0.200803E+07  0.199994E+07  0.000000E+00  0.000000E+00  0.000000E+00  0.200678E+07
  0.976854E-02  0.199034E+07  0.198175E+07  0.000000E+00  0.000000E+00  0.000000E+00  0.198901E+07
  0.100996E-01  0.197219E+07  0.196307E+07  0.000000E+00  0.000000E+00  0.000000E+00  0.197078E+07
  0.104420E-01  0.195357E+07  0.194390E+07  0.000000E+00  0.000000E+00  0.000000E+00  0.195208E+07
  0.107959E-01  0.193448E+07  0.192423E+07  0.000000E+00  0.000000E+00  0.000000E+00  0.193290E+07
  0.111618E-01  0.191491E+07  0.190404E+07  0.000000E+00  0.000000E+00  0.000000E+00  0.191323E+07
  0.115402E-01  0.189485E+07  0.188334E+07  0.000000E+00  0.000000E+00  0.000000E+00  0.189308E+07
  0.119313E-01  0.187431E+07  0.186212E+07  0.000000E+00  0.000000E+00  0.000000E+00  0.187243E+07
  0.123357E-01  0.185327E+07  0.184037E+07  0.000000E+00  0.000000E+00  0.000000E+00  0.185128E+07
  0.127539E-01  0.183172E+07  0.181808E+07  0.000000E+00  0.000000E+00  0.000000E+00  0.182962E+07
  0.131862E-01  0.180968E+07  0.179525E+07  0.000000E+00  0.000000E+00  0.000000E+00  0.180745E+07
  0.136331E-01  0.178712E+07  0.177187E+07  0.000000E+00  0.000000E+00  0.000000E+00  0.178477E+07
  0.140952E-01  0.176405E+07  0.174795E+07  0.000000E+00  0.000000E+00  0.000000E+00  0.176157E+07
  0.145730E-01  0.174047E+07  0.172348E+07  0.000000E+00  0.000000E+00  0.000000E+00  0.173785E+07
  0.150669E-01  0.171637E+07  0.169845E+07  0.000000E+00  0.000000E+00  0.000000E+00  0.171360E+07
  0.155776E-01  0.169174E+07  0.167286E+07  0.000000E+00  0.000000E+00  0.000000E+00  0.168883E+07
  0.161056E-01  0.166661E+07  0.164672E+07  0.000000E+00  0.000000E+00  0.000000E+00  0.166354E+07
  0.166515E-01  0.164095E+07  0.162003E+07  0.000000E+00  0.000000E+00  0.000000E+00  0.163772E+07
  0.172159E-01  0.161478E+07  0.159280E+07  0.000000E+00  0.000000E+00  0.000000E+00  0.161139E+07
  0.177994E-01  0.158810E+07  0.156502E+07  0.000000E+00  0.000000E+00  0.000000E+00  0.158454E+07
  0.184028E-01  0.156092E+07  0.153671E+07  0.000000E+00  0.000000E+00  0.000000E+00  0.155718E+07
  0.190265E-01  0.153324E+07  0.150788E+07  0.000000E+00  0.000000E+00  0.000000E+00  0.152933E+07
  0.196714E-01  0.150508E+07  0.147854E+07  0.000000E+00  0.000000E+00  0.000000E+00  0.150098E+07
  0.203382E-01  0.147645E+07  0.144871E+07  0.000000E+00  0.000000E+00  0.000000E+00  0.147217E+07
  0.210276E-01  0.144737E+07  0.141842E+07  0.000000E+00  0.000000E+00  0.000000E+00  0.144291E+07
  0.217403E-01  0.141787E+07  0.138769E+07  0.000000E+00  0.000000E+00  0.000000E+00  0.141321E+07
  0.224772E-01  0.138795E+07  0.135655E+07  0.000000E+00  0.000000E+00  0.000000E+00  0.138310E+07
  0.232390E-01  0.135766E+07  0.132504E+07  0.000000E+00  0.000000E+00  0.000000E+00  0.135262E+07
  0.240267E-01  0.132702E+07  0.129321E+07  0.000000E+00  0.000000E+00  0.000000E+00  0.132180E+07
  0.248411E-01  0.129608E+07  0.126108E+07  0.000000E+00  0.000000E+00  0.000000E+00  0.129068E+07
  0.256831E-01  0.126487E+07  0.122873E+07  0.000000E+00  0.000000E+00  0.000000E+00  0.125930E+07
  0.265537E-01  0.123345E+07  0.119621E+07  0.000000E+00  0.000000E+00  0.000000E+00  0.122771E+07
  0.274537E-01  0.120188E+07  0.116359E+07  0.000000E+00  0.000000E+00  0.000000E+00  0.119597E+07
  0.283842E-01  0.117020E+07  0.113095E+07  0.000000E+00  0.000000E+00  0.000000E+00  0.116414E+07
  0.293463E-01  0.113849E+07  0.109835E+07  0.000000E+00  0.000000E+00  0.000000E+00  0.113230E+07
  0.303410E-01  0.110683E+07  0.106590E+07  0.000000E+00  0.000000E+00  0.000000E+00  0.110051E+07
  0.313694E-01  0.107528E+07  0.103369E+07  0.000000E+00  0.000000E+00  0.000000E+00  0.106886E+07
  0.324327E-01  0.104394E+07  0.100181E+07  0.000000E+00  0.000000E+00  0.000000E+00  0.103744E+07
  0.335320E-01  0.101289E+07  0.970381E+06  0.000000E+00  0.000000E+00  0.000000E+00  0.100633E+07
  0.346686E-01  0.982236E+06  0.939501E+06  0.000000E+00  0.000000E+00  0.000000E+00  0.975640E+06
  0.358437E-01  0.952061E+06  0.909285E+06  0.000000E+00  0.000000E+00  0.000000E+00  0.945460E+06
  0.370586E-01  0.922469E+06  0.879844E+06  0.000000E+00  0.000000E+00  0.000000E+00  0.915891E+06
  0.383147E-01  0.893414E+06  0.851146E+06  0.000000E+00  0.000000E+00  0.000000E+00  0.886890E+06
  0.396134E-01  0.865040E+06  0.823344E+06  0.000000E+00  0.000000E+00  0.000000E+00  0.858605E+06
  0.409561E-01  0.837523E+06  0.796621E+06  0.000000E+00  0.000000E+00  0.000000E+00  0.831211E+06
  0.423443E-01  0.810968E+06  0.771085E+06  0.000000E+00  0.000000E+00  0.000000E+00  0.804813E+06
  0.437796E-01  0.785456E+06  0.746815E+06  0.000000E+00  0.000000E+00  0.000000E+00  0.779492E+06
  0.452635E-01  0.761044E+06  0.723862E+06  0.000000E+00  0.000000E+00  0.000000E+00  0.755305E+06
  0.467977E-01  0.737754E+06  0.702235E+06  0.000000E+00  0.000000E+00  0.000000E+00  0.732272E+06
  0.483839E-01  0.715579E+06  0.681907E+06  0.000000E+00  0.000000E+00  0.000000E+00  0.710383E+06
  0.500239E-01  0.694477E+06  0.662808E+06  0.000000E+00  0.000000E+00  0.000000E+00  0.689589E+06
  0.517194E-01  0.674379E+06  0.644837E+06  0.000000E+00  0.000000E+00  0.000000E+00  0.669820E+06
  0.534725E-01  0.655196E+06  0.627865E+06  0.000000E+00  0.000000E+00  0.000000E+00  0.650978E+06
  0.552850E-01  0.636831E+06  0.611746E+06  0.000000E+00  0.000000E+00  0.000000E+00  0.632960E+06
  0.571588E-01  0.619196E+06  0.596341E+06  0.000000E+00  0.000000E+00  0.000000E+00  0.615669E+06
  0.590963E-01  0.602263E+06  0.581564E+06  0.000000E+00  0.000000E+00  0.000000E+00  0.599068E+06
  0.610993E-01  0.586321E+06  0.567652E+06  0.000000E+00  0.000000E+00  0.000000E+00  0.583440E+06
  0.631703E-01  0.570250E+06  0.553420E+06  0.000000E+00  0.000000E+00  0.000000E+00  0.567652E+06
  0.653114E-01  0.554288E+06  0.539054E+06  0.000000E+00  0.000000E+00  0.000000E+00  0.551936E+06
  0.675252E-01  0.538254E+06  0.524328E+06  0.000000E+00  0.000000E+00  0.000000E+00  0.536104E+06
  0.698139E-01  0.521981E+06  0.509040E+06  0.000000E+00  0.000000E+00  0.000000E+00  0.519984E+06
  0.721803E-01  0.505333E+06  0.493030E+06  0.000000E+00  0.000000E+00  0.000000E+00  0.503434E+06
  0.746268E-01  0.488220E+06  0.476210E+06  0.000000E+00  0.000000E+00  0.000000E+00  0.486367E+06
  0.771564E-01  0.470624E+06  0.458578E+06  0.000000E+00  0.000000E+00  0.000000E+00  0.468765E+06
  0.797716E-01  0.452596E+06  0.440230E+06  0.000000E+00  0.000000E+00  0.000000E+00  0.450688E+06
  0.824755E-01  0.434262E+06  0.421352E+06  0.000000E+00  0.000000E+00  0.000000E+00  0.432269E+06
  0.852709E-01  0.415804E+06  0.402215E+06  0.000000E+00  0.000000E+00  0.000000E+00  0.413706E+06
  0.881612E-01  0.397448E+06  0.383142E+06  0.000000E+00  0.000000E+00  0.000000E+00  0.395240E+06
  0.911495E-01  0.379452E+06  0.364500E+06  0.000000E+00  0.000000E+00  0.000000E+00  0.377144E+06
  0.942390E-01  0.362096E+06  0.346674E+06  0.000000E+00  0.000000E+00  0.000000E+00  0.359716E+06
  0.974333E-01  0.345668E+06  0.330047E+06  0.000000E+00  0.000000E+00  0.000000E+00  0.343257E+06
  0.100736E+00  0.330437E+06  0.314955E+06  0.000000E+00  0.000000E+00  0.000000E+00  0.328048E+06
  0.104150E+00  0.316599E+06  0.301628E+06  0.000000E+00  0.000000E+00  0.000000E+00  0.314289E+06
  0.107680E+00  0.304228E+06  0.290129E+06  0.000000E+00  0.000000E+00  0.000000E+00  0.302052E+06
  0.111330E+00  0.293245E+06  0.280322E+06  0.000000E+00  0.000000E+00  0.000000E+00  0.291250E+06
  0.115104E+00  0.283437E+06  0.271891E+06  0.000000E+00  0.000000E+00  0.000000E+00  0.281655E+06
  0.119005E+00  0.274488E+06  0.264382E+06  0.000000E+00  0.000000E+00  0.000000E+00  0.272928E+06
  0.123039E+00  0.266012E+06  0.257256E+06  0.000000E+00  0.000000E+00  0.000000E+00  0.264661E+06
  0.127209E+00  0.257572E+06  0.249930E+06  0.000000E+00  0.000000E+00  0.000000E+00  0.256393E+06
  0.131521E+00  0.248731E+06  0.241856E+06  0.000000E+00  0.000000E+00  0.000000E+00  0.247670E+06
  0.135979E+00  0.239174E+06  0.232662E+06  0.000000E+00  0.000000E+00  0.000000E+00  0.238169E+06
  0.140588E+00  0.228842E+06  0.222311E+06  0.000000E+00  0.000000E+00  0.000000E+00  0.227834E+06
  0.145353E+00  0.217965E+06  0.211124E+06  0.000000E+00  0.000000E+00  0.000000E+00  0.216909E+06
  0.150280E+00  0.206942E+06  0.199656E+06  0.000000E+00  0.000000E+00  0.000000E+00  0.205818E+06
  0.155374E+00  0.196211E+06  0.188525E+06  0.000000E+00  0.000000E+00  0.000000E+00  0.195025E+06
  0.160640E+00  0.186196E+06  0.178326E+06  0.000000E+00  0.000000E+00  0.000000E+00  0.184982E+06
  0.166085E+00  0.177293E+06  0.169562E+06  0.000000E+00  0.000000E+00  0.000000E+00  0.176100E+06
  0.171715E+00  0.169711E+06  0.162460E+06  0.000000E+00  0.000000E+00  0.000000E+00  0.168592E+06
  0.177535E+00  0.163300E+06  0.156784E+06  0.000000E+00  0.000000E+00  0.000000E+00  0.162294E+06
  0.183553E+00  0.157595E+06  0.151909E+06  0.000000E+00  0.000000E+00  0.000000E+00  0.156718E+06
  0.189774E+00  0.152059E+06  0.147104E+06  0.000000E+00  0.000000E+00  0.000000E+00  0.151294E+06
  0.196206E+00  0.146242E+06  0.141765E+06  0.000000E+00  0.000000E+00  0.000000E+00  0.145551E+06
  0.202857E+00  0.139874E+06  0.135565E+06  0.000000E+00  0.000000E+00  0.000000E+00  0.139209E+06
  0.209733E+00  0.132997E+06  0.128603E+06  0.000000E+00  0.000000E+00  0.000000E+00  0.132319E+06
  0.216842E+00  0.125982E+06  0.121407E+06  0.000000E+00  0.000000E+00  0.000000E+00  0.125276E+06
  0.224192E+00  0.119335E+06  0.114662E+06  0.000000E+00  0.000000E+00  0.000000E+00  0.118614E+06
  0.231791E+00  0.113465E+06  0.108904E+06  0.000000E+00  0.000000E+00  0.000000E+00  0.112761E+06
  0.239647E+00  0.108502E+06  0.104273E+06  0.000000E+00  0.000000E+00  0.000000E+00  0.107849E+06
  0.247770E+00  0.104191E+06  0.100408E+06  0.000000E+00  0.000000E+00  0.000000E+00  0.103607E+06
  0.256168E+00  0.100057E+06  0.966727E+05  0.000000E+00  0.000000E+00  0.000000E+00  0.995351E+05
  0.264851E+00  0.957175E+05  0.925619E+05  0.000000E+00  0.000000E+00  0.000000E+00  0.952305E+05
  0.273828E+00  0.910703E+05  0.879663E+05  0.000000E+00  0.000000E+00  0.000000E+00  0.905912E+05
  0.283110E+00  0.863308E+05  0.832015E+05  0.000000E+00  0.000000E+00  0.000000E+00  0.858479E+05
  0.292706E+00  0.818907E+05  0.787928E+05  0.000000E+00  0.000000E+00  0.000000E+00  0.814126E+05
  0.302627E+00  0.779905E+05  0.750499E+05  0.000000E+00  0.000000E+00  0.000000E+00  0.775366E+05
  0.312884E+00  0.745494E+05  0.718510E+05  0.000000E+00  0.000000E+00  0.000000E+00  0.741330E+05
  0.323490E+00  0.712916E+05  0.688148E+05  0.000000E+00  0.000000E+00  0.000000E+00  0.709094E+05
  0.334454E+00  0.679478E+05  0.655976E+05  0.000000E+00  0.000000E+00  0.000000E+00  0.675851E+05
  0.345791E+00  0.645221E+05  0.622218E+05  0.000000E+00  0.000000E+00  0.000000E+00  0.641671E+05
  0.357512E+00  0.612275E+05  0.589810E+05  0.000000E+00  0.000000E+00  0.000000E+00  0.608808E+05
  0.369629E+00  0.582434E+05  0.561087E+05  0.000000E+00  0.000000E+00  0.000000E+00  0.579140E+05
  0.382158E+00  0.555293E+05  0.535422E+05  0.000000E+00  0.000000E+00  0.000000E+00  0.552226E+05
  0.395111E+00  0.529102E+05  0.510460E+05  0.000000E+00  0.000000E+00  0.000000E+00  0.526225E+05
  0.408504E+00  0.502879E+05  0.484995E+05  0.000000E+00  0.000000E+00  0.000000E+00  0.500119E+05
  0.422350E+00  0.477395E+05  0.460135E+05  0.000000E+00  0.000000E+00  0.000000E+00  0.474731E+05
  0.436666E+00  0.453710E+05  0.437298E+05  0.000000E+00  0.000000E+00  0.000000E+00  0.451177E+05
  0.451466E+00  0.431727E+05  0.416297E+05  0.000000E+00  0.000000E+00  0.000000E+00  0.429346E+05
  0.466769E+00  0.410509E+05  0.395900E+05  0.000000E+00  0.000000E+00  0.000000E+00  0.408254E+05
  0.482590E+00  0.389806E+05  0.375831E+05  0.000000E+00  0.000000E+00  0.000000E+00  0.387650E+05
  0.498948E+00  0.370153E+05  0.356831E+05  0.000000E+00  0.000000E+00  0.000000E+00  0.368097E+05
  0.515859E+00  0.351727E+05  0.339129E+05  0.000000E+00  0.000000E+00  0.000000E+00  0.349782E+05
  0.533344E+00  0.334131E+05  0.322195E+05  0.000000E+00  0.000000E+00  0.000000E+00  0.332288E+05
  0.551422E+00  0.317179E+05  0.305813E+05  0.000000E+00  0.000000E+00  0.000000E+00  0.315425E+05
  0.570113E+00  0.301083E+05  0.290283E+05  0.000000E+00  0.000000E+00  0.000000E+00  0.299416E+05
  0.589437E+00  0.285854E+05  0.275624E+05  0.000000E+00  0.000000E+00  0.000000E+00  0.284275E+05
  0.609416E+00  0.271301E+05  0.261591E+05  0.000000E+00  0.000000E+00  0.000000E+00  0.269802E+05
  0.630072E+00  0.257412E+05  0.248189E+05  0.000000E+00  0.000000E+00  0.000000E+00  0.255989E+05
  0.651428E+00  0.244241E+05  0.235496E+05  0.000000E+00  0.000000E+00  0.000000E+00  0.242891E+05
  0.673509E+00  0.231706E+05  0.223413E+05  0.000000E+00  0.000000E+00  0.000000E+00  0.230426E+05
  0.696337E+00  0.219765E+05  0.211896E+05  0.000000E+00  0.000000E+00  0.000000E+00  0.218551E+05
  0.719940E+00  0.208422E+05  0.200962E+05  0.000000E+00  0.000000E+00  0.000000E+00  0.207271E+05
  0.744342E+00  0.197637E+05  0.190563E+05  0.000000E+00  0.000000E+00  0.000000E+00  0.196545E+05
  0.769572E+00  0.187379E+05  0.180672E+05  0.000000E+00  0.000000E+00  0.000000E+00  0.186344E+05
  0.795656E+00  0.177632E+05  0.171275E+05  0.000000E+00  0.000000E+00  0.000000E+00  0.176651E+05
  0.822625E+00  0.168367E+05  0.162341E+05  0.000000E+00  0.000000E+00  0.000000E+00  0.167437E+05
  0.850508E+00  0.159564E+05  0.153854E+05  0.000000E+00  0.000000E+00  0.000000E+00  0.158683E+05
  0.879336E+00  0.151201E+05  0.145790E+05  0.000000E+00  0.000000E+00  0.000000E+00  0.150365E+05
  0.909141E+00  0.143257E+05  0.138131E+05  0.000000E+00  0.000000E+00  0.000000E+00  0.142466E+05
  0.939957E+00  0.135715E+05  0.130859E+05  0.000000E+00  0.000000E+00  0.000000E+00  0.134966E+05
  0.971817E+00  0.128554E+05  0.123955E+05  0.000000E+00  0.000000E+00  0.000000E+00  0.127845E+05
  0.100476E+01  0.121756E+05  0.117400E+05  0.000000E+00  0.000000E+00  0.000000E+00  0.121084E+05
  0.103881E+01  0.115304E+05  0.111178E+05  0.000000E+00  0.000000E+00  0.000000E+00  0.114667E+05
  0.107402E+01  0.109179E+05  0.105273E+05  0.000000E+00  0.000000E+00  0.000000E+00  0.108576E+05
  0.111043E+01  0.103367E+05  0.996696E+04  0.000000E+00  0.000000E+00  0.000000E+00  0.102797E+05
  0.114807E+01  0.978535E+04  0.943529E+04  0.000000E+00  0.000000E+00  0.000000E+00  0.973133E+04
  0.118698E+01  0.926242E+04  0.893108E+04  0.000000E+00  0.000000E+00  0.000000E+00  0.921128E+04
  0.122721E+01  0.876647E+04  0.845289E+04  0.000000E+00  0.000000E+00  0.000000E+00  0.871808E+04
  0.126881E+01  0.829614E+04  0.799938E+04  0.000000E+00  0.000000E+00  0.000000E+00  0.825034E+04
  0.131182E+01  0.785019E+04  0.756940E+04  0.000000E+00  0.000000E+00  0.000000E+00  0.780686E+04
  0.135628E+01  0.742739E+04  0.716173E+04  0.000000E+00  0.000000E+00  0.000000E+00  0.738639E+04
  0.140225E+01  0.702661E+04  0.677529E+04  0.000000E+00  0.000000E+00  0.000000E+00  0.698782E+04
  0.144978E+01  0.664677E+04  0.640904E+04  0.000000E+00  0.000000E+00  0.000000E+00  0.661008E+04
  0.149892E+01  0.628682E+04  0.606197E+04  0.000000E+00  0.000000E+00  0.000000E+00  0.625212E+04
  0.154973E+01  0.594578E+04  0.573313E+04  0.000000E+00  0.000000E+00  0.000000E+00  0.591296E+04
  0.160226E+01  0.562267E+04  0.542158E+04  0.000000E+00  0.000000E+00  0.000000E+00  0.559163E+04
  0.165656E+01  0.531663E+04  0.512649E+04  0.000000E+00  0.000000E+00  0.000000E+00  0.528728E+04
  0.171271E+01  0.502674E+04  0.484697E+04  0.000000E+00  0.000000E+00  0.000000E+00  0.499899E+04
  0.177077E+01  0.475220E+04  0.458225E+04  0.000000E+00  0.000000E+00  0.000000E+00  0.472597E+04
  0.183079E+01  0.449222E+04  0.433157E+04  0.000000E+00  0.000000E+00  0.000000E+00  0.446743E+04
  0.189284E+01  0.424608E+04  0.409424E+04  0.000000E+00  0.000000E+00  0.000000E+00  0.422265E+04
  0.195700E+01  0.401307E+04  0.386957E+04  0.000000E+00  0.000000E+00  0.000000E+00  0.399093E+04
  0.202333E+01  0.379253E+04  0.365691E+04  0.000000E+00  0.000000E+00  0.000000E+00  0.377160E+04
  0.209191E+01  0.358377E+04  0.345562E+04  0.000000E+00  0.000000E+00  0.000000E+00  0.356399E+04
  0.216282E+01  0.338620E+04  0.326512E+04  0.000000E+00  0.000000E+00  0.000000E+00  0.336752E+04
  0.223613E+01  0.319925E+04  0.308485E+04  0.000000E+00  0.000000E+00  0.000000E+00  0.318160E+04
  0.231192E+01  0.302238E+04  0.291430E+04  0.000000E+00  0.000000E+00  0.000000E+00  0.300570E+04
  0.239028E+01  0.285505E+04  0.275296E+04  0.000000E+00  0.000000E+00  0.000000E+00  0.283929E+04
  0.247130E+01  0.269676E+04  0.260033E+04  0.000000E+00  0.000000E+00  0.000000E+00  0.268187E+04
  0.255507E+01  0.254703E+04  0.245595E+04  0.000000E+00  0.000000E+00  0.000000E+00  0.253297E+04
  0.264167E+01  0.240542E+04  0.231941E+04  0.000000E+00  0.000000E+00  0.000000E+00  0.239215E+04
  0.273121E+01  0.227152E+04  0.219030E+04  0.000000E+00  0.000000E+00  0.000000E+00  0.225899E+04
  0.282379E+01  0.214491E+04  0.206821E+04  0.000000E+00  0.000000E+00  0.000000E+00  0.213307E+04
  0.291950E+01  0.202519E+04  0.195277E+04  0.000000E+00  0.000000E+00  0.000000E+00  0.201402E+04
  0.301846E+01  0.191201E+04  0.184364E+04  0.000000E+00  0.000000E+00  0.000000E+00  0.190146E+04
  0.312077E+01  0.180502E+04  0.174047E+04  0.000000E+00  0.000000E+00  0.000000E+00  0.179506E+04
  0.322655E+01  0.170390E+04  0.164297E+04  0.000000E+00  0.000000E+00  0.000000E+00  0.169449E+04
  0.333591E+01  0.160832E+04  0.155081E+04  0.000000E+00  0.000000E+00  0.000000E+00  0.159945E+04
  0.344898E+01  0.151800E+04  0.146372E+04  0.000000E+00  0.000000E+00  0.000000E+00  0.150962E+04
  0.356588E+01  0.143265E+04  0.138142E+04  0.000000E+00  0.000000E+00  0.000000E+00  0.142474E+04
  0.368675E+01  0.135200E+04  0.130365E+04  0.000000E+00  0.000000E+00  0.000000E+00  0.134454E+04
  0.381172E+01  0.127581E+04  0.123018E+04  0.000000E+00  0.000000E+00  0.000000E+00  0.126877E+04
  0.394091E+01  0.120383E+04  0.116078E+04  0.000000E+00  0.000000E+00  0.000000E+00  0.119719E+04
  0.407449E+01  0.113583E+04  0.109521E+04  0.000000E+00  0.000000E+00  0.000000E+00  0.112956E+04
  0.421259E+01  0.107161E+04  0.103328E+04  0.000000E+00  0.000000E+00  0.000000E+00  0.106570E+04
  0.435538E+01  0.101095E+04  0.974794E+03  0.000000E+00  0.000000E+00  0.000000E+00  0.100537E+04
  0.450301E+01  0.953668E+03  0.919556E+03  0.000000E+00  0.000000E+00  0.000000E+00  0.948403E+03
  0.465564E+01  0.899570E+03  0.867392E+03  0.000000E+00  0.000000E+00  0.000000E+00  0.894604E+03
  0.481344E+01  0.848490E+03  0.818138E+03  0.000000E+00  0.000000E+00  0.000000E+00  0.843806E+03
  0.497659E+01  0.800262E+03  0.771633E+03  0.000000E+00  0.000000E+00  0.000000E+00  0.795844E+03
  0.514527E+01  0.754729E+03  0.727727E+03  0.000000E+00  0.000000E+00  0.000000E+00  0.750561E+03
  0.531968E+01  0.711742E+03  0.686277E+03  0.000000E+00  0.000000E+00  0.000000E+00  0.707812E+03
  0.549998E+01  0.671167E+03  0.647152E+03  0.000000E+00  0.000000E+00  0.000000E+00  0.667461E+03
  0.568641E+01  0.632867E+03  0.610220E+03  0.000000E+00  0.000000E+00  0.000000E+00  0.629372E+03
  0.587915E+01  0.596718E+03  0.575363E+03  0.000000E+00  0.000000E+00  0.000000E+00  0.593422E+03
  0.607843E+01  0.562602E+03  0.542466E+03  0.000000E+00  0.000000E+00  0.000000E+00  0.559494E+03
  0.628446E+01  0.530407E+03  0.511421E+03  0.000000E+00  0.000000E+00  0.000000E+00  0.527477E+03
  0.649747E+01  0.500026E+03  0.482126E+03  0.000000E+00  0.000000E+00  0.000000E+00  0.497264E+03
  0.671770E+01  0.471359E+03  0.454484E+03  0.000000E+00  0.000000E+00  0.000000E+00  0.468755E+03
  0.694539E+01  0.444314E+03  0.428405E+03  0.000000E+00  0.000000E+00  0.000000E+00  0.441859E+03
  0.718081E+01  0.418796E+03  0.403799E+03  0.000000E+00  0.000000E+00  0.000000E+00  0.416482E+03
  0.742420E+01  0.394724E+03  0.380587E+03  0.000000E+00  0.000000E+00  0.000000E+00  0.392542E+03
  0.767585E+01  0.372016E+03  0.358690E+03  0.000000E+00  0.000000E+00  0.000000E+00  0.369960E+03
  0.793602E+01  0.350597E+03  0.338036E+03  0.000000E+00  0.000000E+00  0.000000E+00  0.348658E+03
  0.820502E+01  0.330393E+03  0.318554E+03  0.000000E+00  0.000000E+00  0.000000E+00  0.328566E+03
  0.848312E+01  0.311340E+03  0.300181E+03  0.000000E+00  0.000000E+00  0.000000E+00  0.309617E+03
  0.877066E+01  0.293369E+03  0.282852E+03  0.000000E+00  0.000000E+00  0.000000E+00  0.291746E+03
  0.906794E+01  0.276423E+03  0.266511E+03  0.000000E+00  0.000000E+00  0.000000E+00  0.274893E+03
  0.937530E+01  0.260443E+03  0.251102E+03  0.000000E+00  0.000000E+00  0.000000E+00  0.259001E+03
  0.969308E+01  0.245375E+03  0.236572E+03  0.000000E+00  0.000000E+00  0.000000E+00  0.244016E+03
  0.100216E+02  0.231168E+03  0.222873E+03  0.000000E+00  0.000000E+00  0.000000E+00  0.229888E+03
  0.103613E+02  0.217773E+03  0.209956E+03  0.000000E+00  0.000000E+00  0.000000E+00  0.216567E+03
  0.107125E+02  0.205145E+03  0.197779E+03  0.000000E+00  0.000000E+00  0.000000E+00  0.204008E+03
  0.110756E+02  0.193241E+03  0.186300E+03  0.000000E+00  0.000000E+00  0.000000E+00  0.192169E+03
  0.114510E+02  0.182019E+03  0.175479E+03  0.000000E+00  0.000000E+00  0.000000E+00  0.181009E+03
  0.118392E+02  0.171441E+03  0.165279E+03  0.000000E+00  0.000000E+00  0.000000E+00  0.170490E+03
  0.122404E+02  0.161471E+03  0.155665E+03  0.000000E+00  0.000000E+00  0.000000E+00  0.160575E+03
  0.126553E+02  0.152074E+03  0.146603E+03  0.000000E+00  0.000000E+00  0.000000E+00  0.151229E+03
  0.130843E+02  0.143218E+03  0.138063E+03  0.000000E+00  0.000000E+00  0.000000E+00  0.142422E+03
  0.135278E+02  0.134871E+03  0.130015E+03  0.000000E+00  0.000000E+00  0.000000E+00  0.134122E+03
  0.139863E+02  0.127006E+03  0.122430E+03  0.000000E+00  0.000000E+00  0.000000E+00  0.126300E+03
  0.144604E+02  0.119595E+03  0.115283E+03  0.000000E+00  0.000000E+00  0.000000E+00  0.118929E+03
  0.149505E+02  0.112611E+03  0.108549E+03  0.000000E+00  0.000000E+00  0.000000E+00  0.111984E+03
  0.154573E+02  0.106031E+03  0.102204E+03  0.000000E+00  0.000000E+00  0.000000E+00  0.105440E+03
  0.159812E+02  0.998311E+02  0.962251E+02  0.000000E+00  0.000000E+00  0.000000E+00  0.992746E+02
  0.165229E+02  0.939903E+02  0.905927E+02  0.000000E+00  0.000000E+00  0.000000E+00  0.934659E+02
  0.170829E+02  0.884876E+02  0.852863E+02  0.000000E+00  0.000000E+00  0.000000E+00  0.879935E+02
  0.176619E+02  0.833039E+02  0.802876E+02  0.000000E+00  0.000000E+00  0.000000E+00  0.828384E+02
  0.182606E+02  0.784207E+02  0.755786E+02  0.000000E+00  0.000000E+00  0.000000E+00  0.779821E+02
  0.188795E+02  0.738211E+02  0.711430E+02  0.000000E+00  0.000000E+00  0.000000E+00  0.734078E+02
  0.195195E+02  0.694885E+02  0.669650E+02  0.000000E+00  0.000000E+00  0.000000E+00  0.690990E+02
  0.201811E+02  0.654078E+02  0.630299E+02  0.000000E+00  0.000000E+00  0.000000E+00  0.650408E+02
  0.208651E+02  0.615644E+02  0.593235E+02  0.000000E+00  0.000000E+00  0.000000E+00  0.612186E+02
  0.215723E+02  0.579448E+02  0.558330E+02  0.000000E+00  0.000000E+00  0.000000E+00  0.576189E+02
  0.223035E+02  0.545360E+02  0.525456E+02  0.000000E+00  0.000000E+00  0.000000E+00  0.542288E+02
  0.230595E+02  0.513259E+02  0.494500E+02  0.000000E+00  0.000000E+00  0.000000E+00  0.510364E+02
  0.238411E+02  0.483029E+02  0.465348E+02  0.000000E+00  0.000000E+00  0.000000E+00  0.480300E+02
  0.246492E+02  0.454565E+02  0.437898E+02  0.000000E+00  0.000000E+00  0.000000E+00  0.451993E+02
  0.254847E+02  0.427762E+02  0.412050E+02  0.000000E+00  0.000000E+00  0.000000E+00  0.425337E+02
  0.263485E+02  0.402526E+02  0.387712E+02  0.000000E+00  0.000000E+00  0.000000E+00  0.400239E+02
  0.272416E+02  0.378766E+02  0.364798E+02  0.000000E+00  0.000000E+00  0.000000E+00  0.376610E+02
  0.281650E+02  0.356395E+02  0.343225E+02  0.000000E+00  0.000000E+00  0.000000E+00  0.354363E+02
  0.291196E+02  0.335335E+02  0.322914E+02  0.000000E+00  0.000000E+00  0.000000E+00  0.333418E+02
  0.301066E+02  0.315508E+02  0.303793E+02  0.000000E+00  0.000000E+00  0.000000E+00  0.313700E+02
  0.311271E+02  0.296845E+02  0.285794E+02  0.000000E+00  0.000000E+00  0.000000E+00  0.295139E+02
  0.321822E+02  0.279275E+02  0.268849E+02  0.000000E+00  0.000000E+00  0.000000E+00  0.277666E+02
  0.332730E+02  0.262737E+02  0.252899E+02  0.000000E+00  0.000000E+00  0.000000E+00  0.261219E+02
  0.344008E+02  0.247170E+02  0.237886E+02  0.000000E+00  0.000000E+00  0.000000E+00  0.245737E+02
  0.355668E+02  0.232518E+02  0.223755E+02  0.000000E+00  0.000000E+00  0.000000E+00  0.231165E+02
  0.367723E+02  0.218727E+02  0.210454E+02  0.000000E+00  0.000000E+00  0.000000E+00  0.217450E+02
  0.380187E+02  0.205747E+02  0.197936E+02  0.000000E+00  0.000000E+00  0.000000E+00  0.204542E+02
  0.393074E+02  0.193531E+02  0.186154E+02  0.000000E+00  0.000000E+00  0.000000E+00  0.192393E+02
  0.406397E+02  0.182035E+02  0.175066E+02  0.000000E+00  0.000000E+00  0.000000E+00  0.180960E+02
  0.420172E+02  0.171217E+02  0.164631E+02  0.000000E+00  0.000000E+00  0.000000E+00  0.170200E+02
  0.434414E+02  0.161036E+02  0.154811E+02  0.000000E+00  0.000000E+00  0.000000E+00  0.160075E+02
  0.449138E+02  0.151455E+02  0.145571E+02  0.000000E+00  0.000000E+00  0.000000E+00  0.150547E+02
  0.464362E+02  0.142440E+02  0.136875E+02  0.000000E+00  0.000000E+00  0.000000E+00  0.141581E+02
  0.480101E+02  0.133958E+02  0.128693E+02  0.000000E+00  0.000000E+00  0.000000E+00  0.133145E+02
  0.496375E+02  0.125976E+02  0.120994E+02  0.000000E+00  0.000000E+00  0.000000E+00  0.125207E+02
  0.513199E+02  0.118467E+02  0.113751E+02  0.000000E+00  0.000000E+00  0.000000E+00  0.117739E+02
  0.530594E+02  0.111401E+02  0.106935E+02  0.000000E+00  0.000000E+00  0.000000E+00  0.110712E+02
  0.548579E+02  0.104754E+02  0.100523E+02  0.000000E+00  0.000000E+00  0.000000E+00  0.104101E+02
  0.567173E+02  0.984997E+01  0.944897E+01  0.000000E+00  0.000000E+00  0.000000E+00  0.978808E+01
  0.586397E+02  0.926163E+01  0.888141E+01  0.000000E+00  0.000000E+00  0.000000E+00  0.920295E+01
  0.606273E+02  0.870813E+01  0.834745E+01  0.000000E+00  0.000000E+00  0.000000E+00  0.865246E+01
  0.626823E+02  0.818746E+01  0.784515E+01  0.000000E+00  0.000000E+00  0.000000E+00  0.813463E+01
  0.648069E+02  0.769766E+01  0.737261E+01  0.000000E+00  0.000000E+00  0.000000E+00  0.764749E+01
  0.670036E+02  0.723692E+01  0.692811E+01  0.000000E+00  0.000000E+00  0.000000E+00  0.718926E+01
  0.692747E+02  0.680355E+01  0.650999E+01  0.000000E+00  0.000000E+00  0.000000E+00  0.675825E+01
  0.716227E+02  0.639591E+01  0.611668E+01  0.000000E+00  0.000000E+00  0.000000E+00  0.635282E+01
  0.740504E+02  0.601250E+01  0.574675E+01  0.000000E+00  0.000000E+00  0.000000E+00  0.597149E+01
  0.765604E+02  0.565187E+01  0.539879E+01  0.000000E+00  0.000000E+00  0.000000E+00  0.561281E+01
  0.791553E+02  0.531270E+01  0.507152E+01  0.000000E+00  0.000000E+00  0.000000E+00  0.527548E+01
  0.818384E+02  0.499371E+01  0.476370E+01  0.000000E+00  0.000000E+00  0.000000E+00  0.495821E+01
  0.846122E+02  0.469370E+01  0.447421E+01  0.000000E+00  0.000000E+00  0.000000E+00  0.465983E+01
  0.874802E+02  0.441156E+01  0.420194E+01  0.000000E+00  0.000000E+00  0.000000E+00  0.437921E+01
  0.904453E+02  0.414623E+01  0.394589E+01  0.000000E+00  0.000000E+00  0.000000E+00  0.411531E+01
  0.935109E+02  0.389672E+01  0.370509E+01  0.000000E+00  0.000000E+00  0.000000E+00  0.386714E+01
  0.966806E+02  0.366207E+01  0.347863E+01  0.000000E+00  0.000000E+00  0.000000E+00  0.363376E+01
  0.999576E+02  0.344143E+01  0.326568E+01  0.000000E+00  0.000000E+00  0.000000E+00  0.341431E+01
  0.103346E+03  0.323395E+01  0.306544E+01  0.000000E+00  0.000000E+00  0.000000E+00  0.320795E+01
  0.106849E+03  0.303885E+01  0.287713E+01  0.000000E+00  0.000000E+00  0.000000E+00  0.301390E+01
  0.110470E+03  0.285542E+01  0.270007E+01  0.000000E+00  0.000000E+00  0.000000E+00  0.283144E+01
  0.114215E+03  0.268294E+01  0.253359E+01  0.000000E+00  0.000000E+00  0.000000E+00  0.265989E+01
  0.118086E+03  0.252077E+01  0.237706E+01  0.000000E+00  0.000000E+00  0.000000E+00  0.249859E+01
  0.122089E+03  0.236829E+01  0.222987E+01  0.000000E+00  0.000000E+00  0.000000E+00  0.234693E+01
  0.126227E+03  0.222494E+01  0.209150E+01  0.000000E+00  0.000000E+00  0.000000E+00  0.220435E+01
  0.130505E+03  0.209017E+01  0.196141E+01  0.000000E+00  0.000000E+00  0.000000E+00  0.207030E+01
  0.134928E+03  0.196346E+01  0.183910E+01  0.000000E+00  0.000000E+00  0.000000E+00  0.194427E+01
  0.139502E+03  0.184434E+01  0.172411E+01  0.000000E+00  0.000000E+00  0.000000E+00  0.182578E+01
  0.144230E+03  0.173236E+01  0.161603E+01  0.000000E+00  0.000000E+00  0.000000E+00  0.171440E+01
  0.149119E+03  0.162709E+01  0.151442E+01  0.000000E+00  0.000000E+00  0.000000E+00  0.160970E+01
  0.154173E+03  0.152813E+01  0.141891E+01  0.000000E+00  0.000000E+00  0.000000E+00  0.151128E+01
  0.159399E+03  0.143510E+01  0.132914E+01  0.000000E+00  0.000000E+00  0.000000E+00  0.141875E+01
  0.164802E+03  0.134767E+01  0.124476E+01  0.000000E+00  0.000000E+00  0.000000E+00  0.133178E+01
  0.170388E+03  0.126548E+01  0.116546E+01  0.000000E+00  0.000000E+00  0.000000E+00  0.125004E+01
  0.176164E+03  0.118822E+01  0.109093E+01  0.000000E+00  0.000000E+00  0.000000E+00  0.117320E+01
  0.182135E+03  0.111560E+01  0.102089E+01  0.000000E+00  0.000000E+00  0.000000E+00  0.110099E+01
  0.188308E+03  0.104736E+01  0.955080E+00  0.000000E+00  0.000000E+00  0.000000E+00  0.103312E+01
  0.194691E+03  0.983214E+00  0.893244E+00  0.000000E+00  0.000000E+00  0.000000E+00  0.969329E+00
  0.201290E+03  0.922927E+00  0.835144E+00  0.000000E+00  0.000000E+00  0.000000E+00  0.909380E+00
