  0.108800E-04  0.312567E+07  0.312567E+07  0.416722E+07  0.416722E+07  0.000000E+00  0.312567E+07
  0.112487E-04  0.312567E+07  0.312567E+07  0.416720E+07  0.416720E+07  0.000000E+00  0.312567E+07
  0.116300E-04  0.312566E+07  0.312566E+07  0.416718E+07  0.416717E+07  0.000000E+00  0.312566E+07
  0.120242E-04  0.312566E+07  0.312566E+07  0.416715E+07  0.416715E+07  0.000000E+00  0.312566E+07
  0.124318E-04  0.312566E+07  0.312566E+07  0.416712E+07  0.416712E+07  0.000000E+00  0.312566E+07
  0.128531E-04  0.312566E+07  0.312566E+07  0.416709E+07  0.416709E+07  0.000000E+00  0.312566E+07
  0.132888E-04  0.312566E+07  0.312566E+07  0.416706E+07  0.416706E+07  0.000000E+00  0.312566E+07
  0.137392E-04  0.312566E+07  0.312566E+07  0.416703E+07  0.416702E+07  0.000000E+00  0.312566E+07
  0.142049E-04  0.312566E+07  0.312566E+07  0.416699E+07  0.416698E+07  0.000000E+00  0.312566E+07
  0.146864E-04  0.312566E+07  0.312566E+07  0.416695E+07  0.416695E+07  0.000000E+00  0.312566E+07
  0.151842E-04  0.312566E+07  0.312566E+07  0.416691E+07  0.416690E+07  0.000000E+00  0.312566E+07
  0.156989E-04  0.312566E+07  0.312566E+07  0.416686E+07  0.416686E+07  0.000000E+00  0.312566E+07
  0.162310E-04  0.312566E+07  0.312566E+07  0.416682E+07  0.416681E+07  0.000000E+00  0.312566E+07
  0.167811E-04  0.312566E+07  0.312566E+07  0.416676E+07  0.416676E+07  0.000000E+00  0.312566E+07
  0.173499E-04  0.312566E+07  0.312566E+07  0.416671E+07  0.416670E+07  0.000000E+00  0.312566E+07
  0.179380E-04  0.312566E+07  0.312566E+07  0.416665E+07  0.416664E+07  0.000000E+00  0.312566E+07
  0.185460E-04  0.312566E+07  0.312566E+07  0.416659E+07  0.416658E+07  0.000000E+00  0.312566E+07
  0.191746E-04  0.312566E+07  0.312566E+07  0.416652E+07  0.416651E+07  0.000000E+00  0.312566E+07
  0.198246E-04  0.312566E+07  0.312566E+07  0.416645E+07  0.416644E+07  0.000000E+00  0.312566E+07
  0.204965E-04  0.312566E+07  0.312566E+07  0.416638E+07  0.416637E+07  0.000000E+00  0.312566E+07
  0.211913E-04  0.312566E+07  0.312566E+07  0.416629E+07  0.416628E+07  0.000000E+00  0.312566E+07
  0.219095E-04  0.312566E+07  0.312566E+07  0.416621E+07  0.416620E+07  0.000000E+00  0.312566E+07
  0.226522E-04  0.312566E+07  0.312566E+07  0.416611E+07  0.416610E+07  0.000000E+00  0.312566E+07
  0.234200E-04  0.312566E+07  0.312566E+07  0.416601E+07  0.416600E+07  0.000000E+00  0.312566E+07
  0.242138E-04  0.312565E+07  0.312565E+07  0.416591E+07  0.416589E+07  0.000000E+00  0.312565E+07
  0.250345E-04  0.312565E+07  0.312565E+07  0.416579E+07  0.416578E+07  0.000000E+00  0.312565E+07
  0.258831E-04  0.312565E+07  0.312565E+07  0.416567E+07  0.416566E+07  0.000000E+00  0.312565E+07
  0.267604E-04  0.312565E+07  0.312565E+07  0.416554E+07  0.416553E+07  0.000000E+00  0.312565E+07
  0.276674E-04  0.312565E+07  0.312565E+07  0.416540E+07  0.416539E+07  0.000000E+00  0.312565E+07
  0.286052E-04  0.312565E+07  0.312565E+07  0.416526E+07  0.416524E+07  0.000000E+00  0.312565E+07
  0.295748E-04  0.312565E+07  0.312565E+07  0.416510E+07  0.416508E+07  0.000000E+00  0.312565E+07
  0.305772E-04  0.312565E+07  0.312565E+07  0.416493E+07  0.416490E+07  0.000000E+00  0.312565E+07
  0.316136E-04  0.312564E+07  0.312564E+07  0.416475E+07  0.416472E+07  0.000000E+00  0.312564E+07
  0.326852E-04  0.312564E+07  0.312564E+07  0.416455E+07  0.416453E+07  0.000000E+00  0.312564E+07
  0.337931E-04  0.312564E+07  0.312564E+07  0.416434E+07  0.416432E+07  0.000000E+00  0.312564E+07
  0.349385E-04  0.312564E+07  0.312564E+07  0.416412E+07  0.416409E+07  0.000000E+00  0.312564E+07
  0.361227E-04  0.312564E+07  0.312564E+07  0.416389E+07  0.416386E+07  0.000000E+00  0.312564E+07
  0.373471E-04  0.312564E+07  0.312563E+07  0.416363E+07  0.416360E+07  0.000000E+00  0.312564E+07
  0.386130E-04  0.312563E+07  0.312563E+07  0.416336E+07  0.416333E+07  0.000000E+00  0.312563E+07
  0.399218E-04  0.312563E+07  0.312563E+07  0.416307E+07  0.416304E+07  0.000000E+00  0.312563E+07
  0.412749E-04  0.312563E+07  0.312563E+07  0.416276E+07  0.416273E+07  0.000000E+00  0.312563E+07
  0.426740E-04  0.312562E+07  0.312562E+07  0.416244E+07  0.416239E+07  0.000000E+00  0.312562E+07
  0.441204E-04  0.312562E+07  0.312562E+07  0.416208E+07  0.416204E+07  0.000000E+00  0.312562E+07
  0.456159E-04  0.312562E+07  0.312562E+07  0.416170E+07  0.416166E+07  0.000000E+00  0.312562E+07
  0.471620E-04  0.312562E+07  0.312561E+07  0.416130E+07  0.416125E+07  0.000000E+00  0.312562E+07
  0.487606E-04  0.312561E+07  0.312561E+07  0.416087E+07  0.416082E+07  0.000000E+00  0.312561E+07
  0.504133E-04  0.312561E+07  0.312561E+07  0.416041E+07  0.416035E+07  0.000000E+00  0.312561E+07
  0.521221E-04  0.312560E+07  0.312560E+07  0.415992E+07  0.415985E+07  0.000000E+00  0.312560E+07
  0.538888E-04  0.312560E+07  0.312560E+07  0.415939E+07  0.415932E+07  0.000000E+00  0.312560E+07
  0.557153E-04  0.312559E+07  0.312559E+07  0.415883E+07  0.415876E+07  0.000000E+00  0.312559E+07
  0.576038E-04  0.312559E+07  0.312559E+07  0.415823E+07  0.415815E+07  0.000000E+00  0.312559E+07
  0.595563E-04  0.312558E+07  0.312558E+07  0.415759E+07  0.415750E+07  0.000000E+00  0.312558E+07
  0.615750E-04  0.312558E+07  0.312558E+07  0.415690E+07  0.415681E+07  0.000000E+00  0.312558E+07
  0.636621E-04  0.312557E+07  0.312557E+07  0.415616E+07  0.415607E+07  0.000000E+00  0.312557E+07
  0.658199E-04  0.312556E+07  0.312556E+07  0.415538E+07  0.415528E+07  0.000000E+00  0.312556E+07
  0.680509E-04  0.312556E+07  0.312556E+07  0.415454E+07  0.415444E+07  0.000000E+00  0.312556E+07
  0.703575E-04  0.312555E+07  0.312555E+07  0.415365E+07  0.415353E+07  0.000000E+00  0.312555E+07
  0.727422E-04  0.312554E+07  0.312554E+07  0.415269E+07  0.415257E+07  0.000000E+00  0.312554E+07
  0.752079E-04  0.312553E+07  0.312553E+07  0.415167E+07  0.415153E+07  0.000000E+00  0.312553E+07
  0.777570E-04  0.312552E+07  0.312552E+07  0.415057E+07  0.415043E+07  0.000000E+00  0.312552E+07
  0.803926E-04  0.312551E+07  0.312551E+07  0.414940E+07  0.414925E+07  0.000000E+00  0.312551E+07
  0.831175E-04  0.312550E+07  0.312550E+07  0.414816E+07  0.414800E+07  0.000000E+00  0.312550E+07
  0.859348E-04  0.312549E+07  0.312549E+07  0.414682E+07  0.414665E+07  0.000000E+00  0.312549E+07
  0.888476E-04  0.312548E+07  0.312548E+07  0.414539E+07  0.414521E+07  0.000000E+00  0.312548E+07
  0.918591E-04  0.312547E+07  0.312547E+07  0.414387E+07  0.414368E+07  0.000000E+00  0.312547E+07
  0.949726E-04  0.312545E+07  0.312545E+07  0.414224E+07  0.414203E+07  0.000000E+00  0.312545E+07
  0.981917E-04  0.312544E+07  0.312544E+07  0.414050E+07  0.414028E+07  0.000000E+00  0.312544E+07
  0.101520E-03  0.312542E+07  0.312542E+07  0.413864E+07  0.413841E+07  0.000000E+00  0.312542E+07
  0.104961E-03  0.312541E+07  0.312540E+07  0.413666E+07  0.413640E+07  0.000000E+00  0.312541E+07
  0.108519E-03  0.312539E+07  0.312538E+07  0.413453E+07  0.413426E+07  0.000000E+00  0.312539E+07
  0.112197E-03  0.312537E+07  0.312537E+07  0.413227E+07  0.413198E+07  0.000000E+00  0.312537E+07
  0.116000E-03  0.312535E+07  0.312534E+07  0.412984E+07  0.412953E+07  0.000000E+00  0.312535E+07
  0.119932E-03  0.312533E+07  0.312532E+07  0.412726E+07  0.412693E+07  0.000000E+00  0.312533E+07
  0.123997E-03  0.312530E+07  0.312530E+07  0.412449E+07  0.412414E+07  0.000000E+00  0.312530E+07
  0.128200E-03  0.312528E+07  0.312527E+07  0.412154E+07  0.412116E+07  0.000000E+00  0.312528E+07
  0.132545E-03  0.312525E+07  0.312525E+07  0.411838E+07  0.411798E+07  0.000000E+00  0.312525E+07
  0.137038E-03  0.312522E+07  0.312522E+07  0.411501E+07  0.411458E+07  0.000000E+00  0.312522E+07
  0.141683E-03  0.312519E+07  0.312519E+07  0.411141E+07  0.411095E+07  0.000000E+00  0.312519E+07
  0.146485E-03  0.312516E+07  0.312515E+07  0.410757E+07  0.410708E+07  0.000000E+00  0.312516E+07
  0.151450E-03  0.312512E+07  0.312512E+07  0.410346E+07  0.410294E+07  0.000000E+00  0.312512E+07
  0.156583E-03  0.312508E+07  0.312508E+07  0.409908E+07  0.409852E+07  0.000000E+00  0.312508E+07
  0.161891E-03  0.312504E+07  0.312504E+07  0.409440E+07  0.409380E+07  0.000000E+00  0.312504E+07
  0.167378E-03  0.312500E+07  0.312500E+07  0.408940E+07  0.408876E+07  0.000000E+00  0.312500E+07
  0.173051E-03  0.312496E+07  0.312495E+07  0.408406E+07  0.408338E+07  0.000000E+00  0.312496E+07
  0.178917E-03  0.312491E+07  0.312490E+07  0.407836E+07  0.407763E+07  0.000000E+00  0.312491E+07
  0.184981E-03  0.312485E+07  0.312485E+07  0.407228E+07  0.407150E+07  0.000000E+00  0.312485E+07
  0.191251E-03  0.312480E+07  0.312479E+07  0.406578E+07  0.406496E+07  0.000000E+00  0.312480E+07
  0.197734E-03  0.312474E+07  0.312473E+07  0.405885E+07  0.405797E+07  0.000000E+00  0.312474E+07
  0.204436E-03  0.312468E+07  0.312467E+07  0.405146E+07  0.405052E+07  0.000000E+00  0.312467E+07
  0.211366E-03  0.312461E+07  0.312460E+07  0.404357E+07  0.404256E+07  0.000000E+00  0.312461E+07
  0.218530E-03  0.312453E+07  0.312452E+07  0.403515E+07  0.403408E+07  0.000000E+00  0.312453E+07
  0.225937E-03  0.312446E+07  0.312444E+07  0.402616E+07  0.402503E+07  0.000000E+00  0.312446E+07
  0.233595E-03  0.312437E+07  0.312436E+07  0.401658E+07  0.401537E+07  0.000000E+00  0.312437E+07
  0.241513E-03  0.312428E+07  0.312427E+07  0.400636E+07  0.400507E+07  0.000000E+00  0.312428E+07
  0.249699E-03  0.312419E+07  0.312417E+07  0.399547E+07  0.399409E+07  0.000000E+00  0.312419E+07
  0.258162E-03  0.312409E+07  0.312407E+07  0.398385E+07  0.398239E+07  0.000000E+00  0.312409E+07
  0.266913E-03  0.312398E+07  0.312396E+07  0.397147E+07  0.396991E+07  0.000000E+00  0.312398E+07
  0.275960E-03  0.312386E+07  0.312384E+07  0.395828E+07  0.395662E+07  0.000000E+00  0.312386E+07
  0.285314E-03  0.312374E+07  0.312372E+07  0.394422E+07  0.394245E+07  0.000000E+00  0.312374E+07
  0.294984E-03  0.312361E+07  0.312359E+07  0.392924E+07  0.392736E+07  0.000000E+00  0.312361E+07
  0.304983E-03  0.312346E+07  0.312344E+07  0.391329E+07  0.391129E+07  0.000000E+00  0.312346E+07
  0.315320E-03  0.312331E+07  0.312329E+07  0.389630E+07  0.389418E+07  0.000000E+00  0.312331E+07
  0.326008E-03  0.312315E+07  0.312313E+07  0.387822E+07  0.387597E+07  0.000000E+00  0.312315E+07
  0.337058E-03  0.312298E+07  0.312295E+07  0.385899E+07  0.385659E+07  0.000000E+00  0.312298E+07
  0.348483E-03  0.312280E+07  0.312277E+07  0.383852E+07  0.383598E+07  0.000000E+00  0.312280E+07
  0.360295E-03  0.312260E+07  0.312257E+07  0.381676E+07  0.381406E+07  0.000000E+00  0.312260E+07
  0.372507E-03  0.312239E+07  0.312236E+07  0.379362E+07  0.379075E+07  0.000000E+00  0.312239E+07
  0.385133E-03  0.312217E+07  0.312213E+07  0.376903E+07  0.376600E+07  0.000000E+00  0.312216E+07
  0.398187E-03  0.312193E+07  0.312189E+07  0.374291E+07  0.373970E+07  0.000000E+00  0.312193E+07
  0.411684E-03  0.312167E+07  0.312163E+07  0.371519E+07  0.371178E+07  0.000000E+00  0.312167E+07
  0.425638E-03  0.312140E+07  0.312136E+07  0.368576E+07  0.368216E+07  0.000000E+00  0.312140E+07
  0.440065E-03  0.312111E+07  0.312106E+07  0.365454E+07  0.365074E+07  0.000000E+00  0.312111E+07
  0.454981E-03  0.312080E+07  0.312075E+07  0.362145E+07  0.361743E+07  0.000000E+00  0.312080E+07
  0.470403E-03  0.312047E+07  0.312041E+07  0.358639E+07  0.358214E+07  0.000000E+00  0.312046E+07
  0.486347E-03  0.312011E+07  0.312006E+07  0.354926E+07  0.354479E+07  0.000000E+00  0.312011E+07
  0.502832E-03  0.311973E+07  0.311968E+07  0.350998E+07  0.350526E+07  0.000000E+00  0.311973E+07
  0.519875E-03  0.311933E+07  0.311927E+07  0.346844E+07  0.346348E+07  0.000000E+00  0.311933E+07
  0.537497E-03  0.311890E+07  0.311884E+07  0.342455E+07  0.341933E+07  0.000000E+00  0.311890E+07
  0.555715E-03  0.311844E+07  0.311837E+07  0.337821E+07  0.337273E+07  0.000000E+00  0.311844E+07
  0.574551E-03  0.311796E+07  0.311788E+07  0.332933E+07  0.332359E+07  0.000000E+00  0.311795E+07
  0.594026E-03  0.311744E+07  0.311735E+07  0.327782E+07  0.327181E+07  0.000000E+00  0.311743E+07
  0.614160E-03  0.311688E+07  0.311679E+07  0.322360E+07  0.321732E+07  0.000000E+00  0.311688E+07
  0.634977E-03  0.311629E+07  0.311619E+07  0.316658E+07  0.316002E+07  0.000000E+00  0.311629E+07
  0.656500E-03  0.311566E+07  0.311556E+07  0.310669E+07  0.309986E+07  0.000000E+00  0.311566E+07
  0.678752E-03  0.311499E+07  0.311488E+07  0.304386E+07  0.303676E+07  0.000000E+00  0.311498E+07
  0.701758E-03  0.311427E+07  0.311416E+07  0.297803E+07  0.297067E+07  0.000000E+00  0.311427E+07
  0.725544E-03  0.311351E+07  0.311339E+07  0.290917E+07  0.290155E+07  0.000000E+00  0.311351E+07
  0.750137E-03  0.311270E+07  0.311257E+07  0.283725E+07  0.282939E+07  0.000000E+00  0.311269E+07
  0.775563E-03  0.311183E+07  0.311169E+07  0.276226E+07  0.275416E+07  0.000000E+00  0.311183E+07
  0.801851E-03  0.311092E+07  0.311077E+07  0.268420E+07  0.267589E+07  0.000000E+00  0.311091E+07
  0.829029E-03  0.310994E+07  0.310978E+07  0.260312E+07  0.259461E+07  0.000000E+00  0.310993E+07
  0.857129E-03  0.310890E+07  0.310873E+07  0.251906E+07  0.251039E+07  0.000000E+00  0.310889E+07
  0.886182E-03  0.310779E+07  0.310761E+07  0.243212E+07  0.242332E+07  0.000000E+00  0.310779E+07
  0.916219E-03  0.310662E+07  0.310642E+07  0.234242E+07  0.233352E+07  0.000000E+00  0.310661E+07
  0.947274E-03  0.310537E+07  0.310516E+07  0.225011E+07  0.224116E+07  0.000000E+00  0.310536E+07
  0.979383E-03  0.310405E+07  0.310382E+07  0.215540E+07  0.214643E+07  0.000000E+00  0.310404E+07
  0.101258E-02  0.310264E+07  0.310240E+07  0.205850E+07  0.204959E+07  0.000000E+00  0.310263E+07
  0.104690E-02  0.310115E+07  0.310089E+07  0.195972E+07  0.195091E+07  0.000000E+00  0.310114E+07
  0.108239E-02  0.309956E+07  0.309929E+07  0.185937E+07  0.185073E+07  0.000000E+00  0.309955E+07
  0.111907E-02  0.309788E+07  0.309759E+07  0.175784E+07  0.174943E+07  0.000000E+00  0.309788E+07
  0.115700E-02  0.309611E+07  0.309579E+07  0.165554E+07  0.164745E+07  0.000000E+00  0.309610E+07
  0.119622E-02  0.309422E+07  0.309389E+07  0.155295E+07  0.154525E+07  0.000000E+00  0.309421E+07
  0.123677E-02  0.309223E+07  0.309187E+07  0.145059E+07  0.144336E+07  0.000000E+00  0.309222E+07
  0.127869E-02  0.309012E+07  0.308974E+07  0.134903E+07  0.134235E+07  0.000000E+00  0.309011E+07
  0.132203E-02  0.308789E+07  0.308748E+07  0.124887E+07  0.124281E+07  0.000000E+00  0.308788E+07
  0.136684E-02  0.308553E+07  0.308510E+07  0.115074E+07  0.114540E+07  0.000000E+00  0.308552E+07
  0.141317E-02  0.308304E+07  0.308258E+07  0.105532E+07  0.105075E+07  0.000000E+00  0.308303E+07
  0.146107E-02  0.308041E+07  0.307992E+07  0.963268E+06  0.959533E+06  0.000000E+00  0.308040E+07
  0.151059E-02  0.307764E+07  0.307712E+07  0.875259E+06  0.872410E+06  0.000000E+00  0.307763E+07
  0.156179E-02  0.307472E+07  0.307416E+07  0.791945E+06  0.790017E+06  0.000000E+00  0.307471E+07
  0.161473E-02  0.307165E+07  0.307105E+07  0.713941E+06  0.712951E+06  0.000000E+00  0.307163E+07
  0.166946E-02  0.306841E+07  0.306777E+07  0.641804E+06  0.641744E+06  0.000000E+00  0.306839E+07
  0.172605E-02  0.306501E+07  0.306432E+07  0.576006E+06  0.576846E+06  0.000000E+00  0.306499E+07
  0.178455E-02  0.306143E+07  0.306070E+07  0.516916E+06  0.518596E+06  0.000000E+00  0.306141E+07
  0.184504E-02  0.305767E+07  0.305689E+07  0.464775E+06  0.467206E+06  0.000000E+00  0.305765E+07
  0.190758E-02  0.305373E+07  0.305290E+07  0.419670E+06  0.422733E+06  0.000000E+00  0.305371E+07
  0.197223E-02  0.304960E+07  0.304871E+07  0.381519E+06  0.385066E+06  0.000000E+00  0.304957E+07
  0.203908E-02  0.304527E+07  0.304432E+07  0.350056E+06  0.353913E+06  0.000000E+00  0.304524E+07
  0.210820E-02  0.304073E+07  0.303972E+07  0.324824E+06  0.328798E+06  0.000000E+00  0.304070E+07
  0.217966E-02  0.303599E+07  0.303491E+07  0.305180E+06  0.309062E+06  0.000000E+00  0.303595E+07
  0.225354E-02  0.303103E+07  0.302988E+07  0.290303E+06  0.293884E+06  0.000000E+00  0.303099E+07
  0.232992E-02  0.302585E+07  0.302462E+07  0.279227E+06  0.282306E+06  0.000000E+00  0.302581E+07
  0.240889E-02  0.302043E+07  0.301913E+07  0.270880E+06  0.273280E+06  0.000000E+00  0.302039E+07
  0.249054E-02  0.301479E+07  0.301340E+07  0.264137E+06  0.265717E+06  0.000000E+00  0.301475E+07
  0.257496E-02  0.300890E+07  0.300742E+07  0.257887E+06  0.258562E+06  0.000000E+00  0.300886E+07
  0.266224E-02  0.300277E+07  0.300118E+07  0.251112E+06  0.250858E+06  0.000000E+00  0.300272E+07
  0.275248E-02  0.299638E+07  0.299469E+07  0.242961E+06  0.241827E+06  0.000000E+00  0.299632E+07
  0.284577E-02  0.298973E+07  0.298793E+07  0.232829E+06  0.230939E+06  0.000000E+00  0.298967E+07
  0.294223E-02  0.298280E+07  0.298089E+07  0.220418E+06  0.217962E+06  0.000000E+00  0.298274E+07
  0.304196E-02  0.297561E+07  0.297357E+07  0.205777E+06  0.202996E+06  0.000000E+00  0.297554E+07
  0.314506E-02  0.296813E+07  0.296595E+07  0.189308E+06  0.186466E+06  0.000000E+00  0.296806E+07
  0.325166E-02  0.296035E+07  0.295804E+07  0.171734E+06  0.169082E+06  0.000000E+00  0.296028E+07
  0.336188E-02  0.295228E+07  0.294982E+07  0.154015E+06  0.151753E+06  0.000000E+00  0.295220E+07
  0.347583E-02  0.294390E+07  0.294128E+07  0.137230E+06  0.135461E+06  0.000000E+00  0.294382E+07
  0.359365E-02  0.293521E+07  0.293241E+07  0.122418E+06  0.121116E+06  0.000000E+00  0.293512E+07
  0.371545E-02  0.292619E+07  0.292322E+07  0.110408E+06  0.109401E+06  0.000000E+00  0.292610E+07
  0.384139E-02  0.291684E+07  0.291368E+07  0.101664E+06  0.100636E+06  0.000000E+00  0.291674E+07
  0.397159E-02  0.290716E+07  0.290379E+07  0.961669E+05  0.947012E+05  0.000000E+00  0.290705E+07
  0.410621E-02  0.289713E+07  0.289354E+07  0.933844E+05  0.910282E+05  0.000000E+00  0.289701E+07
  0.424539E-02  0.288674E+07  0.288293E+07  0.000000E+00  0.000000E+00  0.000000E+00  0.288662E+07
  0.438929E-02  0.287600E+07  0.287194E+07  0.000000E+00  0.000000E+00  0.000000E+00  0.287587E+07
  0.453806E-02  0.286489E+07  0.286058E+07  0.000000E+00  0.000000E+00  0.000000E+00  0.286475E+07
  0.469188E-02  0.285340E+07  0.284882E+07  0.000000E+00  0.000000E+00  0.000000E+00  0.285325E+07
  0.485091E-02  0.284153E+07  0.283666E+07  0.000000E+00  0.000000E+00  0.000000E+00  0.284137E+07
  0.501534E-02  0.282926E+07  0.282409E+07  0.000000E+00  0.000000E+00  0.000000E+00  0.282910E+07
  0.518533E-02  0.281661E+07  0.281111E+07  0.000000E+00  0.000000E+00  0.000000E+00  0.281643E+07
  0.536109E-02  0.280354E+07  0.279771E+07  0.000000E+00  0.000000E+00  0.000000E+00  0.280336E+07
  0.554280E-02  0.279007E+07  0.278387E+07  0.000000E+00  0.000000E+00  0.000000E+00  0.278988E+07
  0.573068E-02  0.277618E+07  0.276960E+07  0.000000E+00  0.000000E+00  0.000000E+00  0.277597E+07
  0.592492E-02  0.276187E+07  0.275488E+07  0.000000E+00  0.000000E+00  0.000000E+00  0.276165E+07
  0.612574E-02  0.274712E+07  0.273971E+07  0.000000E+00  0.000000E+00  0.000000E+00  0.274689E+07
  0.633338E-02  0.273194E+07  0.272408E+07  0.000000E+00  0.000000E+00  0.000000E+00  0.273169E+07
  0.654805E-02  0.271631E+07  0.270798E+07  0.000000E+00  0.000000E+00  0.000000E+00  0.271605E+07
  0.677000E-02  0.270024E+07  0.269141E+07  0.000000E+00  0.000000E+00  0.000000E+00  0.269996E+07
  0.699947E-02  0.268371E+07  0.267435E+07  0.000000E+00  0.000000E+00  0.000000E+00  0.268342E+07
  0.723671E-02  0.266673E+07  0.265681E+07  0.000000E+00  0.000000E+00  0.000000E+00  0.266641E+07
  0.748200E-02  0.264928E+07  0.263877E+07  0.000000E+00  0.000000E+00  0.000000E+00  0.264894E+07
  0.773561E-02  0.263136E+07  0.262024E+07  0.000000E+00  0.000000E+00  0.000000E+00  0.263101E+07
  0.799781E-02  0.261296E+07  0.260120E+07  0.000000E+00  0.000000E+00  0.000000E+00  0.261259E+07
  0.826889E-02  0.259409E+07  0.258165E+07  0.000000E+00  0.000000E+00  0.000000E+00  0.259370E+07
  0.854917E-02  0.257474E+07  0.256158E+07  0.000000E+00  0.000000E+00  0.000000E+00  0.257433E+07
  0.883894E-02  0.255491E+07  0.254100E+07  0.000000E+00  0.000000E+00  0.000000E+00  0.255447E+07
  0.913854E-02  0.253458E+07  0.251989E+07  0.000000E+00  0.000000E+00  0.000000E+00  0.253412E+07
  0.944829E-02  0.251377E+07  0.249825E+07  0.000000E+00  0.000000E+00  0.000000E+00  0.251328E+07
  0.976854E-02  0.249246E+07  0.247608E+07  0.000000E+00  0.000000E+00  0.000000E+00  0.249194E+07
  0.100996E-01  0.247066E+07  0.245338E+07  0.000000E+00  0.000000E+00  0.000000E+00  0.247011E+07
  0.104420E-01  0.244836E+07  0.243014E+07  0.000000E+00  0.000000E+00  0.000000E+00  0.244778E+07
  0.107959E-01  0.242556E+07  0.240637E+07  0.000000E+00  0.000000E+00  0.000000E+00  0.242496E+07
  0.111618E-01  0.240227E+07  0.238205E+07  0.000000E+00  0.000000E+00  0.000000E+00  0.240163E+07
  0.115402E-01  0.237847E+07  0.235720E+07  0.000000E+00  0.000000E+00  0.000000E+00  0.237780E+07
  0.119313E-01  0.235418E+07  0.233181E+07  0.000000E+00  0.000000E+00  0.000000E+00  0.235347E+07
  0.123357E-01  0.232939E+07  0.230588E+07  0.000000E+00  0.000000E+00  0.000000E+00  0.232865E+07
  0.127539E-01  0.230411E+07  0.227941E+07  0.000000E+00  0.000000E+00  0.000000E+00  0.230333E+07
  0.131862E-01  0.227833E+07  0.225242E+07  0.000000E+00  0.000000E+00  0.000000E+00  0.227751E+07
  0.136331E-01  0.225206E+07  0.222490E+07  0.000000E+00  0.000000E+00  0.000000E+00  0.225121E+07
  0.140952E-01  0.222531E+07  0.219685E+07  0.000000E+00  0.000000E+00  0.000000E+00  0.222441E+07
  0.145730E-01  0.219807E+07  0.216829E+07  0.000000E+00  0.000000E+00  0.000000E+00  0.219713E+07
  0.150669E-01  0.217036E+07  0.213923E+07  0.000000E+00  0.000000E+00  0.000000E+00  0.216938E+07
  0.155776E-01  0.214218E+07  0.210967E+07  0.000000E+00  0.000000E+00  0.000000E+00  0.214116E+07
  0.161056E-01  0.211354E+07  0.207963E+07  0.000000E+00  0.000000E+00  0.000000E+00  0.211247E+07
  0.166515E-01  0.208444E+07  0.204911E+07  0.000000E+00  0.000000E+00  0.000000E+00  0.208333E+07
  0.172159E-01  0.205490E+07  0.201814E+07  0.000000E+00  0.000000E+00  0.000000E+00  0.205375E+07
  0.177994E-01  0.202493E+07  0.198674E+07  0.000000E+00  0.000000E+00  0.000000E+00  0.202373E+07
  0.184028E-01  0.199455E+07  0.195492E+07  0.000000E+00  0.000000E+00  0.000000E+00  0.199330E+07
  0.190265E-01  0.196375E+07  0.192270E+07  0.000000E+00  0.000000E+00  0.000000E+00  0.196246E+07
  0.196714E-01  0.193257E+07  0.189012E+07  0.000000E+00  0.000000E+00  0.000000E+00  0.193124E+07
  0.203382E-01  0.190102E+07  0.185719E+07  0.000000E+00  0.000000E+00  0.000000E+00  0.189964E+07
  0.210276E-01  0.186912E+07  0.182395E+07  0.000000E+00  0.000000E+00  0.000000E+00  0.186770E+07
  0.217403E-01  0.183689E+07  0.179044E+07  0.000000E+00  0.000000E+00  0.000000E+00  0.183543E+07
  0.224772E-01  0.180436E+07  0.175669E+07  0.000000E+00  0.000000E+00  0.000000E+00  0.180285E+07
  0.232390E-01  0.177154E+07  0.172275E+07  0.000000E+00  0.000000E+00  0.000000E+00  0.177000E+07
  0.240267E-01  0.173848E+07  0.168864E+07  0.000000E+00  0.000000E+00  0.000000E+00  0.173691E+07
  0.248411E-01  0.170519E+07  0.165443E+07  0.000000E+00  0.000000E+00  0.000000E+00  0.170359E+07
  0.256831E-01  0.167172E+07  0.162016E+07  0.000000E+00  0.000000E+00  0.000000E+00  0.167010E+07
  0.265537E-01  0.163810E+07  0.158588E+07  0.000000E+00  0.000000E+00  0.000000E+00  0.163645E+07
  0.274537E-01  0.160436E+07  0.155165E+07  0.000000E+00  0.000000E+00  0.000000E+00  0.160270E+07
  0.283842E-01  0.157056E+07  0.151752E+07  0.000000E+00  0.000000E+00  0.000000E+00  0.156889E+07
  0.293463E-01  0.153673E+07  0.148356E+07  0.000000E+00  0.000000E+00  0.000000E+00  0.153505E+07
  0.303410E-01  0.150291E+07  0.144982E+07  0.000000E+00  0.000000E+00  0.000000E+00  0.150124E+07
  0.313694E-01  0.146916E+07  0.141637E+07  0.000000E+00  0.000000E+00  0.000000E+00  0.146750E+07
  0.324327E-01  0.143553E+07  0.138326E+07  0.000000E+00  0.000000E+00  0.000000E+00  0.143389E+07
  0.335320E-01  0.140207E+07  0.135055E+07  0.000000E+00  0.000000E+00  0.000000E+00  0.140044E+07
  0.346686E-01  0.136882E+07  0.131830E+07  0.000000E+00  0.000000E+00  0.000000E+00  0.136722E+07
  0.358437E-01  0.133583E+07  0.128655E+07  0.000000E+00  0.000000E+00  0.000000E+00  0.133428E+07
  0.370586E-01  0.130315E+07  0.125535E+07  0.000000E+00  0.000000E+00  0.000000E+00  0.130164E+07
  0.383147E-01  0.127071E+07  0.122460E+07  0.000000E+00  0.000000E+00  0.000000E+00  0.126926E+07
  0.396134E-01  0.123846E+07  0.119425E+07  0.000000E+00  0.000000E+00  0.000000E+00  0.123707E+07
  0.409561E-01  0.120669E+07  0.116455E+07  0.000000E+00  0.000000E+00  0.000000E+00  0.120536E+07
  0.423443E-01  0.117543E+07  0.113552E+07  0.000000E+00  0.000000E+00  0.000000E+00  0.117417E+07
  0.437796E-01  0.114469E+07  0.110714E+07  0.000000E+00  0.000000E+00  0.000000E+00  0.114351E+07
  0.452635E-01  0.111448E+07  0.107934E+07  0.000000E+00  0.000000E+00  0.000000E+00  0.111337E+07
  0.467977E-01  0.108475E+07  0.105205E+07  0.000000E+00  0.000000E+00  0.000000E+00  0.108372E+07
  0.483839E-01  0.105546E+07  0.102516E+07  0.000000E+00  0.000000E+00  0.000000E+00  0.105450E+07
  0.500239E-01  0.102654E+07  0.998553E+06  0.000000E+00  0.000000E+00  0.000000E+00  0.102566E+07
  0.517194E-01  0.997947E+06  0.972124E+06  0.000000E+00  0.000000E+00  0.000000E+00  0.997133E+06
  0.534725E-01  0.969656E+06  0.945792E+06  0.000000E+00  0.000000E+00  0.000000E+00  0.968905E+06
  0.552850E-01  0.941668E+06  0.919506E+06  0.000000E+00  0.000000E+00  0.000000E+00  0.940970E+06
  0.571588E-01  0.914036E+06  0.893281E+06  0.000000E+00  0.000000E+00  0.000000E+00  0.913382E+06
  0.590963E-01  0.886909E+06  0.867238E+06  0.000000E+00  0.000000E+00  0.000000E+00  0.886290E+06
  0.610993E-01  0.860966E+06  0.842065E+06  0.000000E+00  0.000000E+00  0.000000E+00  0.860371E+06
  0.631703E-01  0.834659E+06  0.816175E+06  0.000000E+00  0.000000E+00  0.000000E+00  0.834077E+06
  0.653114E-01  0.808675E+06  0.790299E+06  0.000000E+00  0.000000E+00  0.000000E+00  0.808097E+06
  0.675252E-01  0.782993E+06  0.764459E+06  0.000000E+00  0.000000E+00  0.000000E+00  0.782409E+06
  0.698139E-01  0.757611E+06  0.738716E+06  0.000000E+00  0.000000E+00  0.000000E+00  0.757015E+06
  0.721803E-01  0.732558E+06  0.713180E+06  0.000000E+00  0.000000E+00  0.000000E+00  0.731948E+06
  0.746268E-01  0.707910E+06  0.688016E+06  0.000000E+00  0.000000E+00  0.000000E+00  0.707283E+06
  0.771564E-01  0.683771E+06  0.663429E+06  0.000000E+00  0.000000E+00  0.000000E+00  0.683130E+06
  0.797716E-01  0.660254E+06  0.639624E+06  0.000000E+00  0.000000E+00  0.000000E+00  0.659604E+06
  0.824755E-01  0.637439E+06  0.616763E+06  0.000000E+00  0.000000E+00  0.000000E+00  0.636788E+06
  0.852709E-01  0.615355E+06  0.594932E+06  0.000000E+00  0.000000E+00  0.000000E+00  0.614712E+06
  0.881612E-01  0.593977E+06  0.574128E+06  0.000000E+00  0.000000E+00  0.000000E+00  0.593352E+06
  0.911495E-01  0.573251E+06  0.554284E+06  0.000000E+00  0.000000E+00  0.000000E+00  0.572654E+06
  0.942390E-01  0.553131E+06  0.535302E+06  0.000000E+00  0.000000E+00  0.000000E+00  0.552570E+06
  0.974333E-01  0.533595E+06  0.517075E+06  0.000000E+00  0.000000E+00  0.000000E+00  0.533075E+06
  0.100736E+00  0.514630E+06  0.499478E+06  0.000000E+00  0.000000E+00  0.000000E+00  0.514153E+06
  0.104150E+00  0.496200E+06  0.482356E+06  0.000000E+00  0.000000E+00  0.000000E+00  0.495764E+06
  0.107680E+00  0.478234E+06  0.465527E+06  0.000000E+00  0.000000E+00  0.000000E+00  0.477834E+06
  0.111330E+00  0.460648E+06  0.448825E+06  0.000000E+00  0.000000E+00  0.000000E+00  0.460276E+06
  0.115104E+00  0.443398E+06  0.432164E+06  0.000000E+00  0.000000E+00  0.000000E+00  0.443045E+06
  0.119005E+00  0.426490E+06  0.415565E+06  0.000000E+00  0.000000E+00  0.000000E+00  0.426146E+06
  0.123039E+00  0.409955E+06  0.399121E+06  0.000000E+00  0.000000E+00  0.000000E+00  0.409614E+06
  0.127209E+00  0.393819E+06  0.382960E+06  0.000000E+00  0.000000E+00  0.000000E+00  0.393477E+06
  0.131521E+00  0.378119E+06  0.367235E+06  0.000000E+00  0.000000E+00  0.000000E+00  0.377776E+06
  0.135979E+00  0.362933E+06  0.352131E+06  0.000000E+00  0.000000E+00  0.000000E+00  0.362593E+06
  0.140588E+00  0.348360E+06  0.337814E+06  0.000000E+00  0.000000E+00  0.000000E+00  0.348027E+06
  0.145353E+00  0.334431E+06  0.324327E+06  0.000000E+00  0.000000E+00  0.000000E+00  0.334112E+06
  0.150280E+00  0.321073E+06  0.311551E+06  0.000000E+00  0.000000E+00  0.000000E+00  0.320773E+06
  0.155374E+00  0.308186E+06  0.299299E+06  0.000000E+00  0.000000E+00  0.000000E+00  0.307906E+06
  0.160640E+00  0.295714E+06  0.287423E+06  0.000000E+00  0.000000E+00  0.000000E+00  0.295453E+06
  0.166085E+00  0.283625E+06  0.275816E+06  0.000000E+00  0.000000E+00  0.000000E+00  0.283379E+06
  0.171715E+00  0.271865E+06  0.264398E+06  0.000000E+00  0.000000E+00  0.000000E+00  0.271630E+06
  0.177535E+00  0.260417E+06  0.253178E+06  0.000000E+00  0.000000E+00  0.000000E+00  0.260189E+06
  0.183553E+00  0.249329E+06  0.242268E+06  0.000000E+00  0.000000E+00  0.000000E+00  0.249107E+06
  0.189774E+00  0.238650E+06  0.231782E+06  0.000000E+00  0.000000E+00  0.000000E+00  0.238434E+06
  0.196206E+00  0.228399E+06  0.221782E+06  0.000000E+00  0.000000E+00  0.000000E+00  0.228191E+06
  0.202857E+00  0.218589E+06  0.212282E+06  0.000000E+00  0.000000E+00  0.000000E+00  0.218390E+06
  0.209733E+00  0.209178E+06  0.203206E+06  0.000000E+00  0.000000E+00  0.000000E+00  0.208989E+06
  0.216842E+00  0.200097E+06  0.194442E+06  0.000000E+00  0.000000E+00  0.000000E+00  0.199919E+06
  0.224192E+00  0.191341E+06  0.185954E+06  0.000000E+00  0.000000E+00  0.000000E+00  0.191171E+06
  0.231791E+00  0.182908E+06  0.177744E+06  0.000000E+00  0.000000E+00  0.000000E+00  0.182746E+06
  0.239647E+00  0.174768E+06  0.169803E+06  0.000000E+00  0.000000E+00  0.000000E+00  0.174612E+06
  0.247770E+00  0.166947E+06  0.162184E+06  0.000000E+00  0.000000E+00  0.000000E+00  0.166796E+06
  0.256168E+00  0.159459E+06  0.154910E+06  0.000000E+00  0.000000E+00  0.000000E+00  0.159316E+06
  0.264851E+00  0.152268E+06  0.147938E+06  0.000000E+00  0.000000E+00  0.000000E+00  0.152132E+06
  0.273828E+00  0.145370E+06  0.141247E+06  0.000000E+00  0.000000E+00  0.000000E+00  0.145241E+06
  0.283110E+00  0.138747E+06  0.134813E+06  0.000000E+00  0.000000E+00  0.000000E+00  0.138623E+06
  0.292706E+00  0.132381E+06  0.128622E+06  0.000000E+00  0.000000E+00  0.000000E+00  0.132262E+06
  0.302627E+00  0.126280E+06  0.122691E+06  0.000000E+00  0.000000E+00  0.000000E+00  0.126167E+06
  0.312884E+00  0.120430E+06  0.117008E+06  0.000000E+00  0.000000E+00  0.000000E+00  0.120323E+06
  0.323490E+00  0.114829E+06  0.111568E+06  0.000000E+00  0.000000E+00  0.000000E+00  0.114726E+06
  0.334454E+00  0.109459E+06  0.106352E+06  0.000000E+00  0.000000E+00  0.000000E+00  0.109361E+06
  0.345791E+00  0.104317E+06  0.101356E+06  0.000000E+00  0.000000E+00  0.000000E+00  0.104224E+06
  0.357512E+00  0.993922E+05  0.965700E+05  0.000000E+00  0.000000E+00  0.000000E+00  0.993033E+05
  0.369629E+00  0.946805E+05  0.919924E+05  0.000000E+00  0.000000E+00  0.000000E+00  0.945958E+05
  0.382158E+00  0.901704E+05  0.876107E+05  0.000000E+00  0.000000E+00  0.000000E+00  0.900897E+05
  0.395111E+00  0.858585E+05  0.834214E+05  0.000000E+00  0.000000E+00  0.000000E+00  0.857818E+05
  0.408504E+00  0.817331E+05  0.794131E+05  0.000000E+00  0.000000E+00  0.000000E+00  0.816601E+05
  0.422350E+00  0.777927E+05  0.755847E+05  0.000000E+00  0.000000E+00  0.000000E+00  0.777232E+05
  0.436666E+00  0.740253E+05  0.719244E+05  0.000000E+00  0.000000E+00  0.000000E+00  0.739592E+05
  0.451466E+00  0.704281E+05  0.684293E+05  0.000000E+00  0.000000E+00  0.000000E+00  0.703651E+05
  0.466769E+00  0.669926E+05  0.650914E+05  0.000000E+00  0.000000E+00  0.000000E+00  0.669327E+05
  0.482590E+00  0.637119E+05  0.619038E+05  0.000000E+00  0.000000E+00  0.000000E+00  0.636549E+05
  0.498948E+00  0.605813E+05  0.588622E+05  0.000000E+00  0.000000E+00  0.000000E+00  0.605271E+05
  0.515859E+00  0.575937E+05  0.559594E+05  0.000000E+00  0.000000E+00  0.000000E+00  0.575422E+05
  0.533344E+00  0.547424E+05  0.531891E+05  0.000000E+00  0.000000E+00  0.000000E+00  0.546935E+05
  0.551422E+00  0.520229E+05  0.505468E+05  0.000000E+00  0.000000E+00  0.000000E+00  0.519764E+05
  0.570113E+00  0.494296E+05  0.480272E+05  0.000000E+00  0.000000E+00  0.000000E+00  0.493855E+05
  0.589437E+00  0.469570E+05  0.456248E+05  0.000000E+00  0.000000E+00  0.000000E+00  0.469151E+05
  0.609416E+00  0.446001E+05  0.433347E+05  0.000000E+00  0.000000E+00  0.000000E+00  0.445602E+05
  0.630072E+00  0.423541E+05  0.411525E+05  0.000000E+00  0.000000E+00  0.000000E+00  0.423163E+05
  0.651428E+00  0.402149E+05  0.390740E+05  0.000000E+00  0.000000E+00  0.000000E+00  0.401789E+05
  0.673509E+00  0.381777E+05  0.370947E+05  0.000000E+00  0.000000E+00  0.000000E+00  0.381436E+05
  0.696337E+00  0.362384E+05  0.352104E+05  0.000000E+00  0.000000E+00  0.000000E+00  0.362060E+05
  0.719940E+00  0.343922E+05  0.334166E+05  0.000000E+00  0.000000E+00  0.000000E+00  0.343615E+05
  0.744342E+00  0.326351E+05  0.317094E+05  0.000000E+00  0.000000E+00  0.000000E+00  0.326060E+05
  0.769572E+00  0.309628E+05  0.300846E+05  0.000000E+00  0.000000E+00  0.000000E+00  0.309352E+05
  0.795656E+00  0.293716E+05  0.285385E+05  0.000000E+00  0.000000E+00  0.000000E+00  0.293453E+05
  0.822625E+00  0.278577E+05  0.270675E+05  0.000000E+00  0.000000E+00  0.000000E+00  0.278328E+05
  0.850508E+00  0.264178E+05  0.256685E+05  0.000000E+00  0.000000E+00  0.000000E+00  0.263942E+05
  0.879336E+00  0.250487E+05  0.243383E+05  0.000000E+00  0.000000E+00  0.000000E+00  0.250263E+05
  0.909141E+00  0.237474E+05  0.230739E+05  0.000000E+00  0.000000E+00  0.000000E+00  0.237262E+05
  0.939957E+00  0.225108E+05  0.218724E+05  0.000000E+00  0.000000E+00  0.000000E+00  0.224907E+05
  0.971817E+00  0.213358E+05  0.207307E+05  0.000000E+00  0.000000E+00  0.000000E+00  0.213167E+05
  0.100476E+01  0.202191E+05  0.196457E+05  0.000000E+00  0.000000E+00  0.000000E+00  0.202011E+05
  0.103881E+01  0.191584E+05  0.186150E+05  0.000000E+00  0.000000E+00  0.000000E+00  0.191412E+05
  0.107402E+01  0.181507E+05  0.176360E+05  0.000000E+00  0.000000E+00  0.000000E+00  0.181345E+05
  0.111043E+01  0.171940E+05  0.167064E+05  0.000000E+00  0.000000E+00  0.000000E+00  0.171786E+05
  0.114807E+01  0.162857E+05  0.158238E+05  0.000000E+00  0.000000E+00  0.000000E+00  0.162711E+05
  0.118698E+01  0.154236E+05  0.149862E+05  0.000000E+00  0.000000E+00  0.000000E+00  0.154098E+05
  0.122721E+01  0.146054E+05  0.141912E+05  0.000000E+00  0.000000E+00  0.000000E+00  0.145924E+05
  0.126881E+01  0.138288E+05  0.134366E+05  0.000000E+00  0.000000E+00  0.000000E+00  0.138164E+05
  0.131182E+01  0.130919E+05  0.127207E+05  0.000000E+00  0.000000E+00  0.000000E+00  0.130803E+05
  0.135628E+01  0.123930E+05  0.120415E+05  0.000000E+00  0.000000E+00  0.000000E+00  0.123819E+05
  0.140225E+01  0.117300E+05  0.113974E+05  0.000000E+00  0.000000E+00  0.000000E+00  0.117195E+05
  0.144978E+01  0.111012E+05  0.107864E+05  0.000000E+00  0.000000E+00  0.000000E+00  0.110913E+05
  0.149892E+01  0.105049E+05  0.102070E+05  0.000000E+00  0.000000E+00  0.000000E+00  0.104955E+05
  0.154973E+01  0.993954E+04  0.965770E+04  0.000000E+00  0.000000E+00  0.000000E+00  0.993067E+04
  0.160226E+01  0.940359E+04  0.913694E+04  0.000000E+00  0.000000E+00  0.000000E+00  0.939519E+04
  0.165656E+01  0.889563E+04  0.864339E+04  0.000000E+00  0.000000E+00  0.000000E+00  0.888769E+04
  0.171271E+01  0.841419E+04  0.817560E+04  0.000000E+00  0.000000E+00  0.000000E+00  0.840667E+04
  0.177077E+01  0.795799E+04  0.773234E+04  0.000000E+00  0.000000E+00  0.000000E+00  0.795089E+04
  0.183079E+01  0.752579E+04  0.731239E+04  0.000000E+00  0.000000E+00  0.000000E+00  0.751907E+04
  0.189284E+01  0.711637E+04  0.691458E+04  0.000000E+00  0.000000E+00  0.000000E+00  0.711001E+04
  0.195700E+01  0.672856E+04  0.653776E+04  0.000000E+00  0.000000E+00  0.000000E+00  0.672255E+04
  0.202333E+01  0.636129E+04  0.618091E+04  0.000000E+00  0.000000E+00  0.000000E+00  0.635561E+04
  0.209191E+01  0.601351E+04  0.584298E+04  0.000000E+00  0.000000E+00  0.000000E+00  0.600814E+04
  0.216282E+01  0.568421E+04  0.552302E+04  0.000000E+00  0.000000E+00  0.000000E+00  0.567913E+04
  0.223613E+01  0.537242E+04  0.522008E+04  0.000000E+00  0.000000E+00  0.000000E+00  0.536763E+04
  0.231192E+01  0.507728E+04  0.493331E+04  0.000000E+00  0.000000E+00  0.000000E+00  0.507275E+04
  0.239028E+01  0.479792E+04  0.466186E+04  0.000000E+00  0.000000E+00  0.000000E+00  0.479363E+04
  0.247130E+01  0.453351E+04  0.440495E+04  0.000000E+00  0.000000E+00  0.000000E+00  0.452946E+04
  0.255507E+01  0.428331E+04  0.416184E+04  0.000000E+00  0.000000E+00  0.000000E+00  0.427948E+04
  0.264167E+01  0.404656E+04  0.393180E+04  0.000000E+00  0.000000E+00  0.000000E+00  0.404295E+04
  0.273121E+01  0.382259E+04  0.371418E+04  0.000000E+00  0.000000E+00  0.000000E+00  0.381918E+04
  0.282379E+01  0.361072E+04  0.350832E+04  0.000000E+00  0.000000E+00  0.000000E+00  0.360749E+04
  0.291950E+01  0.341032E+04  0.331360E+04  0.000000E+00  0.000000E+00  0.000000E+00  0.340728E+04
  0.301846E+01  0.322079E+04  0.312944E+04  0.000000E+00  0.000000E+00  0.000000E+00  0.321791E+04
  0.312077E+01  0.304155E+04  0.295528E+04  0.000000E+00  0.000000E+00  0.000000E+00  0.303884E+04
  0.322655E+01  0.287206E+04  0.279060E+04  0.000000E+00  0.000000E+00  0.000000E+00  0.286950E+04
  0.333591E+01  0.271180E+04  0.263488E+04  0.000000E+00  0.000000E+00  0.000000E+00  0.270938E+04
  0.344898E+01  0.256028E+04  0.248766E+04  0.000000E+00  0.000000E+00  0.000000E+00  0.255800E+04
  0.356588E+01  0.241705E+04  0.234848E+04  0.000000E+00  0.000000E+00  0.000000E+00  0.241489E+04
  0.368675E+01  0.228165E+04  0.221692E+04  0.000000E+00  0.000000E+00  0.000000E+00  0.227961E+04
  0.381172E+01  0.215369E+04  0.209258E+04  0.000000E+00  0.000000E+00  0.000000E+00  0.215176E+04
  0.394091E+01  0.203276E+04  0.197508E+04  0.000000E+00  0.000000E+00  0.000000E+00  0.203094E+04
  0.407449E+01  0.191849E+04  0.186405E+04  0.000000E+00  0.000000E+00  0.000000E+00  0.191677E+04
  0.421259E+01  0.181052E+04  0.175914E+04  0.000000E+00  0.000000E+00  0.000000E+00  0.180890E+04
  0.435538E+01  0.170851E+04  0.166002E+04  0.000000E+00  0.000000E+00  0.000000E+00  0.170698E+04
  0.450301E+01  0.161213E+04  0.156638E+04  0.000000E+00  0.000000E+00  0.000000E+00  0.161069E+04
  0.465564E+01  0.152109E+04  0.147791E+04  0.000000E+00  0.000000E+00  0.000000E+00  0.151973E+04
  0.481344E+01  0.143508E+04  0.139435E+04  0.000000E+00  0.000000E+00  0.000000E+00  0.143380E+04
  0.497659E+01  0.135386E+04  0.131542E+04  0.000000E+00  0.000000E+00  0.000000E+00  0.135264E+04
  0.514527E+01  0.127715E+04  0.124088E+04  0.000000E+00  0.000000E+00  0.000000E+00  0.127600E+04
  0.531968E+01  0.120471E+04  0.117050E+04  0.000000E+00  0.000000E+00  0.000000E+00  0.120363E+04
  0.549998E+01  0.113631E+04  0.110404E+04  0.000000E+00  0.000000E+00  0.000000E+00  0.113530E+04
  0.568641E+01  0.107173E+04  0.104129E+04  0.000000E+00  0.000000E+00  0.000000E+00  0.107077E+04
  0.587915E+01  0.101076E+04  0.982045E+03  0.000000E+00  0.000000E+00  0.000000E+00  0.100986E+04
  0.607843E+01  0.953195E+03  0.926111E+03  0.000000E+00  0.000000E+00  0.000000E+00  0.952342E+03
  0.628446E+01  0.898853E+03  0.873309E+03  0.000000E+00  0.000000E+00  0.000000E+00  0.898049E+03
  0.649747E+01  0.847562E+03  0.823471E+03  0.000000E+00  0.000000E+00  0.000000E+00  0.846803E+03
  0.671770E+01  0.799152E+03  0.776433E+03  0.000000E+00  0.000000E+00  0.000000E+00  0.798437E+03
  0.694539E+01  0.753468E+03  0.732042E+03  0.000000E+00  0.000000E+00  0.000000E+00  0.752793E+03
  0.718081E+01  0.710354E+03  0.690150E+03  0.000000E+00  0.000000E+00  0.000000E+00  0.709718E+03
  0.742420E+01  0.669671E+03  0.650619E+03  0.000000E+00  0.000000E+00  0.000000E+00  0.669070E+03
  0.767585E+01  0.631279E+03  0.613315E+03  0.000000E+00  0.000000E+00  0.000000E+00  0.630713E+03
  0.793602E+01  0.595056E+03  0.578118E+03  0.000000E+00  0.000000E+00  0.000000E+00  0.594523E+03
  0.820502E+01  0.560882E+03  0.544912E+03  0.000000E+00  0.000000E+00  0.000000E+00  0.560379E+03
  0.848312E+01  0.528644E+03  0.513587E+03  0.000000E+00  0.000000E+00  0.000000E+00  0.528170E+03
  0.877066E+01  0.498234E+03  0.484039E+03  0.000000E+00  0.000000E+00  0.000000E+00  0.497787E+03
  0.906794E+01  0.469550E+03  0.456166E+03  0.000000E+00  0.000000E+00  0.000000E+00  0.469128E+03
  0.937530E+01  0.442492E+03  0.429875E+03  0.000000E+00  0.000000E+00  0.000000E+00  0.442095E+03
  0.969308E+01  0.416972E+03  0.405078E+03  0.000000E+00  0.000000E+00  0.000000E+00  0.416598E+03
  0.100216E+02  0.392905E+03  0.381692E+03  0.000000E+00  0.000000E+00  0.000000E+00  0.392552E+03
  0.103613E+02  0.370209E+03  0.359639E+03  0.000000E+00  0.000000E+00  0.000000E+00  0.369876E+03
  0.107125E+02  0.348809E+03  0.338845E+03  0.000000E+00  0.000000E+00  0.000000E+00  0.348496E+03
  0.110756E+02  0.328630E+03  0.319236E+03  0.000000E+00  0.000000E+00  0.000000E+00  0.328334E+03
  0.114510E+02  0.309602E+03  0.300747E+03  0.000000E+00  0.000000E+00  0.000000E+00  0.309323E+03
  0.118392E+02  0.291662E+03  0.283315E+03  0.000000E+00  0.000000E+00  0.000000E+00  0.291399E+03
  0.122404E+02  0.274750E+03  0.266882E+03  0.000000E+00  0.000000E+00  0.000000E+00  0.274502E+03
  0.126553E+02  0.258807E+03  0.251390E+03  0.000000E+00  0.000000E+00  0.000000E+00  0.258573E+03
  0.130843E+02  0.243779E+03  0.236787E+03  0.000000E+00  0.000000E+00  0.000000E+00  0.243558E+03
  0.135278E+02  0.229611E+03  0.223021E+03  0.000000E+00  0.000000E+00  0.000000E+00  0.229404E+03
  0.139863E+02  0.216258E+03  0.210045E+03  0.000000E+00  0.000000E+00  0.000000E+00  0.216062E+03
  0.144604E+02  0.203673E+03  0.197816E+03  0.000000E+00  0.000000E+00  0.000000E+00  0.203488E+03
  0.149505E+02  0.191812E+03  0.186291E+03  0.000000E+00  0.000000E+00  0.000000E+00  0.191639E+03
  0.154573E+02  0.180635E+03  0.175429E+03  0.000000E+00  0.000000E+00  0.000000E+00  0.180471E+03
  0.159812E+02  0.170100E+03  0.165193E+03  0.000000E+00  0.000000E+00  0.000000E+00  0.169946E+03
  0.165229E+02  0.160174E+03  0.155548E+03  0.000000E+00  0.000000E+00  0.000000E+00  0.160028E+03
  0.170829E+02  0.150821E+03  0.146459E+03  0.000000E+00  0.000000E+00  0.000000E+00  0.150684E+03
  0.176619E+02  0.142009E+03  0.137896E+03  0.000000E+00  0.000000E+00  0.000000E+00  0.141880E+03
  0.182606E+02  0.133706E+03  0.129828E+03  0.000000E+00  0.000000E+00  0.000000E+00  0.133584E+03
  0.188795E+02  0.125883E+03  0.122226E+03  0.000000E+00  0.000000E+00  0.000000E+00  0.125768E+03
  0.195195E+02  0.118514E+03  0.115065E+03  0.000000E+00  0.000000E+00  0.000000E+00  0.118405E+03
  0.201811E+02  0.111572E+03  0.108319E+03  0.000000E+00  0.000000E+00  0.000000E+00  0.111469E+03
  0.208651E+02  0.105032E+03  0.101964E+03  0.000000E+00  0.000000E+00  0.000000E+00  0.104935E+03
  0.215723E+02  0.988713E+02  0.959773E+02  0.000000E+00  0.000000E+00  0.000000E+00  0.987801E+02
  0.223035E+02  0.930689E+02  0.903387E+02  0.000000E+00  0.000000E+00  0.000000E+00  0.929829E+02
  0.230595E+02  0.876041E+02  0.850282E+02  0.000000E+00  0.000000E+00  0.000000E+00  0.875229E+02
  0.238411E+02  0.824567E+02  0.800261E+02  0.000000E+00  0.000000E+00  0.000000E+00  0.823801E+02
  0.246492E+02  0.776090E+02  0.753152E+02  0.000000E+00  0.000000E+00  0.000000E+00  0.775368E+02
  0.254847E+02  0.730438E+02  0.708788E+02  0.000000E+00  0.000000E+00  0.000000E+00  0.729756E+02
  0.263485E+02  0.687448E+02  0.667010E+02  0.000000E+00  0.000000E+00  0.000000E+00  0.686804E+02
  0.272416E+02  0.646963E+02  0.627667E+02  0.000000E+00  0.000000E+00  0.000000E+00  0.646355E+02
  0.281650E+02  0.608841E+02  0.590620E+02  0.000000E+00  0.000000E+00  0.000000E+00  0.608268E+02
  0.291196E+02  0.572949E+02  0.555738E+02  0.000000E+00  0.000000E+00  0.000000E+00  0.572407E+02
  0.301066E+02  0.539151E+02  0.522893E+02  0.000000E+00  0.000000E+00  0.000000E+00  0.538639E+02
  0.311271E+02  0.507331E+02  0.491968E+02  0.000000E+00  0.000000E+00  0.000000E+00  0.506847E+02
  0.321822E+02  0.477373E+02  0.462854E+02  0.000000E+00  0.000000E+00  0.000000E+00  0.476916E+02
  0.332730E+02  0.449169E+02  0.435444E+02  0.000000E+00  0.000000E+00  0.000000E+00  0.448737E+02
  0.344008E+02  0.422617E+02  0.409638E+02  0.000000E+00  0.000000E+00  0.000000E+00  0.422208E+02
  0.355668E+02  0.397623E+02  0.385346E+02  0.000000E+00  0.000000E+00  0.000000E+00  0.397236E+02
  0.367723E+02  0.374094E+02  0.362478E+02  0.000000E+00  0.000000E+00  0.000000E+00  0.373728E+02
  0.380187E+02  0.351946E+02  0.340952E+02  0.000000E+00  0.000000E+00  0.000000E+00  0.351599E+02
  0.393074E+02  0.331099E+02  0.320691E+02  0.000000E+00  0.000000E+00  0.000000E+00  0.330771E+02
  0.406397E+02  0.311477E+02  0.301620E+02  0.000000E+00  0.000000E+00  0.000000E+00  0.311167E+02
  0.420172E+02  0.293009E+02  0.283669E+02  0.000000E+00  0.000000E+00  0.000000E+00  0.292714E+02
  0.434414E+02  0.275627E+02  0.266774E+02  0.000000E+00  0.000000E+00  0.000000E+00  0.275348E+02
  0.449138E+02  0.259269E+02  0.250874E+02  0.000000E+00  0.000000E+00  0.000000E+00  0.259004E+02
  0.464362E+02  0.243874E+02  0.235909E+02  0.000000E+00  0.000000E+00  0.000000E+00  0.243623E+02
  0.480101E+02  0.229386E+02  0.221827E+02  0.000000E+00  0.000000E+00  0.000000E+00  0.229148E+02
  0.496375E+02  0.215752E+02  0.208574E+02  0.000000E+00  0.000000E+00  0.000000E+00  0.215526E+02
  0.513199E+02  0.202923E+02  0.196103E+02  0.000000E+00  0.000000E+00  0.000000E+00  0.202709E+02
  0.530594E+02  0.190851E+02  0.184368E+02  0.000000E+00  0.000000E+00  0.000000E+00  0.190647E+02
  0.548579E+02  0.179492E+02  0.173325E+02  0.000000E+00  0.000000E+00  0.000000E+00  0.179298E+02
  0.567173E+02  0.168804E+02  0.162935E+02  0.000000E+00  0.000000E+00  0.000000E+00  0.168620E+02
  0.586397E+02  0.158748E+02  0.153159E+02  0.000000E+00  0.000000E+00  0.000000E+00  0.158572E+02
  0.606273E+02  0.149287E+02  0.143960E+02  0.000000E+00  0.000000E+00  0.000000E+00  0.149119E+02
  0.626823E+02  0.140386E+02  0.135306E+02  0.000000E+00  0.000000E+00  0.000000E+00  0.140226E+02
  0.648069E+02  0.132011E+02  0.127164E+02  0.000000E+00  0.000000E+00  0.000000E+00  0.131859E+02
  0.670036E+02  0.124133E+02  0.119504E+02  0.000000E+00  0.000000E+00  0.000000E+00  0.123987E+02
  0.692747E+02  0.116722E+02  0.112297E+02  0.000000E+00  0.000000E+00  0.000000E+00  0.116582E+02
  0.716227E+02  0.109750E+02  0.105518E+02  0.000000E+00  0.000000E+00  0.000000E+00  0.109616E+02
  0.740504E+02  0.103191E+02  0.991406E+01  0.000000E+00  0.000000E+00  0.000000E+00  0.103064E+02
  0.765604E+02  0.970220E+01  0.931414E+01  0.000000E+00  0.000000E+00  0.000000E+00  0.968998E+01
  0.791553E+02  0.912192E+01  0.874983E+01  0.000000E+00  0.000000E+00  0.000000E+00  0.911020E+01
  0.818384E+02  0.857610E+01  0.821901E+01  0.000000E+00  0.000000E+00  0.000000E+00  0.856485E+01
  0.846122E+02  0.806272E+01  0.771973E+01  0.000000E+00  0.000000E+00  0.000000E+00  0.805192E+01
  0.874802E+02  0.757986E+01  0.725010E+01  0.000000E+00  0.000000E+00  0.000000E+00  0.756947E+01
  0.904453E+02  0.712573E+01  0.680840E+01  0.000000E+00  0.000000E+00  0.000000E+00  0.711573E+01
  0.935109E+02  0.669863E+01  0.639298E+01  0.000000E+00  0.000000E+00  0.000000E+00  0.668900E+01
  0.966806E+02  0.629693E+01  0.600225E+01  0.000000E+00  0.000000E+00  0.000000E+00  0.628765E+01
  0.999576E+02  0.591918E+01  0.563480E+01  0.000000E+00  0.000000E+00  0.000000E+00  0.591022E+01
  0.103346E+03  0.556393E+01  0.528923E+01  0.000000E+00  0.000000E+00  0.000000E+00  0.555528E+01
  0.106849E+03  0.522985E+01  0.496423E+01  0.000000E+00  0.000000E+00  0.000000E+00  0.522148E+01
  0.110470E+03  0.491571E+01  0.465863E+01  0.000000E+00  0.000000E+00  0.000000E+00  0.490761E+01
  0.114215E+03  0.462030E+01  0.437125E+01  0.000000E+00  0.000000E+00  0.000000E+00  0.461246E+01
  0.118086E+03  0.434253E+01  0.410103E+01  0.000000E+00  0.000000E+00  0.000000E+00  0.433493E+01
  0.122089E+03  0.408133E+01  0.384692E+01  0.000000E+00  0.000000E+00  0.000000E+00  0.407395E+01
  0.126227E+03  0.383575E+01  0.360800E+01  0.000000E+00  0.000000E+00  0.000000E+00  0.382857E+01
  0.130505E+03  0.360484E+01  0.338336E+01  0.000000E+00  0.000000E+00  0.000000E+00  0.359787E+01
  0.134928E+03  0.338774E+01  0.317216E+01  0.000000E+00  0.000000E+00  0.000000E+00  0.338095E+01
  0.139502E+03  0.318360E+01  0.297358E+01  0.000000E+00  0.000000E+00  0.000000E+00  0.317699E+01
  0.144230E+03  0.299170E+01  0.278691E+01  0.000000E+00  0.000000E+00  0.000000E+00  0.298525E+01
  0.149119E+03  0.281128E+01  0.261142E+01  0.000000E+00  0.000000E+00  0.000000E+00  0.280498E+01
  0.154173E+03  0.264166E+01  0.244646E+01  0.000000E+00  0.000000E+00  0.000000E+00  0.263551E+01
  0.159399E+03  0.248219E+01  0.229139E+01  0.000000E+00  0.000000E+00  0.000000E+00  0.247618E+01
  0.164802E+03  0.233229E+01  0.214565E+01  0.000000E+00  0.000000E+00  0.000000E+00  0.232641E+01
  0.170388E+03  0.219137E+01  0.200867E+01  0.000000E+00  0.000000E+00  0.000000E+00  0.218561E+01
  0.176164E+03  0.205889E+01  0.187993E+01  0.000000E+00  0.000000E+00  0.000000E+00  0.205326E+01
  0.182135E+03  0.193437E+01  0.175896E+01  0.000000E+00  0.000000E+00  0.000000E+00  0.192885E+01
  0.188308E+03  0.181733E+01  0.164528E+01  0.000000E+00  0.000000E+00  0.000000E+00  0.181191E+01
  0.194691E+03  0.170731E+01  0.153848E+01  0.000000E+00  0.000000E+00  0.000000E+00  0.170199E+01
  0.201290E+03  0.160389E+01  0.143814E+01  0.000000E+00  0.000000E+00  0.000000E+00  0.159867E+01
