  0.108800E-04  0.312567E+07  0.312567E+07  0.416722E+07  0.416722E+07  0.000000E+00  0.312567E+07
  0.112487E-04  0.312567E+07  0.312567E+07  0.416720E+07  0.416720E+07  0.000000E+00  0.312567E+07
  0.116300E-04  0.312566E+07  0.312566E+07  0.416718E+07  0.416717E+07  0.000000E+00  0.312566E+07
  0.120242E-04  0.312566E+07  0.312566E+07  0.416715E+07  0.416715E+07  0.000000E+00  0.312566E+07
  0.124318E-04  0.312566E+07  0.312566E+07  0.416712E+07  0.416712E+07  0.000000E+00  0.312566E+07
  0.128531E-04  0.312566E+07  0.312566E+07  0.416709E+07  0.416709E+07  0.000000E+00  0.312566E+07
  0.132888E-04  0.312566E+07  0.312566E+07  0.416706E+07  0.416706E+07  0.000000E+00  0.312566E+07
  0.137392E-04  0.312566E+07  0.312566E+07  0.416703E+07  0.416702E+07  0.000000E+00  0.312566E+07
  0.142049E-04  0.312566E+07  0.312566E+07  0.416699E+07  0.416698E+07  0.000000E+00  0.312566E+07
  0.146864E-04  0.312566E+07  0.312566E+07  0.416695E+07  0.416695E+07  0.000000E+00  0.312566E+07
  0.151842E-04  0.312566E+07  0.312566E+07  0.416691E+07  0.416690E+07  0.000000E+00  0.312566E+07
  0.156989E-04  0.312566E+07  0.312566E+07  0.416686E+07  0.416686E+07  0.000000E+00  0.312566E+07
  0.162310E-04  0.312566E+07  0.312566E+07  0.416682E+07  0.416681E+07  0.000000E+00  0.312566E+07
  0.167811E-04  0.312566E+07  0.312566E+07  0.416677E+07  0.416676E+07  0.000000E+00  0.312566E+07
  0.173499E-04  0.312566E+07  0.312566E+07  0.416671E+07  0.416670E+07  0.000000E+00  0.312566E+07
  0.179380E-04  0.312566E+07  0.312566E+07  0.416665E+07  0.416664E+07  0.000000E+00  0.312566E+07
  0.185460E-04  0.312566E+07  0.312566E+07  0.416659E+07  0.416658E+07  0.000000E+00  0.312566E+07
  0.191746E-04  0.312566E+07  0.312566E+07  0.416652E+07  0.416651E+07  0.000000E+00  0.312566E+07
  0.198246E-04  0.312566E+07  0.312566E+07  0.416645E+07  0.416644E+07  0.000000E+00  0.312566E+07
  0.204965E-04  0.312566E+07  0.312566E+07  0.416638E+07  0.416637E+07  0.000000E+00  0.312566E+07
  0.211913E-04  0.312566E+07  0.312566E+07  0.416630E+07  0.416628E+07  0.000000E+00  0.312566E+07
  0.219095E-04  0.312566E+07  0.312566E+07  0.416621E+07  0.416620E+07  0.000000E+00  0.312566E+07
  0.226522E-04  0.312566E+07  0.312566E+07  0.416612E+07  0.416610E+07  0.000000E+00  0.312566E+07
  0.234200E-04  0.312566E+07  0.312566E+07  0.416602E+07  0.416600E+07  0.000000E+00  0.312566E+07
  0.242138E-04  0.312565E+07  0.312565E+07  0.416591E+07  0.416589E+07  0.000000E+00  0.312565E+07
  0.250345E-04  0.312565E+07  0.312565E+07  0.416580E+07  0.416578E+07  0.000000E+00  0.312565E+07
  0.258831E-04  0.312565E+07  0.312565E+07  0.416567E+07  0.416566E+07  0.000000E+00  0.312565E+07
  0.267604E-04  0.312565E+07  0.312565E+07  0.416554E+07  0.416553E+07  0.000000E+00  0.312565E+07
  0.276674E-04  0.312565E+07  0.312565E+07  0.416541E+07  0.416539E+07  0.000000E+00  0.312565E+07
  0.286052E-04  0.312565E+07  0.312565E+07  0.416526E+07  0.416524E+07  0.000000E+00  0.312565E+07
  0.295748E-04  0.312565E+07  0.312565E+07  0.416510E+07  0.416508E+07  0.000000E+00  0.312565E+07
  0.305772E-04  0.312565E+07  0.312565E+07  0.416493E+07  0.416490E+07  0.000000E+00  0.312565E+07
  0.316136E-04  0.312564E+07  0.312564E+07  0.416475E+07  0.416472E+07  0.000000E+00  0.312564E+07
  0.326852E-04  0.312564E+07  0.312564E+07  0.416455E+07  0.416453E+07  0.000000E+00  0.312564E+07
  0.337931E-04  0.312564E+07  0.312564E+07  0.416435E+07  0.416432E+07  0.000000E+00  0.312564E+07
  0.349385E-04  0.312564E+07  0.312564E+07  0.416413E+07  0.416409E+07  0.000000E+00  0.312564E+07
  0.361227E-04  0.312564E+07  0.312564E+07  0.416389E+07  0.416386E+07  0.000000E+00  0.312564E+07
  0.373471E-04  0.312564E+07  0.312564E+07  0.416364E+07  0.416360E+07  0.000000E+00  0.312564E+07
  0.386130E-04  0.312563E+07  0.312563E+07  0.416337E+07  0.416333E+07  0.000000E+00  0.312563E+07
  0.399218E-04  0.312563E+07  0.312563E+07  0.416308E+07  0.416304E+07  0.000000E+00  0.312563E+07
  0.412749E-04  0.312563E+07  0.312563E+07  0.416277E+07  0.416272E+07  0.000000E+00  0.312563E+07
  0.426740E-04  0.312562E+07  0.312562E+07  0.416244E+07  0.416239E+07  0.000000E+00  0.312562E+07
  0.441204E-04  0.312562E+07  0.312562E+07  0.416209E+07  0.416204E+07  0.000000E+00  0.312562E+07
  0.456159E-04  0.312562E+07  0.312562E+07  0.416171E+07  0.416166E+07  0.000000E+00  0.312562E+07
  0.471620E-04  0.312562E+07  0.312562E+07  0.416131E+07  0.416125E+07  0.000000E+00  0.312562E+07
  0.487606E-04  0.312561E+07  0.312561E+07  0.416088E+07  0.416081E+07  0.000000E+00  0.312561E+07
  0.504133E-04  0.312561E+07  0.312561E+07  0.416042E+07  0.416035E+07  0.000000E+00  0.312561E+07
  0.521221E-04  0.312560E+07  0.312560E+07  0.415993E+07  0.415985E+07  0.000000E+00  0.312560E+07
  0.538888E-04  0.312560E+07  0.312560E+07  0.415940E+07  0.415932E+07  0.000000E+00  0.312560E+07
  0.557153E-04  0.312559E+07  0.312559E+07  0.415884E+07  0.415876E+07  0.000000E+00  0.312559E+07
  0.576038E-04  0.312559E+07  0.312559E+07  0.415824E+07  0.415815E+07  0.000000E+00  0.312559E+07
  0.595563E-04  0.312558E+07  0.312558E+07  0.415760E+07  0.415750E+07  0.000000E+00  0.312558E+07
  0.615750E-04  0.312558E+07  0.312558E+07  0.415691E+07  0.415681E+07  0.000000E+00  0.312558E+07
  0.636621E-04  0.312557E+07  0.312557E+07  0.415618E+07  0.415607E+07  0.000000E+00  0.312557E+07
  0.658199E-04  0.312557E+07  0.312556E+07  0.415539E+07  0.415528E+07  0.000000E+00  0.312557E+07
  0.680509E-04  0.312556E+07  0.312556E+07  0.415456E+07  0.415443E+07  0.000000E+00  0.312556E+07
  0.703575E-04  0.312555E+07  0.312555E+07  0.415366E+07  0.415353E+07  0.000000E+00  0.312555E+07
  0.727422E-04  0.312554E+07  0.312554E+07  0.415270E+07  0.415256E+07  0.000000E+00  0.312554E+07
  0.752079E-04  0.312553E+07  0.312553E+07  0.415168E+07  0.415153E+07  0.000000E+00  0.312553E+07
  0.777570E-04  0.312552E+07  0.312552E+07  0.415059E+07  0.415043E+07  0.000000E+00  0.312552E+07
  0.803926E-04  0.312552E+07  0.312551E+07  0.414942E+07  0.414925E+07  0.000000E+00  0.312552E+07
  0.831175E-04  0.312550E+07  0.312550E+07  0.414817E+07  0.414799E+07  0.000000E+00  0.312550E+07
  0.859348E-04  0.312549E+07  0.312549E+07  0.414684E+07  0.414665E+07  0.000000E+00  0.312549E+07
  0.888476E-04  0.312548E+07  0.312548E+07  0.414542E+07  0.414521E+07  0.000000E+00  0.312548E+07
  0.918591E-04  0.312547E+07  0.312547E+07  0.414389E+07  0.414367E+07  0.000000E+00  0.312547E+07
  0.949726E-04  0.312545E+07  0.312545E+07  0.414227E+07  0.414203E+07  0.000000E+00  0.312545E+07
  0.981917E-04  0.312544E+07  0.312544E+07  0.414053E+07  0.414028E+07  0.000000E+00  0.312544E+07
  0.101520E-03  0.312542E+07  0.312542E+07  0.413867E+07  0.413840E+07  0.000000E+00  0.312542E+07
  0.104961E-03  0.312541E+07  0.312541E+07  0.413669E+07  0.413640E+07  0.000000E+00  0.312541E+07
  0.108519E-03  0.312539E+07  0.312539E+07  0.413457E+07  0.413426E+07  0.000000E+00  0.312539E+07
  0.112197E-03  0.312537E+07  0.312537E+07  0.413230E+07  0.413197E+07  0.000000E+00  0.312537E+07
  0.116000E-03  0.312535E+07  0.312535E+07  0.412988E+07  0.412953E+07  0.000000E+00  0.312535E+07
  0.119932E-03  0.312533E+07  0.312533E+07  0.412730E+07  0.412692E+07  0.000000E+00  0.312533E+07
  0.123997E-03  0.312530E+07  0.312530E+07  0.412453E+07  0.412413E+07  0.000000E+00  0.312530E+07
  0.128200E-03  0.312528E+07  0.312528E+07  0.412158E+07  0.412116E+07  0.000000E+00  0.312528E+07
  0.132545E-03  0.312525E+07  0.312525E+07  0.411843E+07  0.411798E+07  0.000000E+00  0.312525E+07
  0.137038E-03  0.312522E+07  0.312522E+07  0.411507E+07  0.411458E+07  0.000000E+00  0.312522E+07
  0.141683E-03  0.312519E+07  0.312519E+07  0.411147E+07  0.411095E+07  0.000000E+00  0.312519E+07
  0.146485E-03  0.312516E+07  0.312516E+07  0.410763E+07  0.410707E+07  0.000000E+00  0.312516E+07
  0.151450E-03  0.312513E+07  0.312512E+07  0.410353E+07  0.410293E+07  0.000000E+00  0.312512E+07
  0.156583E-03  0.312509E+07  0.312509E+07  0.409915E+07  0.409851E+07  0.000000E+00  0.312509E+07
  0.161891E-03  0.312505E+07  0.312504E+07  0.409447E+07  0.409379E+07  0.000000E+00  0.312505E+07
  0.167378E-03  0.312501E+07  0.312500E+07  0.408948E+07  0.408875E+07  0.000000E+00  0.312500E+07
  0.173051E-03  0.312496E+07  0.312496E+07  0.408414E+07  0.408337E+07  0.000000E+00  0.312496E+07
  0.178917E-03  0.312491E+07  0.312491E+07  0.407845E+07  0.407763E+07  0.000000E+00  0.312491E+07
  0.184981E-03  0.312486E+07  0.312486E+07  0.407237E+07  0.407150E+07  0.000000E+00  0.312486E+07
  0.191251E-03  0.312480E+07  0.312480E+07  0.406589E+07  0.406495E+07  0.000000E+00  0.312480E+07
  0.197734E-03  0.312474E+07  0.312474E+07  0.405896E+07  0.405796E+07  0.000000E+00  0.312474E+07
  0.204436E-03  0.312468E+07  0.312468E+07  0.405157E+07  0.405051E+07  0.000000E+00  0.312468E+07
  0.211366E-03  0.312461E+07  0.312461E+07  0.404369E+07  0.404255E+07  0.000000E+00  0.312461E+07
  0.218530E-03  0.312454E+07  0.312453E+07  0.403528E+07  0.403407E+07  0.000000E+00  0.312454E+07
  0.225937E-03  0.312446E+07  0.312446E+07  0.402630E+07  0.402501E+07  0.000000E+00  0.312446E+07
  0.233595E-03  0.312438E+07  0.312437E+07  0.401673E+07  0.401536E+07  0.000000E+00  0.312438E+07
  0.241513E-03  0.312429E+07  0.312428E+07  0.400653E+07  0.400506E+07  0.000000E+00  0.312429E+07
  0.249699E-03  0.312420E+07  0.312419E+07  0.399564E+07  0.399408E+07  0.000000E+00  0.312419E+07
  0.258162E-03  0.312409E+07  0.312409E+07  0.398404E+07  0.398237E+07  0.000000E+00  0.312409E+07
  0.266913E-03  0.312399E+07  0.312398E+07  0.397167E+07  0.396990E+07  0.000000E+00  0.312399E+07
  0.275960E-03  0.312387E+07  0.312386E+07  0.395848E+07  0.395660E+07  0.000000E+00  0.312387E+07
  0.285314E-03  0.312375E+07  0.312374E+07  0.394444E+07  0.394243E+07  0.000000E+00  0.312375E+07
  0.294984E-03  0.312362E+07  0.312361E+07  0.392947E+07  0.392734E+07  0.000000E+00  0.312361E+07
  0.304983E-03  0.312348E+07  0.312347E+07  0.391354E+07  0.391127E+07  0.000000E+00  0.312347E+07
  0.315320E-03  0.312333E+07  0.312331E+07  0.389657E+07  0.389416E+07  0.000000E+00  0.312332E+07
  0.326008E-03  0.312316E+07  0.312315E+07  0.387850E+07  0.387594E+07  0.000000E+00  0.312316E+07
  0.337058E-03  0.312299E+07  0.312298E+07  0.385928E+07  0.385656E+07  0.000000E+00  0.312299E+07
  0.348483E-03  0.312281E+07  0.312280E+07  0.383884E+07  0.383595E+07  0.000000E+00  0.312281E+07
  0.360295E-03  0.312261E+07  0.312260E+07  0.381709E+07  0.381403E+07  0.000000E+00  0.312261E+07
  0.372507E-03  0.312241E+07  0.312239E+07  0.379397E+07  0.379072E+07  0.000000E+00  0.312240E+07
  0.385133E-03  0.312218E+07  0.312217E+07  0.376941E+07  0.376596E+07  0.000000E+00  0.312218E+07
  0.398187E-03  0.312194E+07  0.312193E+07  0.374331E+07  0.373966E+07  0.000000E+00  0.312194E+07
  0.411684E-03  0.312169E+07  0.312167E+07  0.371561E+07  0.371174E+07  0.000000E+00  0.312169E+07
  0.425638E-03  0.312142E+07  0.312140E+07  0.368620E+07  0.368212E+07  0.000000E+00  0.312142E+07
  0.440065E-03  0.312113E+07  0.312111E+07  0.365501E+07  0.365069E+07  0.000000E+00  0.312113E+07
  0.454981E-03  0.312082E+07  0.312080E+07  0.362195E+07  0.361739E+07  0.000000E+00  0.312082E+07
  0.470403E-03  0.312049E+07  0.312047E+07  0.358691E+07  0.358210E+07  0.000000E+00  0.312049E+07
  0.486347E-03  0.312014E+07  0.312011E+07  0.354982E+07  0.354474E+07  0.000000E+00  0.312014E+07
  0.502832E-03  0.311976E+07  0.311974E+07  0.351056E+07  0.350521E+07  0.000000E+00  0.311976E+07
  0.519875E-03  0.311936E+07  0.311933E+07  0.346905E+07  0.346342E+07  0.000000E+00  0.311936E+07
  0.537497E-03  0.311894E+07  0.311891E+07  0.342519E+07  0.341927E+07  0.000000E+00  0.311893E+07
  0.555715E-03  0.311848E+07  0.311845E+07  0.337888E+07  0.337267E+07  0.000000E+00  0.311848E+07
  0.574551E-03  0.311799E+07  0.311796E+07  0.333004E+07  0.332353E+07  0.000000E+00  0.311799E+07
  0.594026E-03  0.311748E+07  0.311744E+07  0.327856E+07  0.327175E+07  0.000000E+00  0.311747E+07
  0.614160E-03  0.311692E+07  0.311688E+07  0.322437E+07  0.321725E+07  0.000000E+00  0.311692E+07
  0.634977E-03  0.311634E+07  0.311629E+07  0.316738E+07  0.315995E+07  0.000000E+00  0.311633E+07
  0.656500E-03  0.311571E+07  0.311566E+07  0.310752E+07  0.309978E+07  0.000000E+00  0.311570E+07
  0.678752E-03  0.311504E+07  0.311499E+07  0.304472E+07  0.303668E+07  0.000000E+00  0.311503E+07
  0.701758E-03  0.311433E+07  0.311427E+07  0.297893E+07  0.297059E+07  0.000000E+00  0.311432E+07
  0.725544E-03  0.311357E+07  0.311351E+07  0.291010E+07  0.290147E+07  0.000000E+00  0.311356E+07
  0.750137E-03  0.311276E+07  0.311270E+07  0.283821E+07  0.282930E+07  0.000000E+00  0.311275E+07
  0.775563E-03  0.311190E+07  0.311184E+07  0.276324E+07  0.275407E+07  0.000000E+00  0.311189E+07
  0.801851E-03  0.311099E+07  0.311092E+07  0.268521E+07  0.267580E+07  0.000000E+00  0.311098E+07
  0.829029E-03  0.311002E+07  0.310994E+07  0.260414E+07  0.259452E+07  0.000000E+00  0.311000E+07
  0.857129E-03  0.310898E+07  0.310890E+07  0.252010E+07  0.251029E+07  0.000000E+00  0.310897E+07
  0.886182E-03  0.310788E+07  0.310780E+07  0.243318E+07  0.242322E+07  0.000000E+00  0.310787E+07
  0.916219E-03  0.310671E+07  0.310662E+07  0.234348E+07  0.233342E+07  0.000000E+00  0.310670E+07
  0.947274E-03  0.310547E+07  0.310537E+07  0.225118E+07  0.224105E+07  0.000000E+00  0.310545E+07
  0.979383E-03  0.310415E+07  0.310405E+07  0.215646E+07  0.214633E+07  0.000000E+00  0.310413E+07
  0.101258E-02  0.310275E+07  0.310264E+07  0.205956E+07  0.204948E+07  0.000000E+00  0.310273E+07
  0.104690E-02  0.310126E+07  0.310115E+07  0.196075E+07  0.195081E+07  0.000000E+00  0.310125E+07
  0.108239E-02  0.309969E+07  0.309956E+07  0.186038E+07  0.185063E+07  0.000000E+00  0.309967E+07
  0.111907E-02  0.309802E+07  0.309788E+07  0.175881E+07  0.174934E+07  0.000000E+00  0.309800E+07
  0.115700E-02  0.309625E+07  0.309610E+07  0.165647E+07  0.164735E+07  0.000000E+00  0.309622E+07
  0.119622E-02  0.309437E+07  0.309422E+07  0.155382E+07  0.154516E+07  0.000000E+00  0.309435E+07
  0.123677E-02  0.309239E+07  0.309222E+07  0.145140E+07  0.144327E+07  0.000000E+00  0.309236E+07
  0.127869E-02  0.309029E+07  0.309011E+07  0.134976E+07  0.134226E+07  0.000000E+00  0.309026E+07
  0.132203E-02  0.308807E+07  0.308788E+07  0.124952E+07  0.124274E+07  0.000000E+00  0.308804E+07
  0.136684E-02  0.308572E+07  0.308552E+07  0.115131E+07  0.114533E+07  0.000000E+00  0.308569E+07
  0.141317E-02  0.308324E+07  0.308303E+07  0.105578E+07  0.105069E+07  0.000000E+00  0.308321E+07
  0.146107E-02  0.308063E+07  0.308040E+07  0.963628E+06  0.959485E+06  0.000000E+00  0.308059E+07
  0.151059E-02  0.307787E+07  0.307763E+07  0.875509E+06  0.872374E+06  0.000000E+00  0.307783E+07
  0.156179E-02  0.307496E+07  0.307470E+07  0.792082E+06  0.789993E+06  0.000000E+00  0.307492E+07
  0.161473E-02  0.307190E+07  0.307162E+07  0.713967E+06  0.712939E+06  0.000000E+00  0.307185E+07
  0.166946E-02  0.306867E+07  0.306838E+07  0.641720E+06  0.641745E+06  0.000000E+00  0.306863E+07
  0.172605E-02  0.306528E+07  0.306497E+07  0.575820E+06  0.576860E+06  0.000000E+00  0.306524E+07
  0.178455E-02  0.306172E+07  0.306138E+07  0.516638E+06  0.518624E+06  0.000000E+00  0.306167E+07
  0.184504E-02  0.305798E+07  0.305762E+07  0.464418E+06  0.467246E+06  0.000000E+00  0.305792E+07
  0.190758E-02  0.305405E+07  0.305367E+07  0.419252E+06  0.422785E+06  0.000000E+00  0.305399E+07
  0.197223E-02  0.304994E+07  0.304953E+07  0.381060E+06  0.385129E+06  0.000000E+00  0.304987E+07
  0.203908E-02  0.304562E+07  0.304518E+07  0.349580E+06  0.353987E+06  0.000000E+00  0.304555E+07
  0.210820E-02  0.304110E+07  0.304064E+07  0.324357E+06  0.328879E+06  0.000000E+00  0.304103E+07
  0.217966E-02  0.303638E+07  0.303588E+07  0.304746E+06  0.309149E+06  0.000000E+00  0.303630E+07
  0.225354E-02  0.303143E+07  0.303090E+07  0.289929E+06  0.293973E+06  0.000000E+00  0.303135E+07
  0.232992E-02  0.302627E+07  0.302570E+07  0.278935E+06  0.282396E+06  0.000000E+00  0.302618E+07
  0.240889E-02  0.302087E+07  0.302027E+07  0.270689E+06  0.273366E+06  0.000000E+00  0.302078E+07
  0.249054E-02  0.301525E+07  0.301460E+07  0.264057E+06  0.265798E+06  0.000000E+00  0.301515E+07
  0.257496E-02  0.300938E+07  0.300868E+07  0.257923E+06  0.258634E+06  0.000000E+00  0.300927E+07
  0.266224E-02  0.300326E+07  0.300252E+07  0.251258E+06  0.250920E+06  0.000000E+00  0.300314E+07
  0.275248E-02  0.299688E+07  0.299610E+07  0.243200E+06  0.241877E+06  0.000000E+00  0.299676E+07
  0.284577E-02  0.299025E+07  0.298941E+07  0.233134E+06  0.230976E+06  0.000000E+00  0.299012E+07
  0.294223E-02  0.298334E+07  0.298244E+07  0.220755E+06  0.217987E+06  0.000000E+00  0.298320E+07
  0.304196E-02  0.297616E+07  0.297520E+07  0.206107E+06  0.203008E+06  0.000000E+00  0.297601E+07
  0.314506E-02  0.296869E+07  0.296767E+07  0.189589E+06  0.186469E+06  0.000000E+00  0.296853E+07
  0.325166E-02  0.296093E+07  0.295983E+07  0.171928E+06  0.169079E+06  0.000000E+00  0.296076E+07
  0.336188E-02  0.295286E+07  0.295170E+07  0.154096E+06  0.151746E+06  0.000000E+00  0.295268E+07
  0.347583E-02  0.294449E+07  0.294325E+07  0.137187E+06  0.135454E+06  0.000000E+00  0.294430E+07
  0.359365E-02  0.293580E+07  0.293447E+07  0.122259E+06  0.121114E+06  0.000000E+00  0.293559E+07
  0.371545E-02  0.292678E+07  0.292537E+07  0.110166E+06  0.109405E+06  0.000000E+00  0.292656E+07
  0.384139E-02  0.291743E+07  0.291592E+07  0.101389E+06  0.100649E+06  0.000000E+00  0.291720E+07
  0.397159E-02  0.290774E+07  0.290612E+07  0.959234E+05  0.947220E+05  0.000000E+00  0.290749E+07
  0.410621E-02  0.289769E+07  0.289597E+07  0.932396E+05  0.910555E+05  0.000000E+00  0.289743E+07
  0.424539E-02  0.288729E+07  0.288545E+07  0.000000E+00  0.000000E+00  0.000000E+00  0.288700E+07
  0.438929E-02  0.287651E+07  0.287456E+07  0.000000E+00  0.000000E+00  0.000000E+00  0.287621E+07
  0.453806E-02  0.286537E+07  0.286328E+07  0.000000E+00  0.000000E+00  0.000000E+00  0.286504E+07
  0.469188E-02  0.285383E+07  0.285161E+07  0.000000E+00  0.000000E+00  0.000000E+00  0.285349E+07
  0.485091E-02  0.284191E+07  0.283954E+07  0.000000E+00  0.000000E+00  0.000000E+00  0.284154E+07
  0.501534E-02  0.282958E+07  0.282706E+07  0.000000E+00  0.000000E+00  0.000000E+00  0.282919E+07
  0.518533E-02  0.281684E+07  0.281416E+07  0.000000E+00  0.000000E+00  0.000000E+00  0.281643E+07
  0.536109E-02  0.280369E+07  0.280083E+07  0.000000E+00  0.000000E+00  0.000000E+00  0.280325E+07
  0.554280E-02  0.279011E+07  0.278706E+07  0.000000E+00  0.000000E+00  0.000000E+00  0.278964E+07
  0.573068E-02  0.277609E+07  0.277284E+07  0.000000E+00  0.000000E+00  0.000000E+00  0.277559E+07
  0.592492E-02  0.276163E+07  0.275817E+07  0.000000E+00  0.000000E+00  0.000000E+00  0.276110E+07
  0.612574E-02  0.274672E+07  0.274304E+07  0.000000E+00  0.000000E+00  0.000000E+00  0.274615E+07
  0.633338E-02  0.273135E+07  0.272743E+07  0.000000E+00  0.000000E+00  0.000000E+00  0.273074E+07
  0.654805E-02  0.271551E+07  0.271133E+07  0.000000E+00  0.000000E+00  0.000000E+00  0.271486E+07
  0.677000E-02  0.269919E+07  0.269474E+07  0.000000E+00  0.000000E+00  0.000000E+00  0.269850E+07
  0.699947E-02  0.268238E+07  0.267765E+07  0.000000E+00  0.000000E+00  0.000000E+00  0.268165E+07
  0.723671E-02  0.266508E+07  0.266005E+07  0.000000E+00  0.000000E+00  0.000000E+00  0.266431E+07
  0.748200E-02  0.264728E+07  0.264193E+07  0.000000E+00  0.000000E+00  0.000000E+00  0.264646E+07
  0.773561E-02  0.262897E+07  0.262328E+07  0.000000E+00  0.000000E+00  0.000000E+00  0.262809E+07
  0.799781E-02  0.261014E+07  0.260409E+07  0.000000E+00  0.000000E+00  0.000000E+00  0.260920E+07
  0.826889E-02  0.259078E+07  0.258435E+07  0.000000E+00  0.000000E+00  0.000000E+00  0.258979E+07
  0.854917E-02  0.257088E+07  0.256405E+07  0.000000E+00  0.000000E+00  0.000000E+00  0.256983E+07
  0.883894E-02  0.255045E+07  0.254319E+07  0.000000E+00  0.000000E+00  0.000000E+00  0.254932E+07
  0.913854E-02  0.252945E+07  0.252174E+07  0.000000E+00  0.000000E+00  0.000000E+00  0.252826E+07
  0.944829E-02  0.250790E+07  0.249972E+07  0.000000E+00  0.000000E+00  0.000000E+00  0.250664E+07
  0.976854E-02  0.248578E+07  0.247710E+07  0.000000E+00  0.000000E+00  0.000000E+00  0.248444E+07
  0.100996E-01  0.246309E+07  0.245387E+07  0.000000E+00  0.000000E+00  0.000000E+00  0.246167E+07
  0.104420E-01  0.243981E+07  0.243003E+07  0.000000E+00  0.000000E+00  0.000000E+00  0.243830E+07
  0.107959E-01  0.241594E+07  0.240557E+07  0.000000E+00  0.000000E+00  0.000000E+00  0.241434E+07
  0.111618E-01  0.239147E+07  0.238048E+07  0.000000E+00  0.000000E+00  0.000000E+00  0.238977E+07
  0.115402E-01  0.236639E+07  0.235475E+07  0.000000E+00  0.000000E+00  0.000000E+00  0.236459E+07
  0.119313E-01  0.234070E+07  0.232837E+07  0.000000E+00  0.000000E+00  0.000000E+00  0.233880E+07
  0.123357E-01  0.231439E+07  0.230134E+07  0.000000E+00  0.000000E+00  0.000000E+00  0.231238E+07
  0.127539E-01  0.228745E+07  0.227365E+07  0.000000E+00  0.000000E+00  0.000000E+00  0.228532E+07
  0.131862E-01  0.225988E+07  0.224529E+07  0.000000E+00  0.000000E+00  0.000000E+00  0.225763E+07
  0.136331E-01  0.223168E+07  0.221626E+07  0.000000E+00  0.000000E+00  0.000000E+00  0.222930E+07
  0.140952E-01  0.220283E+07  0.218655E+07  0.000000E+00  0.000000E+00  0.000000E+00  0.220032E+07
  0.145730E-01  0.217333E+07  0.215616E+07  0.000000E+00  0.000000E+00  0.000000E+00  0.217068E+07
  0.150669E-01  0.214319E+07  0.212508E+07  0.000000E+00  0.000000E+00  0.000000E+00  0.214040E+07
  0.155776E-01  0.211240E+07  0.209332E+07  0.000000E+00  0.000000E+00  0.000000E+00  0.210946E+07
  0.161056E-01  0.208097E+07  0.206087E+07  0.000000E+00  0.000000E+00  0.000000E+00  0.207786E+07
  0.166515E-01  0.204888E+07  0.202774E+07  0.000000E+00  0.000000E+00  0.000000E+00  0.204562E+07
  0.172159E-01  0.201615E+07  0.199393E+07  0.000000E+00  0.000000E+00  0.000000E+00  0.201272E+07
  0.177994E-01  0.198278E+07  0.195945E+07  0.000000E+00  0.000000E+00  0.000000E+00  0.197918E+07
  0.184028E-01  0.194879E+07  0.192432E+07  0.000000E+00  0.000000E+00  0.000000E+00  0.194501E+07
  0.190265E-01  0.191418E+07  0.188854E+07  0.000000E+00  0.000000E+00  0.000000E+00  0.191022E+07
  0.196714E-01  0.187896E+07  0.185213E+07  0.000000E+00  0.000000E+00  0.000000E+00  0.187482E+07
  0.203382E-01  0.184316E+07  0.181512E+07  0.000000E+00  0.000000E+00  0.000000E+00  0.183883E+07
  0.210276E-01  0.180679E+07  0.177753E+07  0.000000E+00  0.000000E+00  0.000000E+00  0.180227E+07
  0.217403E-01  0.176989E+07  0.173939E+07  0.000000E+00  0.000000E+00  0.000000E+00  0.176518E+07
  0.224772E-01  0.173247E+07  0.170075E+07  0.000000E+00  0.000000E+00  0.000000E+00  0.172758E+07
  0.232390E-01  0.169459E+07  0.166164E+07  0.000000E+00  0.000000E+00  0.000000E+00  0.168951E+07
  0.240267E-01  0.165628E+07  0.162211E+07  0.000000E+00  0.000000E+00  0.000000E+00  0.165101E+07
  0.248411E-01  0.161759E+07  0.158223E+07  0.000000E+00  0.000000E+00  0.000000E+00  0.161213E+07
  0.256831E-01  0.157857E+07  0.154205E+07  0.000000E+00  0.000000E+00  0.000000E+00  0.157293E+07
  0.265537E-01  0.153928E+07  0.150166E+07  0.000000E+00  0.000000E+00  0.000000E+00  0.153347E+07
  0.274537E-01  0.149980E+07  0.146113E+07  0.000000E+00  0.000000E+00  0.000000E+00  0.149383E+07
  0.283842E-01  0.146020E+07  0.142054E+07  0.000000E+00  0.000000E+00  0.000000E+00  0.145408E+07
  0.293463E-01  0.142056E+07  0.138002E+07  0.000000E+00  0.000000E+00  0.000000E+00  0.141430E+07
  0.303410E-01  0.138098E+07  0.133964E+07  0.000000E+00  0.000000E+00  0.000000E+00  0.137460E+07
  0.313694E-01  0.134155E+07  0.129954E+07  0.000000E+00  0.000000E+00  0.000000E+00  0.133507E+07
  0.324327E-01  0.130238E+07  0.125984E+07  0.000000E+00  0.000000E+00  0.000000E+00  0.129582E+07
  0.335320E-01  0.126359E+07  0.122066E+07  0.000000E+00  0.000000E+00  0.000000E+00  0.125696E+07
  0.346686E-01  0.122529E+07  0.118214E+07  0.000000E+00  0.000000E+00  0.000000E+00  0.121863E+07
  0.358437E-01  0.118760E+07  0.114441E+07  0.000000E+00  0.000000E+00  0.000000E+00  0.118093E+07
  0.370586E-01  0.115064E+07  0.110760E+07  0.000000E+00  0.000000E+00  0.000000E+00  0.114400E+07
  0.383147E-01  0.111436E+07  0.107169E+07  0.000000E+00  0.000000E+00  0.000000E+00  0.110777E+07
  0.396134E-01  0.107894E+07  0.103685E+07  0.000000E+00  0.000000E+00  0.000000E+00  0.107244E+07
  0.409561E-01  0.104460E+07  0.100332E+07  0.000000E+00  0.000000E+00  0.000000E+00  0.103823E+07
  0.423443E-01  0.101147E+07  0.971218E+06  0.000000E+00  0.000000E+00  0.000000E+00  0.100525E+07
  0.437796E-01  0.979644E+06  0.940656E+06  0.000000E+00  0.000000E+00  0.000000E+00  0.973627E+06
  0.452635E-01  0.949205E+06  0.911695E+06  0.000000E+00  0.000000E+00  0.000000E+00  0.943416E+06
  0.467977E-01  0.920176E+06  0.884349E+06  0.000000E+00  0.000000E+00  0.000000E+00  0.914647E+06
  0.483839E-01  0.892546E+06  0.858588E+06  0.000000E+00  0.000000E+00  0.000000E+00  0.887305E+06
  0.500239E-01  0.866261E+06  0.834330E+06  0.000000E+00  0.000000E+00  0.000000E+00  0.861333E+06
  0.517194E-01  0.841236E+06  0.811456E+06  0.000000E+00  0.000000E+00  0.000000E+00  0.836640E+06
  0.534725E-01  0.817357E+06  0.789813E+06  0.000000E+00  0.000000E+00  0.000000E+00  0.813106E+06
  0.552850E-01  0.794501E+06  0.769227E+06  0.000000E+00  0.000000E+00  0.000000E+00  0.790600E+06
  0.571588E-01  0.772556E+06  0.749536E+06  0.000000E+00  0.000000E+00  0.000000E+00  0.769003E+06
  0.590963E-01  0.751484E+06  0.730643E+06  0.000000E+00  0.000000E+00  0.000000E+00  0.748268E+06
  0.610993E-01  0.731647E+06  0.712856E+06  0.000000E+00  0.000000E+00  0.000000E+00  0.728747E+06
  0.631703E-01  0.711641E+06  0.694706E+06  0.000000E+00  0.000000E+00  0.000000E+00  0.709027E+06
  0.653114E-01  0.691762E+06  0.676439E+06  0.000000E+00  0.000000E+00  0.000000E+00  0.689397E+06
  0.675252E-01  0.671784E+06  0.657778E+06  0.000000E+00  0.000000E+00  0.000000E+00  0.669622E+06
  0.698139E-01  0.651496E+06  0.638481E+06  0.000000E+00  0.000000E+00  0.000000E+00  0.649487E+06
  0.721803E-01  0.630725E+06  0.618352E+06  0.000000E+00  0.000000E+00  0.000000E+00  0.628816E+06
  0.746268E-01  0.609362E+06  0.597280E+06  0.000000E+00  0.000000E+00  0.000000E+00  0.607498E+06
  0.771564E-01  0.587382E+06  0.575260E+06  0.000000E+00  0.000000E+00  0.000000E+00  0.585511E+06
  0.797716E-01  0.564854E+06  0.552402E+06  0.000000E+00  0.000000E+00  0.000000E+00  0.562932E+06
  0.824755E-01  0.541934E+06  0.528929E+06  0.000000E+00  0.000000E+00  0.000000E+00  0.539927E+06
  0.852709E-01  0.518854E+06  0.505159E+06  0.000000E+00  0.000000E+00  0.000000E+00  0.516741E+06
  0.881612E-01  0.495901E+06  0.481477E+06  0.000000E+00  0.000000E+00  0.000000E+00  0.493675E+06
  0.911495E-01  0.473400E+06  0.458320E+06  0.000000E+00  0.000000E+00  0.000000E+00  0.471072E+06
  0.942390E-01  0.451704E+06  0.436148E+06  0.000000E+00  0.000000E+00  0.000000E+00  0.449303E+06
  0.974333E-01  0.431178E+06  0.415420E+06  0.000000E+00  0.000000E+00  0.000000E+00  0.428746E+06
  0.100736E+00  0.412159E+06  0.396542E+06  0.000000E+00  0.000000E+00  0.000000E+00  0.409749E+06
  0.104150E+00  0.394893E+06  0.379793E+06  0.000000E+00  0.000000E+00  0.000000E+00  0.392563E+06
  0.107680E+00  0.379472E+06  0.365255E+06  0.000000E+00  0.000000E+00  0.000000E+00  0.377278E+06
  0.111330E+00  0.365797E+06  0.352770E+06  0.000000E+00  0.000000E+00  0.000000E+00  0.363787E+06
  0.115104E+00  0.353597E+06  0.341962E+06  0.000000E+00  0.000000E+00  0.000000E+00  0.351802E+06
  0.119005E+00  0.342473E+06  0.332293E+06  0.000000E+00  0.000000E+00  0.000000E+00  0.340902E+06
  0.123039E+00  0.331936E+06  0.323120E+06  0.000000E+00  0.000000E+00  0.000000E+00  0.330575E+06
  0.127209E+00  0.321435E+06  0.313744E+06  0.000000E+00  0.000000E+00  0.000000E+00  0.320248E+06
  0.131521E+00  0.310420E+06  0.303503E+06  0.000000E+00  0.000000E+00  0.000000E+00  0.309353E+06
  0.135979E+00  0.298496E+06  0.291944E+06  0.000000E+00  0.000000E+00  0.000000E+00  0.297485E+06
  0.140588E+00  0.285591E+06  0.279016E+06  0.000000E+00  0.000000E+00  0.000000E+00  0.284577E+06
  0.145353E+00  0.271994E+06  0.265103E+06  0.000000E+00  0.000000E+00  0.000000E+00  0.270930E+06
  0.150280E+00  0.258210E+06  0.250867E+06  0.000000E+00  0.000000E+00  0.000000E+00  0.257077E+06
  0.155374E+00  0.244792E+06  0.237043E+06  0.000000E+00  0.000000E+00  0.000000E+00  0.243596E+06
  0.160640E+00  0.232276E+06  0.224340E+06  0.000000E+00  0.000000E+00  0.000000E+00  0.231051E+06
  0.166085E+00  0.221161E+06  0.213365E+06  0.000000E+00  0.000000E+00  0.000000E+00  0.219958E+06
  0.171715E+00  0.211708E+06  0.204398E+06  0.000000E+00  0.000000E+00  0.000000E+00  0.210580E+06
  0.177535E+00  0.203727E+06  0.197161E+06  0.000000E+00  0.000000E+00  0.000000E+00  0.202714E+06
  0.183553E+00  0.196632E+06  0.190905E+06  0.000000E+00  0.000000E+00  0.000000E+00  0.195748E+06
  0.189774E+00  0.189744E+06  0.184755E+06  0.000000E+00  0.000000E+00  0.000000E+00  0.188974E+06
  0.196206E+00  0.182496E+06  0.177990E+06  0.000000E+00  0.000000E+00  0.000000E+00  0.181800E+06
  0.202857E+00  0.174549E+06  0.170210E+06  0.000000E+00  0.000000E+00  0.000000E+00  0.173879E+06
  0.209733E+00  0.165956E+06  0.161530E+06  0.000000E+00  0.000000E+00  0.000000E+00  0.165273E+06
  0.216842E+00  0.157188E+06  0.152577E+06  0.000000E+00  0.000000E+00  0.000000E+00  0.156476E+06
  0.224192E+00  0.148882E+06  0.144171E+06  0.000000E+00  0.000000E+00  0.000000E+00  0.148155E+06
  0.231791E+00  0.141554E+06  0.136957E+06  0.000000E+00  0.000000E+00  0.000000E+00  0.140844E+06
  0.239647E+00  0.135366E+06  0.131105E+06  0.000000E+00  0.000000E+00  0.000000E+00  0.134709E+06
  0.247770E+00  0.129998E+06  0.126188E+06  0.000000E+00  0.000000E+00  0.000000E+00  0.129410E+06
  0.256168E+00  0.124850E+06  0.121441E+06  0.000000E+00  0.000000E+00  0.000000E+00  0.124324E+06
  0.264851E+00  0.119438E+06  0.116260E+06  0.000000E+00  0.000000E+00  0.000000E+00  0.118948E+06
  0.273828E+00  0.113636E+06  0.110509E+06  0.000000E+00  0.000000E+00  0.000000E+00  0.113153E+06
  0.283110E+00  0.107715E+06  0.104562E+06  0.000000E+00  0.000000E+00  0.000000E+00  0.107228E+06
  0.292706E+00  0.102170E+06  0.990484E+05  0.000000E+00  0.000000E+00  0.000000E+00  0.101688E+06
  0.302627E+00  0.973045E+05  0.943414E+05  0.000000E+00  0.000000E+00  0.000000E+00  0.968472E+05
  0.312884E+00  0.930154E+05  0.902969E+05  0.000000E+00  0.000000E+00  0.000000E+00  0.925959E+05
  0.323490E+00  0.889545E+05  0.864595E+05  0.000000E+00  0.000000E+00  0.000000E+00  0.885694E+05
  0.334454E+00  0.847826E+05  0.824151E+05  0.000000E+00  0.000000E+00  0.000000E+00  0.844173E+05
  0.345791E+00  0.805056E+05  0.781881E+05  0.000000E+00  0.000000E+00  0.000000E+00  0.801480E+05
  0.357512E+00  0.763926E+05  0.741290E+05  0.000000E+00  0.000000E+00  0.000000E+00  0.760432E+05
  0.369629E+00  0.726694E+05  0.705186E+05  0.000000E+00  0.000000E+00  0.000000E+00  0.723375E+05
  0.382158E+00  0.692849E+05  0.672829E+05  0.000000E+00  0.000000E+00  0.000000E+00  0.689759E+05
  0.395111E+00  0.660180E+05  0.641401E+05  0.000000E+00  0.000000E+00  0.000000E+00  0.657282E+05
  0.408504E+00  0.627455E+05  0.609437E+05  0.000000E+00  0.000000E+00  0.000000E+00  0.624674E+05
  0.422350E+00  0.595648E+05  0.578257E+05  0.000000E+00  0.000000E+00  0.000000E+00  0.592964E+05
  0.436666E+00  0.566095E+05  0.549560E+05  0.000000E+00  0.000000E+00  0.000000E+00  0.563543E+05
  0.451466E+00  0.538674E+05  0.523129E+05  0.000000E+00  0.000000E+00  0.000000E+00  0.536275E+05
  0.466769E+00  0.512202E+05  0.497484E+05  0.000000E+00  0.000000E+00  0.000000E+00  0.509930E+05
  0.482590E+00  0.486367E+05  0.472287E+05  0.000000E+00  0.000000E+00  0.000000E+00  0.484194E+05
  0.498948E+00  0.461843E+05  0.448422E+05  0.000000E+00  0.000000E+00  0.000000E+00  0.459772E+05
  0.515859E+00  0.438855E+05  0.426163E+05  0.000000E+00  0.000000E+00  0.000000E+00  0.436896E+05
  0.533344E+00  0.416901E+05  0.404876E+05  0.000000E+00  0.000000E+00  0.000000E+00  0.415045E+05
  0.551422E+00  0.395749E+05  0.384298E+05  0.000000E+00  0.000000E+00  0.000000E+00  0.393982E+05
  0.570113E+00  0.375665E+05  0.364785E+05  0.000000E+00  0.000000E+00  0.000000E+00  0.373986E+05
  0.589437E+00  0.356665E+05  0.346358E+05  0.000000E+00  0.000000E+00  0.000000E+00  0.355074E+05
  0.609416E+00  0.338506E+05  0.328724E+05  0.000000E+00  0.000000E+00  0.000000E+00  0.336997E+05
  0.630072E+00  0.321177E+05  0.311885E+05  0.000000E+00  0.000000E+00  0.000000E+00  0.319743E+05
  0.651428E+00  0.304743E+05  0.295933E+05  0.000000E+00  0.000000E+00  0.000000E+00  0.303383E+05
  0.673509E+00  0.289103E+05  0.280748E+05  0.000000E+00  0.000000E+00  0.000000E+00  0.287814E+05
  0.696337E+00  0.274204E+05  0.266277E+05  0.000000E+00  0.000000E+00  0.000000E+00  0.272981E+05
  0.719940E+00  0.260052E+05  0.252535E+05  0.000000E+00  0.000000E+00  0.000000E+00  0.258892E+05
  0.744342E+00  0.246595E+05  0.239468E+05  0.000000E+00  0.000000E+00  0.000000E+00  0.245495E+05
  0.769572E+00  0.233796E+05  0.227039E+05  0.000000E+00  0.000000E+00  0.000000E+00  0.232753E+05
  0.795656E+00  0.221635E+05  0.215230E+05  0.000000E+00  0.000000E+00  0.000000E+00  0.220646E+05
  0.822625E+00  0.210074E+05  0.204004E+05  0.000000E+00  0.000000E+00  0.000000E+00  0.209137E+05
  0.850508E+00  0.199091E+05  0.193338E+05  0.000000E+00  0.000000E+00  0.000000E+00  0.198203E+05
  0.879336E+00  0.188655E+05  0.183204E+05  0.000000E+00  0.000000E+00  0.000000E+00  0.187814E+05
  0.909141E+00  0.178744E+05  0.173580E+05  0.000000E+00  0.000000E+00  0.000000E+00  0.177947E+05
  0.939957E+00  0.169334E+05  0.164442E+05  0.000000E+00  0.000000E+00  0.000000E+00  0.168579E+05
  0.971817E+00  0.160400E+05  0.155765E+05  0.000000E+00  0.000000E+00  0.000000E+00  0.159684E+05
  0.100476E+01  0.151917E+05  0.147528E+05  0.000000E+00  0.000000E+00  0.000000E+00  0.151240E+05
  0.103881E+01  0.143866E+05  0.139710E+05  0.000000E+00  0.000000E+00  0.000000E+00  0.143225E+05
  0.107402E+01  0.136224E+05  0.132289E+05  0.000000E+00  0.000000E+00  0.000000E+00  0.135617E+05
  0.111043E+01  0.128973E+05  0.125248E+05  0.000000E+00  0.000000E+00  0.000000E+00  0.128398E+05
  0.114807E+01  0.122094E+05  0.118567E+05  0.000000E+00  0.000000E+00  0.000000E+00  0.121549E+05
  0.118698E+01  0.115569E+05  0.112231E+05  0.000000E+00  0.000000E+00  0.000000E+00  0.115054E+05
  0.122721E+01  0.109381E+05  0.106222E+05  0.000000E+00  0.000000E+00  0.000000E+00  0.108893E+05
  0.126881E+01  0.103512E+05  0.100523E+05  0.000000E+00  0.000000E+00  0.000000E+00  0.103051E+05
  0.131182E+01  0.979482E+04  0.951193E+04  0.000000E+00  0.000000E+00  0.000000E+00  0.975116E+04
  0.135628E+01  0.926728E+04  0.899964E+04  0.000000E+00  0.000000E+00  0.000000E+00  0.922598E+04
  0.140225E+01  0.876722E+04  0.851403E+04  0.000000E+00  0.000000E+00  0.000000E+00  0.872815E+04
  0.144978E+01  0.829329E+04  0.805378E+04  0.000000E+00  0.000000E+00  0.000000E+00  0.825632E+04
  0.149892E+01  0.784418E+04  0.761765E+04  0.000000E+00  0.000000E+00  0.000000E+00  0.780922E+04
  0.154973E+01  0.741865E+04  0.720441E+04  0.000000E+00  0.000000E+00  0.000000E+00  0.738559E+04
  0.160226E+01  0.701550E+04  0.681291E+04  0.000000E+00  0.000000E+00  0.000000E+00  0.698423E+04
  0.165656E+01  0.663365E+04  0.644209E+04  0.000000E+00  0.000000E+00  0.000000E+00  0.660408E+04
  0.171271E+01  0.627195E+04  0.609084E+04  0.000000E+00  0.000000E+00  0.000000E+00  0.624400E+04
  0.177077E+01  0.592940E+04  0.575819E+04  0.000000E+00  0.000000E+00  0.000000E+00  0.590298E+04
  0.183079E+01  0.560502E+04  0.544317E+04  0.000000E+00  0.000000E+00  0.000000E+00  0.558004E+04
  0.189284E+01  0.529791E+04  0.514493E+04  0.000000E+00  0.000000E+00  0.000000E+00  0.527430E+04
  0.195700E+01  0.500718E+04  0.486260E+04  0.000000E+00  0.000000E+00  0.000000E+00  0.498487E+04
  0.202333E+01  0.473201E+04  0.459537E+04  0.000000E+00  0.000000E+00  0.000000E+00  0.471092E+04
  0.209191E+01  0.447153E+04  0.434242E+04  0.000000E+00  0.000000E+00  0.000000E+00  0.445161E+04
  0.216282E+01  0.422503E+04  0.410304E+04  0.000000E+00  0.000000E+00  0.000000E+00  0.420620E+04
  0.223613E+01  0.399176E+04  0.387651E+04  0.000000E+00  0.000000E+00  0.000000E+00  0.397398E+04
  0.231192E+01  0.377107E+04  0.366219E+04  0.000000E+00  0.000000E+00  0.000000E+00  0.375427E+04
  0.239028E+01  0.356229E+04  0.345944E+04  0.000000E+00  0.000000E+00  0.000000E+00  0.354642E+04
  0.247130E+01  0.336479E+04  0.326764E+04  0.000000E+00  0.000000E+00  0.000000E+00  0.334980E+04
  0.255507E+01  0.317797E+04  0.308621E+04  0.000000E+00  0.000000E+00  0.000000E+00  0.316381E+04
  0.264167E+01  0.300129E+04  0.291463E+04  0.000000E+00  0.000000E+00  0.000000E+00  0.298791E+04
  0.273121E+01  0.283422E+04  0.275239E+04  0.000000E+00  0.000000E+00  0.000000E+00  0.282159E+04
  0.282379E+01  0.267624E+04  0.259897E+04  0.000000E+00  0.000000E+00  0.000000E+00  0.266431E+04
  0.291950E+01  0.252687E+04  0.245391E+04  0.000000E+00  0.000000E+00  0.000000E+00  0.251561E+04
  0.301846E+01  0.238565E+04  0.231676E+04  0.000000E+00  0.000000E+00  0.000000E+00  0.237501E+04
  0.312077E+01  0.225216E+04  0.218713E+04  0.000000E+00  0.000000E+00  0.000000E+00  0.224212E+04
  0.322655E+01  0.212598E+04  0.206460E+04  0.000000E+00  0.000000E+00  0.000000E+00  0.211651E+04
  0.333591E+01  0.200674E+04  0.194879E+04  0.000000E+00  0.000000E+00  0.000000E+00  0.199779E+04
  0.344898E+01  0.189404E+04  0.183934E+04  0.000000E+00  0.000000E+00  0.000000E+00  0.188559E+04
  0.356588E+01  0.178754E+04  0.173592E+04  0.000000E+00  0.000000E+00  0.000000E+00  0.177957E+04
  0.368675E+01  0.168692E+04  0.163820E+04  0.000000E+00  0.000000E+00  0.000000E+00  0.167940E+04
  0.381172E+01  0.159185E+04  0.154588E+04  0.000000E+00  0.000000E+00  0.000000E+00  0.158476E+04
  0.394091E+01  0.150204E+04  0.145866E+04  0.000000E+00  0.000000E+00  0.000000E+00  0.149535E+04
  0.407449E+01  0.141720E+04  0.137627E+04  0.000000E+00  0.000000E+00  0.000000E+00  0.141088E+04
  0.421259E+01  0.133707E+04  0.129845E+04  0.000000E+00  0.000000E+00  0.000000E+00  0.133111E+04
  0.435538E+01  0.126138E+04  0.122495E+04  0.000000E+00  0.000000E+00  0.000000E+00  0.125576E+04
  0.450301E+01  0.118991E+04  0.115554E+04  0.000000E+00  0.000000E+00  0.000000E+00  0.118460E+04
  0.465564E+01  0.112241E+04  0.108999E+04  0.000000E+00  0.000000E+00  0.000000E+00  0.111741E+04
  0.481344E+01  0.105868E+04  0.102809E+04  0.000000E+00  0.000000E+00  0.000000E+00  0.105396E+04
  0.497659E+01  0.998501E+03  0.969655E+03  0.000000E+00  0.000000E+00  0.000000E+00  0.994049E+03
  0.514527E+01  0.941688E+03  0.914481E+03  0.000000E+00  0.000000E+00  0.000000E+00  0.937489E+03
  0.531968E+01  0.888053E+03  0.862394E+03  0.000000E+00  0.000000E+00  0.000000E+00  0.884093E+03
  0.549998E+01  0.837427E+03  0.813229E+03  0.000000E+00  0.000000E+00  0.000000E+00  0.833692E+03
  0.568641E+01  0.789639E+03  0.766820E+03  0.000000E+00  0.000000E+00  0.000000E+00  0.786117E+03
  0.587915E+01  0.744535E+03  0.723017E+03  0.000000E+00  0.000000E+00  0.000000E+00  0.741214E+03
  0.607843E+01  0.701967E+03  0.681677E+03  0.000000E+00  0.000000E+00  0.000000E+00  0.698836E+03
  0.628446E+01  0.661797E+03  0.642666E+03  0.000000E+00  0.000000E+00  0.000000E+00  0.658845E+03
  0.649747E+01  0.623891E+03  0.605854E+03  0.000000E+00  0.000000E+00  0.000000E+00  0.621107E+03
  0.671770E+01  0.588123E+03  0.571117E+03  0.000000E+00  0.000000E+00  0.000000E+00  0.585499E+03
  0.694539E+01  0.554378E+03  0.538346E+03  0.000000E+00  0.000000E+00  0.000000E+00  0.551904E+03
  0.718081E+01  0.522539E+03  0.507425E+03  0.000000E+00  0.000000E+00  0.000000E+00  0.520207E+03
  0.742420E+01  0.492504E+03  0.478257E+03  0.000000E+00  0.000000E+00  0.000000E+00  0.490305E+03
  0.767585E+01  0.464171E+03  0.450741E+03  0.000000E+00  0.000000E+00  0.000000E+00  0.462098E+03
  0.793602E+01  0.437445E+03  0.424786E+03  0.000000E+00  0.000000E+00  0.000000E+00  0.435492E+03
  0.820502E+01  0.412237E+03  0.400305E+03  0.000000E+00  0.000000E+00  0.000000E+00  0.410396E+03
  0.848312E+01  0.388463E+03  0.377217E+03  0.000000E+00  0.000000E+00  0.000000E+00  0.386728E+03
  0.877066E+01  0.366041E+03  0.355441E+03  0.000000E+00  0.000000E+00  0.000000E+00  0.364405E+03
  0.906794E+01  0.344897E+03  0.334907E+03  0.000000E+00  0.000000E+00  0.000000E+00  0.343355E+03
  0.937530E+01  0.324959E+03  0.315543E+03  0.000000E+00  0.000000E+00  0.000000E+00  0.323506E+03
  0.969308E+01  0.306158E+03  0.297285E+03  0.000000E+00  0.000000E+00  0.000000E+00  0.304789E+03
  0.100216E+02  0.288431E+03  0.280070E+03  0.000000E+00  0.000000E+00  0.000000E+00  0.287141E+03
  0.103613E+02  0.271718E+03  0.263839E+03  0.000000E+00  0.000000E+00  0.000000E+00  0.270502E+03
  0.107125E+02  0.255962E+03  0.248537E+03  0.000000E+00  0.000000E+00  0.000000E+00  0.254816E+03
  0.110756E+02  0.241109E+03  0.234112E+03  0.000000E+00  0.000000E+00  0.000000E+00  0.240029E+03
  0.114510E+02  0.227107E+03  0.220514E+03  0.000000E+00  0.000000E+00  0.000000E+00  0.226090E+03
  0.118392E+02  0.213909E+03  0.207696E+03  0.000000E+00  0.000000E+00  0.000000E+00  0.212950E+03
  0.122404E+02  0.201469E+03  0.195615E+03  0.000000E+00  0.000000E+00  0.000000E+00  0.200566E+03
  0.126553E+02  0.189744E+03  0.184228E+03  0.000000E+00  0.000000E+00  0.000000E+00  0.188893E+03
  0.130843E+02  0.178694E+03  0.173496E+03  0.000000E+00  0.000000E+00  0.000000E+00  0.177892E+03
  0.135278E+02  0.168280E+03  0.163382E+03  0.000000E+00  0.000000E+00  0.000000E+00  0.167524E+03
  0.139863E+02  0.158467E+03  0.153852E+03  0.000000E+00  0.000000E+00  0.000000E+00  0.157755E+03
  0.144604E+02  0.149219E+03  0.144871E+03  0.000000E+00  0.000000E+00  0.000000E+00  0.148548E+03
  0.149505E+02  0.140506E+03  0.136408E+03  0.000000E+00  0.000000E+00  0.000000E+00  0.139874E+03
  0.154573E+02  0.132296E+03  0.128435E+03  0.000000E+00  0.000000E+00  0.000000E+00  0.131700E+03
  0.159812E+02  0.124560E+03  0.120922E+03  0.000000E+00  0.000000E+00  0.000000E+00  0.123999E+03
  0.165229E+02  0.117272E+03  0.113844E+03  0.000000E+00  0.000000E+00  0.000000E+00  0.116743E+03
  0.170829E+02  0.110407E+03  0.107176E+03  0.000000E+00  0.000000E+00  0.000000E+00  0.109908E+03
  0.176619E+02  0.103939E+03  0.100894E+03  0.000000E+00  0.000000E+00  0.000000E+00  0.103469E+03
  0.182606E+02  0.978459E+02  0.949771E+02  0.000000E+00  0.000000E+00  0.000000E+00  0.974032E+02
  0.188795E+02  0.921068E+02  0.894033E+02  0.000000E+00  0.000000E+00  0.000000E+00  0.916896E+02
  0.195195E+02  0.867010E+02  0.841532E+02  0.000000E+00  0.000000E+00  0.000000E+00  0.863078E+02
  0.201811E+02  0.816095E+02  0.792082E+02  0.000000E+00  0.000000E+00  0.000000E+00  0.812389E+02
  0.208651E+02  0.768140E+02  0.745507E+02  0.000000E+00  0.000000E+00  0.000000E+00  0.764647E+02
  0.215723E+02  0.722977E+02  0.701645E+02  0.000000E+00  0.000000E+00  0.000000E+00  0.719685E+02
  0.223035E+02  0.680444E+02  0.660336E+02  0.000000E+00  0.000000E+00  0.000000E+00  0.677341E+02
  0.230595E+02  0.640391E+02  0.621435E+02  0.000000E+00  0.000000E+00  0.000000E+00  0.637466E+02
  0.238411E+02  0.602673E+02  0.584802E+02  0.000000E+00  0.000000E+00  0.000000E+00  0.599915E+02
  0.246492E+02  0.567157E+02  0.550308E+02  0.000000E+00  0.000000E+00  0.000000E+00  0.564557E+02
  0.254847E+02  0.533715E+02  0.517827E+02  0.000000E+00  0.000000E+00  0.000000E+00  0.531263E+02
  0.263485E+02  0.502227E+02  0.487245E+02  0.000000E+00  0.000000E+00  0.000000E+00  0.499915E+02
  0.272416E+02  0.472581E+02  0.458451E+02  0.000000E+00  0.000000E+00  0.000000E+00  0.470400E+02
  0.281650E+02  0.444669E+02  0.431341E+02  0.000000E+00  0.000000E+00  0.000000E+00  0.442612E+02
  0.291196E+02  0.418392E+02  0.405819E+02  0.000000E+00  0.000000E+00  0.000000E+00  0.416451E+02
  0.301066E+02  0.393654E+02  0.381791E+02  0.000000E+00  0.000000E+00  0.000000E+00  0.391823E+02
  0.311271E+02  0.370366E+02  0.359173E+02  0.000000E+00  0.000000E+00  0.000000E+00  0.368639E+02
  0.321822E+02  0.348444E+02  0.337880E+02  0.000000E+00  0.000000E+00  0.000000E+00  0.346814E+02
  0.332730E+02  0.327809E+02  0.317838E+02  0.000000E+00  0.000000E+00  0.000000E+00  0.326270E+02
  0.344008E+02  0.308386E+02  0.298971E+02  0.000000E+00  0.000000E+00  0.000000E+00  0.306933E+02
  0.355668E+02  0.290104E+02  0.281214E+02  0.000000E+00  0.000000E+00  0.000000E+00  0.288732E+02
  0.367723E+02  0.272897E+02  0.264500E+02  0.000000E+00  0.000000E+00  0.000000E+00  0.271601E+02
  0.380187E+02  0.256702E+02  0.248770E+02  0.000000E+00  0.000000E+00  0.000000E+00  0.255478E+02
  0.393074E+02  0.241460E+02  0.233965E+02  0.000000E+00  0.000000E+00  0.000000E+00  0.240303E+02
  0.406397E+02  0.227116E+02  0.220032E+02  0.000000E+00  0.000000E+00  0.000000E+00  0.226023E+02
  0.420172E+02  0.213617E+02  0.206919E+02  0.000000E+00  0.000000E+00  0.000000E+00  0.212583E+02
  0.434414E+02  0.200914E+02  0.194580E+02  0.000000E+00  0.000000E+00  0.000000E+00  0.199936E+02
  0.449138E+02  0.188960E+02  0.182968E+02  0.000000E+00  0.000000E+00  0.000000E+00  0.188036E+02
  0.464362E+02  0.177712E+02  0.172041E+02  0.000000E+00  0.000000E+00  0.000000E+00  0.176837E+02
  0.480101E+02  0.167128E+02  0.161760E+02  0.000000E+00  0.000000E+00  0.000000E+00  0.166300E+02
  0.496375E+02  0.157170E+02  0.152086E+02  0.000000E+00  0.000000E+00  0.000000E+00  0.156385E+02
  0.513199E+02  0.147800E+02  0.142983E+02  0.000000E+00  0.000000E+00  0.000000E+00  0.147056E+02
  0.530594E+02  0.138984E+02  0.134419E+02  0.000000E+00  0.000000E+00  0.000000E+00  0.138279E+02
  0.548579E+02  0.130690E+02  0.126361E+02  0.000000E+00  0.000000E+00  0.000000E+00  0.130022E+02
  0.567173E+02  0.122886E+02  0.118780E+02  0.000000E+00  0.000000E+00  0.000000E+00  0.122253E+02
  0.586397E+02  0.115545E+02  0.111648E+02  0.000000E+00  0.000000E+00  0.000000E+00  0.114944E+02
  0.606273E+02  0.108639E+02  0.104939E+02  0.000000E+00  0.000000E+00  0.000000E+00  0.108068E+02
  0.626823E+02  0.102143E+02  0.986269E+01  0.000000E+00  0.000000E+00  0.000000E+00  0.101600E+02
  0.648069E+02  0.960312E+01  0.926891E+01  0.000000E+00  0.000000E+00  0.000000E+00  0.955154E+01
  0.670036E+02  0.902825E+01  0.871035E+01  0.000000E+00  0.000000E+00  0.000000E+00  0.897919E+01
  0.692747E+02  0.848752E+01  0.818496E+01  0.000000E+00  0.000000E+00  0.000000E+00  0.844082E+01
  0.716227E+02  0.797889E+01  0.769075E+01  0.000000E+00  0.000000E+00  0.000000E+00  0.793442E+01
  0.740504E+02  0.750049E+01  0.722590E+01  0.000000E+00  0.000000E+00  0.000000E+00  0.745812E+01
  0.765604E+02  0.705053E+01  0.678866E+01  0.000000E+00  0.000000E+00  0.000000E+00  0.701011E+01
  0.791553E+02  0.662733E+01  0.637743E+01  0.000000E+00  0.000000E+00  0.000000E+00  0.658876E+01
  0.818384E+02  0.622931E+01  0.599064E+01  0.000000E+00  0.000000E+00  0.000000E+00  0.619247E+01
  0.846122E+02  0.585498E+01  0.562687E+01  0.000000E+00  0.000000E+00  0.000000E+00  0.581978E+01
  0.874802E+02  0.550294E+01  0.528475E+01  0.000000E+00  0.000000E+00  0.000000E+00  0.546927E+01
  0.904453E+02  0.517188E+01  0.496301E+01  0.000000E+00  0.000000E+00  0.000000E+00  0.513964E+01
  0.935109E+02  0.486055E+01  0.466044E+01  0.000000E+00  0.000000E+00  0.000000E+00  0.482967E+01
  0.966806E+02  0.456777E+01  0.437588E+01  0.000000E+00  0.000000E+00  0.000000E+00  0.453815E+01
  0.999576E+02  0.429247E+01  0.410831E+01  0.000000E+00  0.000000E+00  0.000000E+00  0.426404E+01
  0.103346E+03  0.403359E+01  0.385669E+01  0.000000E+00  0.000000E+00  0.000000E+00  0.400629E+01
  0.106849E+03  0.379016E+01  0.362008E+01  0.000000E+00  0.000000E+00  0.000000E+00  0.376391E+01
  0.110470E+03  0.356127E+01  0.339760E+01  0.000000E+00  0.000000E+00  0.000000E+00  0.353601E+01
  0.114215E+03  0.334607E+01  0.318841E+01  0.000000E+00  0.000000E+00  0.000000E+00  0.332174E+01
  0.118086E+03  0.314372E+01  0.299173E+01  0.000000E+00  0.000000E+00  0.000000E+00  0.312026E+01
  0.122089E+03  0.295346E+01  0.280678E+01  0.000000E+00  0.000000E+00  0.000000E+00  0.293083E+01
  0.126227E+03  0.277460E+01  0.263292E+01  0.000000E+00  0.000000E+00  0.000000E+00  0.275273E+01
  0.130505E+03  0.260643E+01  0.246945E+01  0.000000E+00  0.000000E+00  0.000000E+00  0.258529E+01
  0.134928E+03  0.244834E+01  0.231577E+01  0.000000E+00  0.000000E+00  0.000000E+00  0.242788E+01
  0.139502E+03  0.229970E+01  0.217129E+01  0.000000E+00  0.000000E+00  0.000000E+00  0.227988E+01
  0.144230E+03  0.215998E+01  0.203548E+01  0.000000E+00  0.000000E+00  0.000000E+00  0.214076E+01
  0.149119E+03  0.202863E+01  0.190781E+01  0.000000E+00  0.000000E+00  0.000000E+00  0.200998E+01
  0.154173E+03  0.190516E+01  0.178780E+01  0.000000E+00  0.000000E+00  0.000000E+00  0.188704E+01
  0.159399E+03  0.178908E+01  0.167499E+01  0.000000E+00  0.000000E+00  0.000000E+00  0.177148E+01
  0.164802E+03  0.167998E+01  0.156897E+01  0.000000E+00  0.000000E+00  0.000000E+00  0.166285E+01
  0.170388E+03  0.157743E+01  0.146933E+01  0.000000E+00  0.000000E+00  0.000000E+00  0.156075E+01
  0.176164E+03  0.148103E+01  0.137567E+01  0.000000E+00  0.000000E+00  0.000000E+00  0.146477E+01
  0.182135E+03  0.139043E+01  0.128767E+01  0.000000E+00  0.000000E+00  0.000000E+00  0.137457E+01
  0.188308E+03  0.130528E+01  0.120497E+01  0.000000E+00  0.000000E+00  0.000000E+00  0.128980E+01
  0.194691E+03  0.122524E+01  0.112727E+01  0.000000E+00  0.000000E+00  0.000000E+00  0.121012E+01
  0.201290E+03  0.115002E+01  0.105426E+01  0.000000E+00  0.000000E+00  0.000000E+00  0.113524E+01
