  0.108800E-04  0.623289E+07  0.623289E+07  0.830918E+07  0.830917E+07  0.000000E+00  0.623289E+07
  0.112487E-04  0.623289E+07  0.623289E+07  0.830908E+07  0.830908E+07  0.000000E+00  0.623289E+07
  0.116300E-04  0.623289E+07  0.623289E+07  0.830898E+07  0.830898E+07  0.000000E+00  0.623289E+07
  0.120242E-04  0.623289E+07  0.623289E+07  0.830888E+07  0.830887E+07  0.000000E+00  0.623289E+07
  0.124318E-04  0.623288E+07  0.623288E+07  0.830876E+07  0.830875E+07  0.000000E+00  0.623288E+07
  0.128531E-04  0.623288E+07  0.623288E+07  0.830864E+07  0.830863E+07  0.000000E+00  0.623288E+07
  0.132888E-04  0.623288E+07  0.623288E+07  0.830851E+07  0.830850E+07  0.000000E+00  0.623288E+07
  0.137392E-04  0.623288E+07  0.623288E+07  0.830837E+07  0.830836E+07  0.000000E+00  0.623288E+07
  0.142049E-04  0.623288E+07  0.623288E+07  0.830822E+07  0.830821E+07  0.000000E+00  0.623288E+07
  0.146864E-04  0.623288E+07  0.623288E+07  0.830807E+07  0.830805E+07  0.000000E+00  0.623288E+07
  0.151842E-04  0.623288E+07  0.623288E+07  0.830790E+07  0.830788E+07  0.000000E+00  0.623288E+07
  0.156989E-04  0.623288E+07  0.623288E+07  0.830771E+07  0.830770E+07  0.000000E+00  0.623288E+07
  0.162310E-04  0.623288E+07  0.623288E+07  0.830752E+07  0.830751E+07  0.000000E+00  0.623288E+07
  0.167811E-04  0.623288E+07  0.623288E+07  0.830731E+07  0.830730E+07  0.000000E+00  0.623288E+07
  0.173499E-04  0.623288E+07  0.623288E+07  0.830709E+07  0.830708E+07  0.000000E+00  0.623288E+07
  0.179380E-04  0.623288E+07  0.623288E+07  0.830686E+07  0.830684E+07  0.000000E+00  0.623288E+07
  0.185460E-04  0.623287E+07  0.623287E+07  0.830660E+07  0.830658E+07  0.000000E+00  0.623287E+07
  0.191746E-04  0.623287E+07  0.623287E+07  0.830633E+07  0.830631E+07  0.000000E+00  0.623287E+07
  0.198246E-04  0.623287E+07  0.623287E+07  0.830604E+07  0.830602E+07  0.000000E+00  0.623287E+07
  0.204965E-04  0.623287E+07  0.623287E+07  0.830573E+07  0.830571E+07  0.000000E+00  0.623287E+07
  0.211913E-04  0.623287E+07  0.623287E+07  0.830540E+07  0.830538E+07  0.000000E+00  0.623287E+07
  0.219095E-04  0.623287E+07  0.623287E+07  0.830505E+07  0.830502E+07  0.000000E+00  0.623287E+07
  0.226522E-04  0.623286E+07  0.623286E+07  0.830467E+07  0.830465E+07  0.000000E+00  0.623286E+07
  0.234200E-04  0.623286E+07  0.623286E+07  0.830427E+07  0.830424E+07  0.000000E+00  0.623286E+07
  0.242138E-04  0.623286E+07  0.623286E+07  0.830384E+07  0.830381E+07  0.000000E+00  0.623286E+07
  0.250345E-04  0.623286E+07  0.623286E+07  0.830338E+07  0.830334E+07  0.000000E+00  0.623286E+07
  0.258831E-04  0.623286E+07  0.623286E+07  0.830289E+07  0.830285E+07  0.000000E+00  0.623286E+07
  0.267604E-04  0.623285E+07  0.623285E+07  0.830236E+07  0.830232E+07  0.000000E+00  0.623285E+07
  0.276674E-04  0.623285E+07  0.623285E+07  0.830180E+07  0.830176E+07  0.000000E+00  0.623285E+07
  0.286052E-04  0.623285E+07  0.623285E+07  0.830120E+07  0.830115E+07  0.000000E+00  0.623285E+07
  0.295748E-04  0.623284E+07  0.623284E+07  0.830055E+07  0.830051E+07  0.000000E+00  0.623284E+07
  0.305772E-04  0.623284E+07  0.623284E+07  0.829987E+07  0.829982E+07  0.000000E+00  0.623284E+07
  0.316136E-04  0.623284E+07  0.623284E+07  0.829913E+07  0.829908E+07  0.000000E+00  0.623284E+07
  0.326852E-04  0.623283E+07  0.623283E+07  0.829835E+07  0.829829E+07  0.000000E+00  0.623283E+07
  0.337931E-04  0.623283E+07  0.623283E+07  0.829751E+07  0.829745E+07  0.000000E+00  0.623283E+07
  0.349385E-04  0.623282E+07  0.623282E+07  0.829661E+07  0.829654E+07  0.000000E+00  0.623282E+07
  0.361227E-04  0.623282E+07  0.623282E+07  0.829565E+07  0.829558E+07  0.000000E+00  0.623282E+07
  0.373471E-04  0.623281E+07  0.623281E+07  0.829463E+07  0.829455E+07  0.000000E+00  0.623281E+07
  0.386130E-04  0.623281E+07  0.623281E+07  0.829353E+07  0.829345E+07  0.000000E+00  0.623281E+07
  0.399218E-04  0.623280E+07  0.623280E+07  0.829236E+07  0.829228E+07  0.000000E+00  0.623280E+07
  0.412749E-04  0.623280E+07  0.623280E+07  0.829111E+07  0.829102E+07  0.000000E+00  0.623280E+07
  0.426740E-04  0.623279E+07  0.623279E+07  0.828978E+07  0.828968E+07  0.000000E+00  0.623279E+07
  0.441204E-04  0.623278E+07  0.623278E+07  0.828835E+07  0.828824E+07  0.000000E+00  0.623278E+07
  0.456159E-04  0.623277E+07  0.623277E+07  0.828682E+07  0.828671E+07  0.000000E+00  0.623277E+07
  0.471620E-04  0.623277E+07  0.623276E+07  0.828519E+07  0.828507E+07  0.000000E+00  0.623277E+07
  0.487606E-04  0.623276E+07  0.623276E+07  0.828344E+07  0.828332E+07  0.000000E+00  0.623276E+07
  0.504133E-04  0.623275E+07  0.623275E+07  0.828158E+07  0.828144E+07  0.000000E+00  0.623275E+07
  0.521221E-04  0.623274E+07  0.623274E+07  0.827959E+07  0.827944E+07  0.000000E+00  0.623274E+07
  0.538888E-04  0.623273E+07  0.623273E+07  0.827746E+07  0.827730E+07  0.000000E+00  0.623273E+07
  0.557153E-04  0.623271E+07  0.623271E+07  0.827519E+07  0.827502E+07  0.000000E+00  0.623271E+07
  0.576038E-04  0.623270E+07  0.623270E+07  0.827275E+07  0.827257E+07  0.000000E+00  0.623270E+07
  0.595563E-04  0.623269E+07  0.623269E+07  0.827016E+07  0.826996E+07  0.000000E+00  0.623269E+07
  0.615750E-04  0.623267E+07  0.623267E+07  0.826738E+07  0.826717E+07  0.000000E+00  0.623267E+07
  0.636621E-04  0.623266E+07  0.623266E+07  0.826441E+07  0.826419E+07  0.000000E+00  0.623266E+07
  0.658199E-04  0.623264E+07  0.623264E+07  0.826124E+07  0.826101E+07  0.000000E+00  0.623264E+07
  0.680509E-04  0.623263E+07  0.623263E+07  0.825786E+07  0.825760E+07  0.000000E+00  0.623263E+07
  0.703575E-04  0.623261E+07  0.623261E+07  0.825424E+07  0.825397E+07  0.000000E+00  0.623261E+07
  0.727422E-04  0.623259E+07  0.623259E+07  0.825037E+07  0.825008E+07  0.000000E+00  0.623259E+07
  0.752079E-04  0.623257E+07  0.623257E+07  0.824624E+07  0.824593E+07  0.000000E+00  0.623257E+07
  0.777570E-04  0.623254E+07  0.623254E+07  0.824182E+07  0.824149E+07  0.000000E+00  0.623254E+07
  0.803926E-04  0.623252E+07  0.623252E+07  0.823711E+07  0.823676E+07  0.000000E+00  0.623252E+07
  0.831175E-04  0.623249E+07  0.623249E+07  0.823207E+07  0.823169E+07  0.000000E+00  0.623249E+07
  0.859348E-04  0.623247E+07  0.623247E+07  0.822668E+07  0.822628E+07  0.000000E+00  0.623247E+07
  0.888476E-04  0.623244E+07  0.623244E+07  0.822093E+07  0.822051E+07  0.000000E+00  0.623244E+07
  0.918591E-04  0.623241E+07  0.623240E+07  0.821479E+07  0.821433E+07  0.000000E+00  0.623241E+07
  0.949726E-04  0.623237E+07  0.623237E+07  0.820823E+07  0.820774E+07  0.000000E+00  0.623237E+07
  0.981917E-04  0.623234E+07  0.623234E+07  0.820122E+07  0.820070E+07  0.000000E+00  0.623234E+07
  0.101520E-03  0.623230E+07  0.623230E+07  0.819373E+07  0.819318E+07  0.000000E+00  0.623230E+07
  0.104961E-03  0.623226E+07  0.623226E+07  0.818574E+07  0.818515E+07  0.000000E+00  0.623226E+07
  0.108519E-03  0.623221E+07  0.623221E+07  0.817720E+07  0.817657E+07  0.000000E+00  0.623221E+07
  0.112197E-03  0.623217E+07  0.623216E+07  0.816809E+07  0.816741E+07  0.000000E+00  0.623217E+07
  0.116000E-03  0.623212E+07  0.623211E+07  0.815835E+07  0.815763E+07  0.000000E+00  0.623212E+07
  0.119932E-03  0.623206E+07  0.623206E+07  0.814796E+07  0.814719E+07  0.000000E+00  0.623206E+07
  0.123997E-03  0.623201E+07  0.623200E+07  0.813686E+07  0.813604E+07  0.000000E+00  0.623200E+07
  0.128200E-03  0.623194E+07  0.623194E+07  0.812501E+07  0.812414E+07  0.000000E+00  0.623194E+07
  0.132545E-03  0.623188E+07  0.623188E+07  0.811237E+07  0.811143E+07  0.000000E+00  0.623188E+07
  0.137038E-03  0.623181E+07  0.623181E+07  0.809887E+07  0.809788E+07  0.000000E+00  0.623181E+07
  0.141683E-03  0.623173E+07  0.623173E+07  0.808447E+07  0.808341E+07  0.000000E+00  0.623173E+07
  0.146485E-03  0.623165E+07  0.623165E+07  0.806910E+07  0.806797E+07  0.000000E+00  0.623165E+07
  0.151450E-03  0.623157E+07  0.623157E+07  0.805270E+07  0.805149E+07  0.000000E+00  0.623157E+07
  0.156583E-03  0.623148E+07  0.623148E+07  0.803521E+07  0.803392E+07  0.000000E+00  0.623148E+07
  0.161891E-03  0.623138E+07  0.623138E+07  0.801655E+07  0.801517E+07  0.000000E+00  0.623138E+07
  0.167378E-03  0.623128E+07  0.623127E+07  0.799665E+07  0.799518E+07  0.000000E+00  0.623128E+07
  0.173051E-03  0.623117E+07  0.623116E+07  0.797542E+07  0.797386E+07  0.000000E+00  0.623117E+07
  0.178917E-03  0.623105E+07  0.623104E+07  0.795280E+07  0.795113E+07  0.000000E+00  0.623105E+07
  0.184981E-03  0.623092E+07  0.623092E+07  0.792867E+07  0.792691E+07  0.000000E+00  0.623092E+07
  0.191251E-03  0.623078E+07  0.623078E+07  0.790297E+07  0.790108E+07  0.000000E+00  0.623078E+07
  0.197734E-03  0.623064E+07  0.623064E+07  0.787557E+07  0.787357E+07  0.000000E+00  0.623064E+07
  0.204436E-03  0.623049E+07  0.623048E+07  0.784639E+07  0.784426E+07  0.000000E+00  0.623048E+07
  0.211366E-03  0.623032E+07  0.623032E+07  0.781531E+07  0.781304E+07  0.000000E+00  0.623032E+07
  0.218530E-03  0.623014E+07  0.623014E+07  0.778221E+07  0.777980E+07  0.000000E+00  0.623014E+07
  0.225937E-03  0.622996E+07  0.622995E+07  0.774698E+07  0.774442E+07  0.000000E+00  0.622995E+07
  0.233595E-03  0.622975E+07  0.622975E+07  0.770948E+07  0.770677E+07  0.000000E+00  0.622975E+07
  0.241513E-03  0.622954E+07  0.622953E+07  0.766959E+07  0.766671E+07  0.000000E+00  0.622954E+07
  0.249699E-03  0.622931E+07  0.622930E+07  0.762717E+07  0.762411E+07  0.000000E+00  0.622931E+07
  0.258162E-03  0.622906E+07  0.622906E+07  0.758206E+07  0.757882E+07  0.000000E+00  0.622906E+07
  0.266913E-03  0.622880E+07  0.622879E+07  0.753412E+07  0.753069E+07  0.000000E+00  0.622880E+07
  0.275960E-03  0.622852E+07  0.622851E+07  0.748320E+07  0.747956E+07  0.000000E+00  0.622852E+07
  0.285314E-03  0.622822E+07  0.622821E+07  0.742912E+07  0.742527E+07  0.000000E+00  0.622822E+07
  0.294984E-03  0.622790E+07  0.622789E+07  0.737173E+07  0.736765E+07  0.000000E+00  0.622790E+07
  0.304983E-03  0.622756E+07  0.622755E+07  0.731084E+07  0.730652E+07  0.000000E+00  0.622756E+07
  0.315320E-03  0.622720E+07  0.622719E+07  0.724628E+07  0.724172E+07  0.000000E+00  0.622720E+07
  0.326008E-03  0.622681E+07  0.622680E+07  0.717786E+07  0.717305E+07  0.000000E+00  0.622681E+07
  0.337058E-03  0.622640E+07  0.622638E+07  0.710541E+07  0.710034E+07  0.000000E+00  0.622640E+07
  0.348483E-03  0.622596E+07  0.622594E+07  0.702872E+07  0.702338E+07  0.000000E+00  0.622595E+07
  0.360295E-03  0.622548E+07  0.622547E+07  0.694762E+07  0.694200E+07  0.000000E+00  0.622548E+07
  0.372507E-03  0.622498E+07  0.622496E+07  0.686191E+07  0.685601E+07  0.000000E+00  0.622498E+07
  0.385133E-03  0.622444E+07  0.622443E+07  0.677141E+07  0.676521E+07  0.000000E+00  0.622444E+07
  0.398187E-03  0.622387E+07  0.622385E+07  0.667592E+07  0.666942E+07  0.000000E+00  0.622387E+07
  0.411684E-03  0.622326E+07  0.622324E+07  0.657526E+07  0.656846E+07  0.000000E+00  0.622326E+07
  0.425638E-03  0.622261E+07  0.622259E+07  0.646927E+07  0.646216E+07  0.000000E+00  0.622260E+07
  0.440065E-03  0.622191E+07  0.622189E+07  0.635777E+07  0.635036E+07  0.000000E+00  0.622191E+07
  0.454981E-03  0.622117E+07  0.622115E+07  0.624063E+07  0.623291E+07  0.000000E+00  0.622117E+07
  0.470403E-03  0.622038E+07  0.622036E+07  0.611769E+07  0.610967E+07  0.000000E+00  0.622038E+07
  0.486347E-03  0.621954E+07  0.621952E+07  0.598885E+07  0.598053E+07  0.000000E+00  0.621954E+07
  0.502832E-03  0.621865E+07  0.621862E+07  0.585401E+07  0.584540E+07  0.000000E+00  0.621864E+07
  0.519875E-03  0.621769E+07  0.621766E+07  0.571312E+07  0.570423E+07  0.000000E+00  0.621769E+07
  0.537497E-03  0.621668E+07  0.621664E+07  0.556613E+07  0.555698E+07  0.000000E+00  0.621667E+07
  0.555715E-03  0.621559E+07  0.621556E+07  0.541306E+07  0.540368E+07  0.000000E+00  0.621559E+07
  0.574551E-03  0.621444E+07  0.621440E+07  0.525396E+07  0.524436E+07  0.000000E+00  0.621444E+07
  0.594026E-03  0.621322E+07  0.621318E+07  0.508893E+07  0.507915E+07  0.000000E+00  0.621321E+07
  0.614160E-03  0.621191E+07  0.621187E+07  0.491813E+07  0.490821E+07  0.000000E+00  0.621190E+07
  0.634977E-03  0.621052E+07  0.621048E+07  0.474178E+07  0.473175E+07  0.000000E+00  0.621052E+07
  0.656500E-03  0.620905E+07  0.620900E+07  0.456016E+07  0.455008E+07  0.000000E+00  0.620904E+07
  0.678752E-03  0.620748E+07  0.620743E+07  0.437365E+07  0.436356E+07  0.000000E+00  0.620747E+07
  0.701758E-03  0.620581E+07  0.620576E+07  0.418268E+07  0.417265E+07  0.000000E+00  0.620581E+07
  0.725544E-03  0.620404E+07  0.620399E+07  0.398778E+07  0.397788E+07  0.000000E+00  0.620404E+07
  0.750137E-03  0.620217E+07  0.620210E+07  0.378957E+07  0.377988E+07  0.000000E+00  0.620216E+07
  0.775563E-03  0.620017E+07  0.620011E+07  0.358878E+07  0.357936E+07  0.000000E+00  0.620016E+07
  0.801851E-03  0.619806E+07  0.619799E+07  0.338620E+07  0.337715E+07  0.000000E+00  0.619805E+07
  0.829029E-03  0.619582E+07  0.619574E+07  0.318275E+07  0.317415E+07  0.000000E+00  0.619580E+07
  0.857129E-03  0.619344E+07  0.619336E+07  0.297943E+07  0.297137E+07  0.000000E+00  0.619343E+07
  0.886182E-03  0.619092E+07  0.619083E+07  0.277733E+07  0.276990E+07  0.000000E+00  0.619091E+07
  0.916219E-03  0.618825E+07  0.618816E+07  0.257761E+07  0.257090E+07  0.000000E+00  0.618824E+07
  0.947274E-03  0.618543E+07  0.618533E+07  0.238152E+07  0.237562E+07  0.000000E+00  0.618542E+07
  0.979383E-03  0.618245E+07  0.618234E+07  0.219034E+07  0.218533E+07  0.000000E+00  0.618243E+07
  0.101258E-02  0.617929E+07  0.617918E+07  0.200540E+07  0.200133E+07  0.000000E+00  0.617928E+07
  0.104690E-02  0.617596E+07  0.617584E+07  0.182801E+07  0.182495E+07  0.000000E+00  0.617594E+07
  0.108239E-02  0.617244E+07  0.617231E+07  0.165947E+07  0.165746E+07  0.000000E+00  0.617242E+07
  0.111907E-02  0.616872E+07  0.616859E+07  0.150101E+07  0.150006E+07  0.000000E+00  0.616870E+07
  0.115700E-02  0.616481E+07  0.616466E+07  0.135375E+07  0.135385E+07  0.000000E+00  0.616478E+07
  0.119622E-02  0.616068E+07  0.616052E+07  0.121868E+07  0.121979E+07  0.000000E+00  0.616065E+07
  0.123677E-02  0.615633E+07  0.615616E+07  0.109657E+07  0.109862E+07  0.000000E+00  0.615630E+07
  0.127869E-02  0.615175E+07  0.615157E+07  0.987964E+06  0.990847E+06  0.000000E+00  0.615172E+07
  0.132203E-02  0.614693E+07  0.614674E+07  0.893123E+06  0.896700E+06  0.000000E+00  0.614690E+07
  0.136684E-02  0.614187E+07  0.614166E+07  0.811977E+06  0.816077E+06  0.000000E+00  0.614183E+07
  0.141317E-02  0.613655E+07  0.613633E+07  0.744109E+06  0.748530E+06  0.000000E+00  0.613651E+07
  0.146107E-02  0.613096E+07  0.613072E+07  0.688730E+06  0.693249E+06  0.000000E+00  0.613092E+07
  0.151059E-02  0.612510E+07  0.612484E+07  0.644683E+06  0.649061E+06  0.000000E+00  0.612506E+07
  0.156179E-02  0.611895E+07  0.611868E+07  0.610466E+06  0.614463E+06  0.000000E+00  0.611891E+07
  0.161473E-02  0.611250E+07  0.611222E+07  0.584277E+06  0.587664E+06  0.000000E+00  0.611246E+07
  0.166946E-02  0.610575E+07  0.610545E+07  0.564087E+06  0.566663E+06  0.000000E+00  0.610571E+07
  0.172605E-02  0.609869E+07  0.609836E+07  0.547739E+06  0.549347E+06  0.000000E+00  0.609864E+07
  0.178455E-02  0.609129E+07  0.609094E+07  0.533076E+06  0.533620E+06  0.000000E+00  0.609124E+07
  0.184504E-02  0.608356E+07  0.608319E+07  0.518079E+06  0.517536E+06  0.000000E+00  0.608350E+07
  0.190758E-02  0.607548E+07  0.607508E+07  0.501020E+06  0.499450E+06  0.000000E+00  0.607541E+07
  0.197223E-02  0.606703E+07  0.606660E+07  0.480609E+06  0.478155E+06  0.000000E+00  0.606696E+07
  0.203908E-02  0.605821E+07  0.605775E+07  0.456123E+06  0.453002E+06  0.000000E+00  0.605814E+07
  0.210820E-02  0.604900E+07  0.604851E+07  0.427485E+06  0.423968E+06  0.000000E+00  0.604892E+07
  0.217966E-02  0.603939E+07  0.603887E+07  0.395296E+06  0.391678E+06  0.000000E+00  0.603931E+07
  0.225354E-02  0.602936E+07  0.602881E+07  0.360780E+06  0.357337E+06  0.000000E+00  0.602928E+07
  0.232992E-02  0.601891E+07  0.601832E+07  0.325652E+06  0.322595E+06  0.000000E+00  0.601882E+07
  0.240889E-02  0.600801E+07  0.600738E+07  0.291900E+06  0.289327E+06  0.000000E+00  0.600792E+07
  0.249054E-02  0.599666E+07  0.599599E+07  0.261495E+06  0.259354E+06  0.000000E+00  0.599656E+07
  0.257496E-02  0.598484E+07  0.598412E+07  0.236076E+06  0.234149E+06  0.000000E+00  0.598473E+07
  0.266224E-02  0.597253E+07  0.597176E+07  0.216646E+06  0.214556E+06  0.000000E+00  0.597241E+07
  0.275248E-02  0.595972E+07  0.595890E+07  0.203339E+06  0.200600E+06  0.000000E+00  0.595959E+07
  0.284577E-02  0.594639E+07  0.594552E+07  0.195330E+06  0.191436E+06  0.000000E+00  0.594626E+07
  0.294223E-02  0.593254E+07  0.593161E+07  0.000000E+00  0.000000E+00  0.000000E+00  0.593239E+07
  0.304196E-02  0.591813E+07  0.591714E+07  0.000000E+00  0.000000E+00  0.000000E+00  0.591798E+07
  0.314506E-02  0.590317E+07  0.590211E+07  0.000000E+00  0.000000E+00  0.000000E+00  0.590300E+07
  0.325166E-02  0.588762E+07  0.588649E+07  0.000000E+00  0.000000E+00  0.000000E+00  0.588745E+07
  0.336188E-02  0.587148E+07  0.587028E+07  0.000000E+00  0.000000E+00  0.000000E+00  0.587129E+07
  0.347583E-02  0.585473E+07  0.585344E+07  0.000000E+00  0.000000E+00  0.000000E+00  0.585453E+07
  0.359365E-02  0.583735E+07  0.583598E+07  0.000000E+00  0.000000E+00  0.000000E+00  0.583714E+07
  0.371545E-02  0.581933E+07  0.581787E+07  0.000000E+00  0.000000E+00  0.000000E+00  0.581911E+07
  0.384139E-02  0.580065E+07  0.579909E+07  0.000000E+00  0.000000E+00  0.000000E+00  0.580041E+07
  0.397159E-02  0.578129E+07  0.577963E+07  0.000000E+00  0.000000E+00  0.000000E+00  0.578103E+07
  0.410621E-02  0.576124E+07  0.575946E+07  0.000000E+00  0.000000E+00  0.000000E+00  0.576096E+07
  0.424539E-02  0.574047E+07  0.573858E+07  0.000000E+00  0.000000E+00  0.000000E+00  0.574018E+07
  0.438929E-02  0.571898E+07  0.571697E+07  0.000000E+00  0.000000E+00  0.000000E+00  0.571867E+07
  0.453806E-02  0.569675E+07  0.569460E+07  0.000000E+00  0.000000E+00  0.000000E+00  0.569642E+07
  0.469188E-02  0.567375E+07  0.567146E+07  0.000000E+00  0.000000E+00  0.000000E+00  0.567340E+07
  0.485091E-02  0.564997E+07  0.564753E+07  0.000000E+00  0.000000E+00  0.000000E+00  0.564960E+07
  0.501534E-02  0.562540E+07  0.562280E+07  0.000000E+00  0.000000E+00  0.000000E+00  0.562500E+07
  0.518533E-02  0.560001E+07  0.559724E+07  0.000000E+00  0.000000E+00  0.000000E+00  0.559958E+07
  0.536109E-02  0.557380E+07  0.557084E+07  0.000000E+00  0.000000E+00  0.000000E+00  0.557334E+07
  0.554280E-02  0.554673E+07  0.554359E+07  0.000000E+00  0.000000E+00  0.000000E+00  0.554625E+07
  0.573068E-02  0.551880E+07  0.551546E+07  0.000000E+00  0.000000E+00  0.000000E+00  0.551829E+07
  0.592492E-02  0.548999E+07  0.548643E+07  0.000000E+00  0.000000E+00  0.000000E+00  0.548944E+07
  0.612574E-02  0.546028E+07  0.545649E+07  0.000000E+00  0.000000E+00  0.000000E+00  0.545970E+07
  0.633338E-02  0.542966E+07  0.542562E+07  0.000000E+00  0.000000E+00  0.000000E+00  0.542904E+07
  0.654805E-02  0.539810E+07  0.539380E+07  0.000000E+00  0.000000E+00  0.000000E+00  0.539744E+07
  0.677000E-02  0.536560E+07  0.536102E+07  0.000000E+00  0.000000E+00  0.000000E+00  0.536489E+07
  0.699947E-02  0.533212E+07  0.532725E+07  0.000000E+00  0.000000E+00  0.000000E+00  0.533137E+07
  0.723671E-02  0.529766E+07  0.529249E+07  0.000000E+00  0.000000E+00  0.000000E+00  0.529687E+07
  0.748200E-02  0.526221E+07  0.525670E+07  0.000000E+00  0.000000E+00  0.000000E+00  0.526136E+07
  0.773561E-02  0.522573E+07  0.521988E+07  0.000000E+00  0.000000E+00  0.000000E+00  0.522483E+07
  0.799781E-02  0.518822E+07  0.518200E+07  0.000000E+00  0.000000E+00  0.000000E+00  0.518726E+07
  0.826889E-02  0.514967E+07  0.514305E+07  0.000000E+00  0.000000E+00  0.000000E+00  0.514864E+07
  0.854917E-02  0.511004E+07  0.510301E+07  0.000000E+00  0.000000E+00  0.000000E+00  0.510896E+07
  0.883894E-02  0.506933E+07  0.506186E+07  0.000000E+00  0.000000E+00  0.000000E+00  0.506818E+07
  0.913854E-02  0.502752E+07  0.501959E+07  0.000000E+00  0.000000E+00  0.000000E+00  0.502630E+07
  0.944829E-02  0.498459E+07  0.497618E+07  0.000000E+00  0.000000E+00  0.000000E+00  0.498329E+07
  0.976854E-02  0.494053E+07  0.493160E+07  0.000000E+00  0.000000E+00  0.000000E+00  0.493916E+07
  0.100996E-01  0.489533E+07  0.488585E+07  0.000000E+00  0.000000E+00  0.000000E+00  0.489386E+07
  0.104420E-01  0.484895E+07  0.483890E+07  0.000000E+00  0.000000E+00  0.000000E+00  0.484740E+07
  0.107959E-01  0.480140E+07  0.479074E+07  0.000000E+00  0.000000E+00  0.000000E+00  0.479976E+07
  0.111618E-01  0.475265E+07  0.474136E+07  0.000000E+00  0.000000E+00  0.000000E+00  0.475091E+07
  0.115402E-01  0.470269E+07  0.469073E+07  0.000000E+00  0.000000E+00  0.000000E+00  0.470085E+07
  0.119313E-01  0.465151E+07  0.463885E+07  0.000000E+00  0.000000E+00  0.000000E+00  0.464956E+07
  0.123357E-01  0.459909E+07  0.458569E+07  0.000000E+00  0.000000E+00  0.000000E+00  0.459702E+07
  0.127539E-01  0.454542E+07  0.453125E+07  0.000000E+00  0.000000E+00  0.000000E+00  0.454324E+07
  0.131862E-01  0.449049E+07  0.447551E+07  0.000000E+00  0.000000E+00  0.000000E+00  0.448818E+07
  0.136331E-01  0.443429E+07  0.441846E+07  0.000000E+00  0.000000E+00  0.000000E+00  0.443185E+07
  0.140952E-01  0.437681E+07  0.436009E+07  0.000000E+00  0.000000E+00  0.000000E+00  0.437423E+07
  0.145730E-01  0.431804E+07  0.430040E+07  0.000000E+00  0.000000E+00  0.000000E+00  0.431532E+07
  0.150669E-01  0.425798E+07  0.423937E+07  0.000000E+00  0.000000E+00  0.000000E+00  0.425510E+07
  0.155776E-01  0.419662E+07  0.417702E+07  0.000000E+00  0.000000E+00  0.000000E+00  0.419359E+07
  0.161056E-01  0.413396E+07  0.411333E+07  0.000000E+00  0.000000E+00  0.000000E+00  0.413078E+07
  0.166515E-01  0.407002E+07  0.404832E+07  0.000000E+00  0.000000E+00  0.000000E+00  0.406667E+07
  0.172159E-01  0.400479E+07  0.398198E+07  0.000000E+00  0.000000E+00  0.000000E+00  0.400127E+07
  0.177994E-01  0.393829E+07  0.391435E+07  0.000000E+00  0.000000E+00  0.000000E+00  0.393460E+07
  0.184028E-01  0.387054E+07  0.384542E+07  0.000000E+00  0.000000E+00  0.000000E+00  0.386666E+07
  0.190265E-01  0.380155E+07  0.377524E+07  0.000000E+00  0.000000E+00  0.000000E+00  0.379749E+07
  0.196714E-01  0.373136E+07  0.370384E+07  0.000000E+00  0.000000E+00  0.000000E+00  0.372711E+07
  0.203382E-01  0.366000E+07  0.363124E+07  0.000000E+00  0.000000E+00  0.000000E+00  0.365557E+07
  0.210276E-01  0.358752E+07  0.355751E+07  0.000000E+00  0.000000E+00  0.000000E+00  0.358289E+07
  0.217403E-01  0.351397E+07  0.348270E+07  0.000000E+00  0.000000E+00  0.000000E+00  0.350915E+07
  0.224772E-01  0.343941E+07  0.340687E+07  0.000000E+00  0.000000E+00  0.000000E+00  0.343439E+07
  0.232390E-01  0.336392E+07  0.333012E+07  0.000000E+00  0.000000E+00  0.000000E+00  0.335870E+07
  0.240267E-01  0.328757E+07  0.325254E+07  0.000000E+00  0.000000E+00  0.000000E+00  0.328217E+07
  0.248411E-01  0.321047E+07  0.317422E+07  0.000000E+00  0.000000E+00  0.000000E+00  0.320488E+07
  0.256831E-01  0.313273E+07  0.309530E+07  0.000000E+00  0.000000E+00  0.000000E+00  0.312695E+07
  0.265537E-01  0.305447E+07  0.301590E+07  0.000000E+00  0.000000E+00  0.000000E+00  0.304851E+07
  0.274537E-01  0.297582E+07  0.293618E+07  0.000000E+00  0.000000E+00  0.000000E+00  0.296970E+07
  0.283842E-01  0.289694E+07  0.285631E+07  0.000000E+00  0.000000E+00  0.000000E+00  0.289067E+07
  0.293463E-01  0.281801E+07  0.277647E+07  0.000000E+00  0.000000E+00  0.000000E+00  0.281160E+07
  0.303410E-01  0.273920E+07  0.269685E+07  0.000000E+00  0.000000E+00  0.000000E+00  0.273267E+07
  0.313694E-01  0.266072E+07  0.261769E+07  0.000000E+00  0.000000E+00  0.000000E+00  0.265408E+07
  0.324327E-01  0.258278E+07  0.253920E+07  0.000000E+00  0.000000E+00  0.000000E+00  0.257605E+07
  0.335320E-01  0.250560E+07  0.246163E+07  0.000000E+00  0.000000E+00  0.000000E+00  0.249881E+07
  0.346686E-01  0.242942E+07  0.238524E+07  0.000000E+00  0.000000E+00  0.000000E+00  0.242260E+07
  0.358437E-01  0.235448E+07  0.231027E+07  0.000000E+00  0.000000E+00  0.000000E+00  0.234766E+07
  0.370586E-01  0.228103E+07  0.223699E+07  0.000000E+00  0.000000E+00  0.000000E+00  0.227423E+07
  0.383147E-01  0.220896E+07  0.216530E+07  0.000000E+00  0.000000E+00  0.000000E+00  0.220222E+07
  0.396134E-01  0.213863E+07  0.209558E+07  0.000000E+00  0.000000E+00  0.000000E+00  0.213199E+07
  0.409561E-01  0.207048E+07  0.202826E+07  0.000000E+00  0.000000E+00  0.000000E+00  0.206396E+07
  0.423443E-01  0.200477E+07  0.196362E+07  0.000000E+00  0.000000E+00  0.000000E+00  0.199842E+07
  0.437796E-01  0.194169E+07  0.190184E+07  0.000000E+00  0.000000E+00  0.000000E+00  0.193554E+07
  0.452635E-01  0.188140E+07  0.184308E+07  0.000000E+00  0.000000E+00  0.000000E+00  0.187548E+07
  0.467977E-01  0.182394E+07  0.178735E+07  0.000000E+00  0.000000E+00  0.000000E+00  0.181829E+07
  0.483839E-01  0.176929E+07  0.173462E+07  0.000000E+00  0.000000E+00  0.000000E+00  0.176394E+07
  0.500239E-01  0.171733E+07  0.168475E+07  0.000000E+00  0.000000E+00  0.000000E+00  0.171230E+07
  0.517194E-01  0.166790E+07  0.163754E+07  0.000000E+00  0.000000E+00  0.000000E+00  0.166322E+07
  0.534725E-01  0.162076E+07  0.159269E+07  0.000000E+00  0.000000E+00  0.000000E+00  0.161643E+07
  0.552850E-01  0.157566E+07  0.154992E+07  0.000000E+00  0.000000E+00  0.000000E+00  0.157169E+07
  0.571588E-01  0.153237E+07  0.150894E+07  0.000000E+00  0.000000E+00  0.000000E+00  0.152875E+07
  0.590963E-01  0.149080E+07  0.146961E+07  0.000000E+00  0.000000E+00  0.000000E+00  0.148753E+07
  0.610993E-01  0.145167E+07  0.143258E+07  0.000000E+00  0.000000E+00  0.000000E+00  0.144873E+07
  0.631703E-01  0.141218E+07  0.139499E+07  0.000000E+00  0.000000E+00  0.000000E+00  0.140952E+07
  0.653114E-01  0.137290E+07  0.135735E+07  0.000000E+00  0.000000E+00  0.000000E+00  0.137050E+07
  0.675252E-01  0.133338E+07  0.131918E+07  0.000000E+00  0.000000E+00  0.000000E+00  0.133119E+07
  0.698139E-01  0.129320E+07  0.128000E+07  0.000000E+00  0.000000E+00  0.000000E+00  0.129116E+07
  0.721803E-01  0.125200E+07  0.123945E+07  0.000000E+00  0.000000E+00  0.000000E+00  0.125007E+07
  0.746268E-01  0.120958E+07  0.119732E+07  0.000000E+00  0.000000E+00  0.000000E+00  0.120769E+07
  0.771564E-01  0.116588E+07  0.115356E+07  0.000000E+00  0.000000E+00  0.000000E+00  0.116398E+07
  0.797716E-01  0.112105E+07  0.110838E+07  0.000000E+00  0.000000E+00  0.000000E+00  0.111909E+07
  0.824755E-01  0.107540E+07  0.106216E+07  0.000000E+00  0.000000E+00  0.000000E+00  0.107336E+07
  0.852709E-01  0.102942E+07  0.101546E+07  0.000000E+00  0.000000E+00  0.000000E+00  0.102726E+07
  0.881612E-01  0.983682E+06  0.968967E+06  0.000000E+00  0.000000E+00  0.000000E+00  0.981411E+06
  0.911495E-01  0.938853E+06  0.923459E+06  0.000000E+00  0.000000E+00  0.000000E+00  0.936477E+06
  0.942390E-01  0.895653E+06  0.879766E+06  0.000000E+00  0.000000E+00  0.000000E+00  0.893201E+06
  0.974333E-01  0.854818E+06  0.838722E+06  0.000000E+00  0.000000E+00  0.000000E+00  0.852334E+06
  0.100736E+00  0.817030E+06  0.801078E+06  0.000000E+00  0.000000E+00  0.000000E+00  0.814568E+06
  0.104150E+00  0.782782E+06  0.767363E+06  0.000000E+00  0.000000E+00  0.000000E+00  0.780402E+06
  0.107680E+00  0.752256E+06  0.737746E+06  0.000000E+00  0.000000E+00  0.000000E+00  0.750017E+06
  0.111330E+00  0.725247E+06  0.711960E+06  0.000000E+00  0.000000E+00  0.000000E+00  0.723196E+06
  0.115104E+00  0.701200E+06  0.689343E+06  0.000000E+00  0.000000E+00  0.000000E+00  0.699370E+06
  0.119005E+00  0.679300E+06  0.668939E+06  0.000000E+00  0.000000E+00  0.000000E+00  0.677701E+06
  0.123039E+00  0.658556E+06  0.649594E+06  0.000000E+00  0.000000E+00  0.000000E+00  0.657173E+06
  0.127209E+00  0.637848E+06  0.630038E+06  0.000000E+00  0.000000E+00  0.000000E+00  0.636642E+06
  0.131521E+00  0.616067E+06  0.609045E+06  0.000000E+00  0.000000E+00  0.000000E+00  0.614983E+06
  0.135979E+00  0.592418E+06  0.585766E+06  0.000000E+00  0.000000E+00  0.000000E+00  0.591391E+06
  0.140588E+00  0.566760E+06  0.560078E+06  0.000000E+00  0.000000E+00  0.000000E+00  0.565729E+06
  0.145353E+00  0.539683E+06  0.532670E+06  0.000000E+00  0.000000E+00  0.000000E+00  0.538601E+06
  0.150280E+00  0.512216E+06  0.504732E+06  0.000000E+00  0.000000E+00  0.000000E+00  0.511061E+06
  0.155374E+00  0.485480E+06  0.477577E+06  0.000000E+00  0.000000E+00  0.000000E+00  0.484261E+06
  0.160640E+00  0.460572E+06  0.452474E+06  0.000000E+00  0.000000E+00  0.000000E+00  0.459323E+06
  0.166085E+00  0.438497E+06  0.430542E+06  0.000000E+00  0.000000E+00  0.000000E+00  0.437269E+06
  0.171715E+00  0.419777E+06  0.412321E+06  0.000000E+00  0.000000E+00  0.000000E+00  0.418626E+06
  0.177535E+00  0.404021E+06  0.397330E+06  0.000000E+00  0.000000E+00  0.000000E+00  0.402988E+06
  0.183553E+00  0.390041E+06  0.384211E+06  0.000000E+00  0.000000E+00  0.000000E+00  0.389142E+06
  0.189774E+00  0.376458E+06  0.371384E+06  0.000000E+00  0.000000E+00  0.000000E+00  0.375675E+06
  0.196206E+00  0.362120E+06  0.357540E+06  0.000000E+00  0.000000E+00  0.000000E+00  0.361413E+06
  0.202857E+00  0.346347E+06  0.341935E+06  0.000000E+00  0.000000E+00  0.000000E+00  0.345666E+06
  0.209733E+00  0.329252E+06  0.324747E+06  0.000000E+00  0.000000E+00  0.000000E+00  0.328557E+06
  0.216842E+00  0.311795E+06  0.307096E+06  0.000000E+00  0.000000E+00  0.000000E+00  0.311070E+06
  0.224192E+00  0.295268E+06  0.290465E+06  0.000000E+00  0.000000E+00  0.000000E+00  0.294527E+06
  0.231791E+00  0.280718E+06  0.276030E+06  0.000000E+00  0.000000E+00  0.000000E+00  0.279994E+06
  0.239647E+00  0.268467E+06  0.264125E+06  0.000000E+00  0.000000E+00  0.000000E+00  0.267797E+06
  0.247770E+00  0.257862E+06  0.253982E+06  0.000000E+00  0.000000E+00  0.000000E+00  0.257263E+06
  0.256168E+00  0.247688E+06  0.244219E+06  0.000000E+00  0.000000E+00  0.000000E+00  0.247153E+06
  0.264851E+00  0.236963E+06  0.233730E+06  0.000000E+00  0.000000E+00  0.000000E+00  0.236464E+06
  0.273828E+00  0.225436E+06  0.222253E+06  0.000000E+00  0.000000E+00  0.000000E+00  0.224945E+06
  0.283110E+00  0.213662E+06  0.210450E+06  0.000000E+00  0.000000E+00  0.000000E+00  0.213167E+06
  0.292706E+00  0.202644E+06  0.199463E+06  0.000000E+00  0.000000E+00  0.000000E+00  0.202153E+06
  0.302627E+00  0.192995E+06  0.189976E+06  0.000000E+00  0.000000E+00  0.000000E+00  0.192529E+06
  0.312884E+00  0.184505E+06  0.181736E+06  0.000000E+00  0.000000E+00  0.000000E+00  0.184078E+06
  0.323490E+00  0.176465E+06  0.173925E+06  0.000000E+00  0.000000E+00  0.000000E+00  0.176073E+06
  0.334454E+00  0.168191E+06  0.165781E+06  0.000000E+00  0.000000E+00  0.000000E+00  0.167819E+06
  0.345791E+00  0.159696E+06  0.157336E+06  0.000000E+00  0.000000E+00  0.000000E+00  0.159332E+06
  0.357512E+00  0.151527E+06  0.149222E+06  0.000000E+00  0.000000E+00  0.000000E+00  0.151171E+06
  0.369629E+00  0.144143E+06  0.141952E+06  0.000000E+00  0.000000E+00  0.000000E+00  0.143805E+06
  0.382158E+00  0.137436E+06  0.135398E+06  0.000000E+00  0.000000E+00  0.000000E+00  0.137122E+06
  0.395111E+00  0.130961E+06  0.129049E+06  0.000000E+00  0.000000E+00  0.000000E+00  0.130666E+06
  0.408504E+00  0.124466E+06  0.122632E+06  0.000000E+00  0.000000E+00  0.000000E+00  0.124183E+06
  0.422350E+00  0.118153E+06  0.116381E+06  0.000000E+00  0.000000E+00  0.000000E+00  0.117879E+06
  0.436666E+00  0.112290E+06  0.110606E+06  0.000000E+00  0.000000E+00  0.000000E+00  0.112031E+06
  0.451466E+00  0.106854E+06  0.105271E+06  0.000000E+00  0.000000E+00  0.000000E+00  0.106610E+06
  0.466769E+00  0.101604E+06  0.100105E+06  0.000000E+00  0.000000E+00  0.000000E+00  0.101372E+06
  0.482590E+00  0.964775E+05  0.950437E+05  0.000000E+00  0.000000E+00  0.000000E+00  0.962562E+05
  0.498948E+00  0.916121E+05  0.902453E+05  0.000000E+00  0.000000E+00  0.000000E+00  0.914011E+05
  0.515859E+00  0.870530E+05  0.857605E+05  0.000000E+00  0.000000E+00  0.000000E+00  0.868535E+05
  0.533344E+00  0.826986E+05  0.814741E+05  0.000000E+00  0.000000E+00  0.000000E+00  0.825097E+05
  0.551422E+00  0.785023E+05  0.773362E+05  0.000000E+00  0.000000E+00  0.000000E+00  0.783223E+05
  0.570113E+00  0.745182E+05  0.734102E+05  0.000000E+00  0.000000E+00  0.000000E+00  0.743472E+05
  0.589437E+00  0.707495E+05  0.697000E+05  0.000000E+00  0.000000E+00  0.000000E+00  0.705876E+05
  0.609416E+00  0.671476E+05  0.661515E+05  0.000000E+00  0.000000E+00  0.000000E+00  0.669939E+05
  0.630072E+00  0.637099E+05  0.627637E+05  0.000000E+00  0.000000E+00  0.000000E+00  0.635639E+05
  0.651428E+00  0.604501E+05  0.595529E+05  0.000000E+00  0.000000E+00  0.000000E+00  0.603116E+05
  0.673509E+00  0.573478E+05  0.564970E+05  0.000000E+00  0.000000E+00  0.000000E+00  0.572165E+05
  0.696337E+00  0.543923E+05  0.535850E+05  0.000000E+00  0.000000E+00  0.000000E+00  0.542677E+05
  0.719940E+00  0.515850E+05  0.508196E+05  0.000000E+00  0.000000E+00  0.000000E+00  0.514669E+05
  0.744342E+00  0.489156E+05  0.481898E+05  0.000000E+00  0.000000E+00  0.000000E+00  0.488036E+05
  0.769572E+00  0.463768E+05  0.456887E+05  0.000000E+00  0.000000E+00  0.000000E+00  0.462706E+05
  0.795656E+00  0.439644E+05  0.433122E+05  0.000000E+00  0.000000E+00  0.000000E+00  0.438637E+05
  0.822625E+00  0.416712E+05  0.410530E+05  0.000000E+00  0.000000E+00  0.000000E+00  0.415758E+05
  0.850508E+00  0.394925E+05  0.389066E+05  0.000000E+00  0.000000E+00  0.000000E+00  0.394021E+05
  0.879336E+00  0.374225E+05  0.368674E+05  0.000000E+00  0.000000E+00  0.000000E+00  0.373368E+05
  0.909141E+00  0.354564E+05  0.349305E+05  0.000000E+00  0.000000E+00  0.000000E+00  0.353753E+05
  0.939957E+00  0.335899E+05  0.330917E+05  0.000000E+00  0.000000E+00  0.000000E+00  0.335130E+05
  0.971817E+00  0.318176E+05  0.313457E+05  0.000000E+00  0.000000E+00  0.000000E+00  0.317447E+05
  0.100476E+01  0.301349E+05  0.296880E+05  0.000000E+00  0.000000E+00  0.000000E+00  0.300659E+05
  0.103881E+01  0.285380E+05  0.281148E+05  0.000000E+00  0.000000E+00  0.000000E+00  0.284726E+05
  0.107402E+01  0.270220E+05  0.266213E+05  0.000000E+00  0.000000E+00  0.000000E+00  0.269602E+05
  0.111043E+01  0.255837E+05  0.252044E+05  0.000000E+00  0.000000E+00  0.000000E+00  0.255252E+05
  0.114807E+01  0.242190E+05  0.238599E+05  0.000000E+00  0.000000E+00  0.000000E+00  0.241636E+05
  0.118698E+01  0.229247E+05  0.225848E+05  0.000000E+00  0.000000E+00  0.000000E+00  0.228723E+05
  0.122721E+01  0.216973E+05  0.213756E+05  0.000000E+00  0.000000E+00  0.000000E+00  0.216476E+05
  0.126881E+01  0.205332E+05  0.202287E+05  0.000000E+00  0.000000E+00  0.000000E+00  0.204862E+05
  0.131182E+01  0.194295E+05  0.191414E+05  0.000000E+00  0.000000E+00  0.000000E+00  0.193850E+05
  0.135628E+01  0.183830E+05  0.181105E+05  0.000000E+00  0.000000E+00  0.000000E+00  0.183409E+05
  0.140225E+01  0.173911E+05  0.171332E+05  0.000000E+00  0.000000E+00  0.000000E+00  0.173513E+05
  0.144978E+01  0.164509E+05  0.162071E+05  0.000000E+00  0.000000E+00  0.000000E+00  0.164133E+05
  0.149892E+01  0.155601E+05  0.153294E+05  0.000000E+00  0.000000E+00  0.000000E+00  0.155245E+05
  0.154973E+01  0.147160E+05  0.144978E+05  0.000000E+00  0.000000E+00  0.000000E+00  0.146823E+05
  0.160226E+01  0.139163E+05  0.137100E+05  0.000000E+00  0.000000E+00  0.000000E+00  0.138844E+05
  0.165656E+01  0.131588E+05  0.129637E+05  0.000000E+00  0.000000E+00  0.000000E+00  0.131287E+05
  0.171271E+01  0.124413E+05  0.122569E+05  0.000000E+00  0.000000E+00  0.000000E+00  0.124129E+05
  0.177077E+01  0.117618E+05  0.115875E+05  0.000000E+00  0.000000E+00  0.000000E+00  0.117349E+05
  0.183079E+01  0.111184E+05  0.109536E+05  0.000000E+00  0.000000E+00  0.000000E+00  0.110929E+05
  0.189284E+01  0.105092E+05  0.103534E+05  0.000000E+00  0.000000E+00  0.000000E+00  0.104851E+05
  0.195700E+01  0.993248E+04  0.978525E+04  0.000000E+00  0.000000E+00  0.000000E+00  0.990976E+04
  0.202333E+01  0.938663E+04  0.924749E+04  0.000000E+00  0.000000E+00  0.000000E+00  0.936516E+04
  0.209191E+01  0.886994E+04  0.873846E+04  0.000000E+00  0.000000E+00  0.000000E+00  0.884965E+04
  0.216282E+01  0.838096E+04  0.825673E+04  0.000000E+00  0.000000E+00  0.000000E+00  0.836179E+04
  0.223613E+01  0.791825E+04  0.780088E+04  0.000000E+00  0.000000E+00  0.000000E+00  0.790014E+04
  0.231192E+01  0.748048E+04  0.736960E+04  0.000000E+00  0.000000E+00  0.000000E+00  0.746337E+04
  0.239028E+01  0.706633E+04  0.696159E+04  0.000000E+00  0.000000E+00  0.000000E+00  0.705017E+04
  0.247130E+01  0.667456E+04  0.657562E+04  0.000000E+00  0.000000E+00  0.000000E+00  0.665929E+04
  0.255507E+01  0.630397E+04  0.621052E+04  0.000000E+00  0.000000E+00  0.000000E+00  0.628955E+04
  0.264167E+01  0.595350E+04  0.586524E+04  0.000000E+00  0.000000E+00  0.000000E+00  0.593988E+04
  0.273121E+01  0.562209E+04  0.553875E+04  0.000000E+00  0.000000E+00  0.000000E+00  0.560923E+04
  0.282379E+01  0.530871E+04  0.523001E+04  0.000000E+00  0.000000E+00  0.000000E+00  0.529656E+04
  0.291950E+01  0.501241E+04  0.493811E+04  0.000000E+00  0.000000E+00  0.000000E+00  0.500094E+04
  0.301846E+01  0.473228E+04  0.466212E+04  0.000000E+00  0.000000E+00  0.000000E+00  0.472145E+04
  0.312077E+01  0.446748E+04  0.440125E+04  0.000000E+00  0.000000E+00  0.000000E+00  0.445726E+04
  0.322655E+01  0.421720E+04  0.415468E+04  0.000000E+00  0.000000E+00  0.000000E+00  0.420755E+04
  0.333591E+01  0.398065E+04  0.392164E+04  0.000000E+00  0.000000E+00  0.000000E+00  0.397155E+04
  0.344898E+01  0.375710E+04  0.370139E+04  0.000000E+00  0.000000E+00  0.000000E+00  0.374850E+04
  0.356588E+01  0.354585E+04  0.349328E+04  0.000000E+00  0.000000E+00  0.000000E+00  0.353774E+04
  0.368675E+01  0.334625E+04  0.329663E+04  0.000000E+00  0.000000E+00  0.000000E+00  0.333859E+04
  0.381172E+01  0.315767E+04  0.311085E+04  0.000000E+00  0.000000E+00  0.000000E+00  0.315044E+04
  0.394091E+01  0.297952E+04  0.293534E+04  0.000000E+00  0.000000E+00  0.000000E+00  0.297270E+04
  0.407449E+01  0.281122E+04  0.276953E+04  0.000000E+00  0.000000E+00  0.000000E+00  0.280479E+04
  0.421259E+01  0.265227E+04  0.261293E+04  0.000000E+00  0.000000E+00  0.000000E+00  0.264620E+04
  0.435538E+01  0.250214E+04  0.246503E+04  0.000000E+00  0.000000E+00  0.000000E+00  0.249641E+04
  0.450301E+01  0.236036E+04  0.232534E+04  0.000000E+00  0.000000E+00  0.000000E+00  0.235495E+04
  0.465564E+01  0.222646E+04  0.219343E+04  0.000000E+00  0.000000E+00  0.000000E+00  0.222136E+04
  0.481344E+01  0.210004E+04  0.206888E+04  0.000000E+00  0.000000E+00  0.000000E+00  0.209523E+04
  0.497659E+01  0.198067E+04  0.195128E+04  0.000000E+00  0.000000E+00  0.000000E+00  0.197614E+04
  0.514527E+01  0.186797E+04  0.184026E+04  0.000000E+00  0.000000E+00  0.000000E+00  0.186370E+04
  0.531968E+01  0.176158E+04  0.173544E+04  0.000000E+00  0.000000E+00  0.000000E+00  0.175755E+04
  0.549998E+01  0.166116E+04  0.163650E+04  0.000000E+00  0.000000E+00  0.000000E+00  0.165735E+04
  0.568641E+01  0.156636E+04  0.154311E+04  0.000000E+00  0.000000E+00  0.000000E+00  0.156277E+04
  0.587915E+01  0.147689E+04  0.145497E+04  0.000000E+00  0.000000E+00  0.000000E+00  0.147351E+04
  0.607843E+01  0.139245E+04  0.137178E+04  0.000000E+00  0.000000E+00  0.000000E+00  0.138926E+04
  0.628446E+01  0.131277E+04  0.129327E+04  0.000000E+00  0.000000E+00  0.000000E+00  0.130976E+04
  0.649747E+01  0.123758E+04  0.121919E+04  0.000000E+00  0.000000E+00  0.000000E+00  0.123474E+04
  0.671770E+01  0.116663E+04  0.114929E+04  0.000000E+00  0.000000E+00  0.000000E+00  0.116395E+04
  0.694539E+01  0.109969E+04  0.108335E+04  0.000000E+00  0.000000E+00  0.000000E+00  0.109717E+04
  0.718081E+01  0.103653E+04  0.102112E+04  0.000000E+00  0.000000E+00  0.000000E+00  0.103415E+04
  0.742420E+01  0.976950E+03  0.962427E+03  0.000000E+00  0.000000E+00  0.000000E+00  0.974709E+03
  0.767585E+01  0.920747E+03  0.907057E+03  0.000000E+00  0.000000E+00  0.000000E+00  0.918635E+03
  0.793602E+01  0.867733E+03  0.854827E+03  0.000000E+00  0.000000E+00  0.000000E+00  0.865742E+03
  0.820502E+01  0.817729E+03  0.805563E+03  0.000000E+00  0.000000E+00  0.000000E+00  0.815852E+03
  0.848312E+01  0.770570E+03  0.759102E+03  0.000000E+00  0.000000E+00  0.000000E+00  0.768800E+03
  0.877066E+01  0.726092E+03  0.715283E+03  0.000000E+00  0.000000E+00  0.000000E+00  0.724424E+03
  0.906794E+01  0.684150E+03  0.673961E+03  0.000000E+00  0.000000E+00  0.000000E+00  0.682578E+03
  0.937530E+01  0.644599E+03  0.634996E+03  0.000000E+00  0.000000E+00  0.000000E+00  0.643117E+03
  0.969308E+01  0.607305E+03  0.598254E+03  0.000000E+00  0.000000E+00  0.000000E+00  0.605908E+03
  0.100216E+02  0.572142E+03  0.563611E+03  0.000000E+00  0.000000E+00  0.000000E+00  0.570825E+03
  0.103613E+02  0.538989E+03  0.530949E+03  0.000000E+00  0.000000E+00  0.000000E+00  0.537748E+03
  0.107125E+02  0.507735E+03  0.500157E+03  0.000000E+00  0.000000E+00  0.000000E+00  0.506565E+03
  0.110756E+02  0.478270E+03  0.471128E+03  0.000000E+00  0.000000E+00  0.000000E+00  0.477168E+03
  0.114510E+02  0.450496E+03  0.443765E+03  0.000000E+00  0.000000E+00  0.000000E+00  0.449457E+03
  0.118392E+02  0.424315E+03  0.417971E+03  0.000000E+00  0.000000E+00  0.000000E+00  0.423336E+03
  0.122404E+02  0.399639E+03  0.393660E+03  0.000000E+00  0.000000E+00  0.000000E+00  0.398716E+03
  0.126553E+02  0.376381E+03  0.370746E+03  0.000000E+00  0.000000E+00  0.000000E+00  0.375511E+03
  0.130843E+02  0.354462E+03  0.349151E+03  0.000000E+00  0.000000E+00  0.000000E+00  0.353642E+03
  0.135278E+02  0.333804E+03  0.328799E+03  0.000000E+00  0.000000E+00  0.000000E+00  0.333031E+03
  0.139863E+02  0.314338E+03  0.309620E+03  0.000000E+00  0.000000E+00  0.000000E+00  0.313610E+03
  0.144604E+02  0.295993E+03  0.291547E+03  0.000000E+00  0.000000E+00  0.000000E+00  0.295307E+03
  0.149505E+02  0.278709E+03  0.274518E+03  0.000000E+00  0.000000E+00  0.000000E+00  0.278062E+03
  0.154573E+02  0.262422E+03  0.258473E+03  0.000000E+00  0.000000E+00  0.000000E+00  0.261813E+03
  0.159812E+02  0.247078E+03  0.243355E+03  0.000000E+00  0.000000E+00  0.000000E+00  0.246503E+03
  0.165229E+02  0.232621E+03  0.229112E+03  0.000000E+00  0.000000E+00  0.000000E+00  0.232080E+03
  0.170829E+02  0.219002E+03  0.215694E+03  0.000000E+00  0.000000E+00  0.000000E+00  0.218492E+03
  0.176619E+02  0.206172E+03  0.203054E+03  0.000000E+00  0.000000E+00  0.000000E+00  0.205691E+03
  0.182606E+02  0.194086E+03  0.191146E+03  0.000000E+00  0.000000E+00  0.000000E+00  0.193632E+03
  0.188795E+02  0.182702E+03  0.179930E+03  0.000000E+00  0.000000E+00  0.000000E+00  0.182274E+03
  0.195195E+02  0.171978E+03  0.169365E+03  0.000000E+00  0.000000E+00  0.000000E+00  0.171575E+03
  0.201811E+02  0.161879E+03  0.159414E+03  0.000000E+00  0.000000E+00  0.000000E+00  0.161498E+03
  0.208651E+02  0.152366E+03  0.150042E+03  0.000000E+00  0.000000E+00  0.000000E+00  0.152007E+03
  0.215723E+02  0.143407E+03  0.141216E+03  0.000000E+00  0.000000E+00  0.000000E+00  0.143069E+03
  0.223035E+02  0.134970E+03  0.132903E+03  0.000000E+00  0.000000E+00  0.000000E+00  0.134651E+03
  0.230595E+02  0.127025E+03  0.125075E+03  0.000000E+00  0.000000E+00  0.000000E+00  0.126724E+03
  0.238411E+02  0.119543E+03  0.117704E+03  0.000000E+00  0.000000E+00  0.000000E+00  0.119259E+03
  0.246492E+02  0.112498E+03  0.110762E+03  0.000000E+00  0.000000E+00  0.000000E+00  0.112230E+03
  0.254847E+02  0.105864E+03  0.104226E+03  0.000000E+00  0.000000E+00  0.000000E+00  0.105611E+03
  0.263485E+02  0.996179E+02  0.980722E+02  0.000000E+00  0.000000E+00  0.000000E+00  0.993794E+02
  0.272416E+02  0.937372E+02  0.922781E+02  0.000000E+00  0.000000E+00  0.000000E+00  0.935120E+02
  0.281650E+02  0.882003E+02  0.868229E+02  0.000000E+00  0.000000E+00  0.000000E+00  0.879878E+02
  0.291196E+02  0.829879E+02  0.816872E+02  0.000000E+00  0.000000E+00  0.000000E+00  0.827871E+02
  0.301066E+02  0.780806E+02  0.768522E+02  0.000000E+00  0.000000E+00  0.000000E+00  0.778910E+02
  0.311271E+02  0.734612E+02  0.723007E+02  0.000000E+00  0.000000E+00  0.000000E+00  0.732821E+02
  0.321822E+02  0.691126E+02  0.680161E+02  0.000000E+00  0.000000E+00  0.000000E+00  0.689433E+02
  0.332730E+02  0.650193E+02  0.639830E+02  0.000000E+00  0.000000E+00  0.000000E+00  0.648594E+02
  0.344008E+02  0.611663E+02  0.601866E+02  0.000000E+00  0.000000E+00  0.000000E+00  0.610151E+02
  0.355668E+02  0.575398E+02  0.566134E+02  0.000000E+00  0.000000E+00  0.000000E+00  0.573968E+02
  0.367723E+02  0.541264E+02  0.532502E+02  0.000000E+00  0.000000E+00  0.000000E+00  0.539912E+02
  0.380187E+02  0.509139E+02  0.500849E+02  0.000000E+00  0.000000E+00  0.000000E+00  0.507860E+02
  0.393074E+02  0.478904E+02  0.471057E+02  0.000000E+00  0.000000E+00  0.000000E+00  0.477693E+02
  0.406397E+02  0.450451E+02  0.443021E+02  0.000000E+00  0.000000E+00  0.000000E+00  0.449304E+02
  0.420172E+02  0.423673E+02  0.416636E+02  0.000000E+00  0.000000E+00  0.000000E+00  0.422587E+02
  0.434414E+02  0.398474E+02  0.391806E+02  0.000000E+00  0.000000E+00  0.000000E+00  0.397445E+02
  0.449138E+02  0.374762E+02  0.368441E+02  0.000000E+00  0.000000E+00  0.000000E+00  0.373787E+02
  0.464362E+02  0.352449E+02  0.346454E+02  0.000000E+00  0.000000E+00  0.000000E+00  0.351524E+02
  0.480101E+02  0.331454E+02  0.325766E+02  0.000000E+00  0.000000E+00  0.000000E+00  0.330576E+02
  0.496375E+02  0.311699E+02  0.306299E+02  0.000000E+00  0.000000E+00  0.000000E+00  0.310866E+02
  0.513199E+02  0.293112E+02  0.287984E+02  0.000000E+00  0.000000E+00  0.000000E+00  0.292321E+02
  0.530594E+02  0.275624E+02  0.270751E+02  0.000000E+00  0.000000E+00  0.000000E+00  0.274872E+02
  0.548579E+02  0.259171E+02  0.254537E+02  0.000000E+00  0.000000E+00  0.000000E+00  0.258456E+02
  0.567173E+02  0.243692E+02  0.239283E+02  0.000000E+00  0.000000E+00  0.000000E+00  0.243011E+02
  0.586397E+02  0.229129E+02  0.224933E+02  0.000000E+00  0.000000E+00  0.000000E+00  0.228482E+02
  0.606273E+02  0.215430E+02  0.211432E+02  0.000000E+00  0.000000E+00  0.000000E+00  0.214813E+02
  0.626823E+02  0.202542E+02  0.198732E+02  0.000000E+00  0.000000E+00  0.000000E+00  0.201954E+02
  0.648069E+02  0.190419E+02  0.186785E+02  0.000000E+00  0.000000E+00  0.000000E+00  0.189858E+02
  0.670036E+02  0.179015E+02  0.175546E+02  0.000000E+00  0.000000E+00  0.000000E+00  0.178480E+02
  0.692747E+02  0.168289E+02  0.164974E+02  0.000000E+00  0.000000E+00  0.000000E+00  0.167777E+02
  0.716227E+02  0.158199E+02  0.155030E+02  0.000000E+00  0.000000E+00  0.000000E+00  0.157710E+02
  0.740504E+02  0.148709E+02  0.145677E+02  0.000000E+00  0.000000E+00  0.000000E+00  0.148241E+02
  0.765604E+02  0.139783E+02  0.136880E+02  0.000000E+00  0.000000E+00  0.000000E+00  0.139335E+02
  0.791553E+02  0.131388E+02  0.128606E+02  0.000000E+00  0.000000E+00  0.000000E+00  0.130958E+02
  0.818384E+02  0.123492E+02  0.120823E+02  0.000000E+00  0.000000E+00  0.000000E+00  0.123080E+02
  0.846122E+02  0.116067E+02  0.113504E+02  0.000000E+00  0.000000E+00  0.000000E+00  0.115671E+02
  0.874802E+02  0.109083E+02  0.106621E+02  0.000000E+00  0.000000E+00  0.000000E+00  0.108703E+02
  0.904453E+02  0.102516E+02  0.100147E+02  0.000000E+00  0.000000E+00  0.000000E+00  0.102150E+02
  0.935109E+02  0.963396E+01  0.940598E+01  0.000000E+00  0.000000E+00  0.000000E+00  0.959877E+01
  0.966806E+02  0.905315E+01  0.883346E+01  0.000000E+00  0.000000E+00  0.000000E+00  0.901925E+01
  0.999576E+02  0.850702E+01  0.829511E+01  0.000000E+00  0.000000E+00  0.000000E+00  0.847432E+01
  0.103346E+03  0.799348E+01  0.778888E+01  0.000000E+00  0.000000E+00  0.000000E+00  0.796190E+01
  0.106849E+03  0.751056E+01  0.731283E+01  0.000000E+00  0.000000E+00  0.000000E+00  0.748005E+01
  0.110470E+03  0.705651E+01  0.686523E+01  0.000000E+00  0.000000E+00  0.000000E+00  0.702699E+01
  0.114215E+03  0.662959E+01  0.644437E+01  0.000000E+00  0.000000E+00  0.000000E+00  0.660101E+01
  0.118086E+03  0.622819E+01  0.604865E+01  0.000000E+00  0.000000E+00  0.000000E+00  0.620048E+01
  0.122089E+03  0.585076E+01  0.567657E+01  0.000000E+00  0.000000E+00  0.000000E+00  0.582388E+01
  0.126227E+03  0.549593E+01  0.532677E+01  0.000000E+00  0.000000E+00  0.000000E+00  0.546982E+01
  0.130505E+03  0.516234E+01  0.499789E+01  0.000000E+00  0.000000E+00  0.000000E+00  0.513696E+01
  0.134928E+03  0.484871E+01  0.468871E+01  0.000000E+00  0.000000E+00  0.000000E+00  0.482402E+01
  0.139502E+03  0.455385E+01  0.439803E+01  0.000000E+00  0.000000E+00  0.000000E+00  0.452980E+01
  0.144230E+03  0.427667E+01  0.412479E+01  0.000000E+00  0.000000E+00  0.000000E+00  0.425323E+01
  0.149119E+03  0.401611E+01  0.386793E+01  0.000000E+00  0.000000E+00  0.000000E+00  0.399324E+01
  0.154173E+03  0.377117E+01  0.362648E+01  0.000000E+00  0.000000E+00  0.000000E+00  0.374884E+01
  0.159399E+03  0.354091E+01  0.339952E+01  0.000000E+00  0.000000E+00  0.000000E+00  0.351909E+01
  0.164802E+03  0.332448E+01  0.318620E+01  0.000000E+00  0.000000E+00  0.000000E+00  0.330314E+01
  0.170388E+03  0.312104E+01  0.298571E+01  0.000000E+00  0.000000E+00  0.000000E+00  0.310016E+01
  0.176164E+03  0.292982E+01  0.279727E+01  0.000000E+00  0.000000E+00  0.000000E+00  0.290936E+01
  0.182135E+03  0.275010E+01  0.262018E+01  0.000000E+00  0.000000E+00  0.000000E+00  0.273005E+01
  0.188308E+03  0.258118E+01  0.245377E+01  0.000000E+00  0.000000E+00  0.000000E+00  0.256152E+01
  0.194691E+03  0.242243E+01  0.229740E+01  0.000000E+00  0.000000E+00  0.000000E+00  0.240313E+01
  0.201290E+03  0.227322E+01  0.215047E+01  0.000000E+00  0.000000E+00  0.000000E+00  0.225427E+01
