  0.108800E-04  0.237934E+06  0.237934E+06  0.317243E+06  0.317243E+06  0.000000E+00  0.237934E+06
  0.112487E-04  0.237934E+06  0.237934E+06  0.317243E+06  0.317243E+06  0.000000E+00  0.237934E+06
  0.116300E-04  0.237934E+06  0.237934E+06  0.317243E+06  0.317243E+06  0.000000E+00  0.237934E+06
  0.120242E-04  0.237934E+06  0.237934E+06  0.317243E+06  0.317243E+06  0.000000E+00  0.237934E+06
  0.124318E-04  0.237934E+06  0.237934E+06  0.317243E+06  0.317243E+06  0.000000E+00  0.237934E+06
  0.128531E-04  0.237934E+06  0.237934E+06  0.317243E+06  0.317243E+06  0.000000E+00  0.237934E+06
  0.132888E-04  0.237934E+06  0.237934E+06  0.317243E+06  0.317242E+06  0.000000E+00  0.237934E+06
  0.137392E-04  0.237934E+06  0.237934E+06  0.317243E+06  0.317242E+06  0.000000E+00  0.237934E+06
  0.142049E-04  0.237934E+06  0.237934E+06  0.317242E+06  0.317242E+06  0.000000E+00  0.237934E+06
  0.146864E-04  0.237934E+06  0.237934E+06  0.317242E+06  0.317242E+06  0.000000E+00  0.237934E+06
  0.151842E-04  0.237934E+06  0.237934E+06  0.317242E+06  0.317242E+06  0.000000E+00  0.237934E+06
  0.156989E-04  0.237934E+06  0.237934E+06  0.317242E+06  0.317242E+06  0.000000E+00  0.237934E+06
  0.162310E-04  0.237934E+06  0.237934E+06  0.317242E+06  0.317241E+06  0.000000E+00  0.237934E+06
  0.167811E-04  0.237934E+06  0.237934E+06  0.317241E+06  0.317241E+06  0.000000E+00  0.237934E+06
  0.173499E-04  0.237934E+06  0.237934E+06  0.317241E+06  0.317241E+06  0.000000E+00  0.237934E+06
  0.179380E-04  0.237934E+06  0.237934E+06  0.317241E+06  0.317240E+06  0.000000E+00  0.237934E+06
  0.185460E-04  0.237934E+06  0.237934E+06  0.317240E+06  0.317240E+06  0.000000E+00  0.237934E+06
  0.191746E-04  0.237934E+06  0.237933E+06  0.317240E+06  0.317240E+06  0.000000E+00  0.237934E+06
  0.198246E-04  0.237934E+06  0.237933E+06  0.317240E+06  0.317239E+06  0.000000E+00  0.237934E+06
  0.204965E-04  0.237934E+06  0.237933E+06  0.317240E+06  0.317239E+06  0.000000E+00  0.237934E+06
  0.211913E-04  0.237933E+06  0.237933E+06  0.317239E+06  0.317239E+06  0.000000E+00  0.237933E+06
  0.219095E-04  0.237933E+06  0.237933E+06  0.317239E+06  0.317238E+06  0.000000E+00  0.237933E+06
  0.226522E-04  0.237933E+06  0.237933E+06  0.317238E+06  0.317238E+06  0.000000E+00  0.237933E+06
  0.234200E-04  0.237933E+06  0.237933E+06  0.317238E+06  0.317237E+06  0.000000E+00  0.237933E+06
  0.242138E-04  0.237933E+06  0.237933E+06  0.317237E+06  0.317237E+06  0.000000E+00  0.237933E+06
  0.250345E-04  0.237933E+06  0.237933E+06  0.317237E+06  0.317236E+06  0.000000E+00  0.237933E+06
  0.258831E-04  0.237933E+06  0.237933E+06  0.317236E+06  0.317235E+06  0.000000E+00  0.237933E+06
  0.267604E-04  0.237933E+06  0.237933E+06  0.317236E+06  0.317235E+06  0.000000E+00  0.237933E+06
  0.276674E-04  0.237933E+06  0.237933E+06  0.317235E+06  0.317234E+06  0.000000E+00  0.237933E+06
  0.286052E-04  0.237933E+06  0.237933E+06  0.317234E+06  0.317233E+06  0.000000E+00  0.237933E+06
  0.295748E-04  0.237933E+06  0.237933E+06  0.317234E+06  0.317233E+06  0.000000E+00  0.237933E+06
  0.305772E-04  0.237933E+06  0.237933E+06  0.317233E+06  0.317232E+06  0.000000E+00  0.237933E+06
  0.316136E-04  0.237933E+06  0.237933E+06  0.317232E+06  0.317231E+06  0.000000E+00  0.237933E+06
  0.326852E-04  0.237933E+06  0.237933E+06  0.317231E+06  0.317230E+06  0.000000E+00  0.237933E+06
  0.337931E-04  0.237933E+06  0.237933E+06  0.317230E+06  0.317229E+06  0.000000E+00  0.237933E+06
  0.349385E-04  0.237933E+06  0.237933E+06  0.317229E+06  0.317228E+06  0.000000E+00  0.237933E+06
  0.361227E-04  0.237933E+06  0.237933E+06  0.317228E+06  0.317226E+06  0.000000E+00  0.237933E+06
  0.373471E-04  0.237933E+06  0.237933E+06  0.317227E+06  0.317225E+06  0.000000E+00  0.237933E+06
  0.386130E-04  0.237933E+06  0.237933E+06  0.317226E+06  0.317224E+06  0.000000E+00  0.237933E+06
  0.399218E-04  0.237933E+06  0.237933E+06  0.317224E+06  0.317222E+06  0.000000E+00  0.237933E+06
  0.412749E-04  0.237933E+06  0.237933E+06  0.317223E+06  0.317221E+06  0.000000E+00  0.237933E+06
  0.426740E-04  0.237933E+06  0.237932E+06  0.317221E+06  0.317219E+06  0.000000E+00  0.237933E+06
  0.441204E-04  0.237933E+06  0.237932E+06  0.317220E+06  0.317217E+06  0.000000E+00  0.237933E+06
  0.456159E-04  0.237933E+06  0.237932E+06  0.317218E+06  0.317215E+06  0.000000E+00  0.237933E+06
  0.471620E-04  0.237932E+06  0.237932E+06  0.317216E+06  0.317213E+06  0.000000E+00  0.237932E+06
  0.487606E-04  0.237932E+06  0.237932E+06  0.317214E+06  0.317211E+06  0.000000E+00  0.237932E+06
  0.504133E-04  0.237932E+06  0.237932E+06  0.317212E+06  0.317209E+06  0.000000E+00  0.237932E+06
  0.521221E-04  0.237932E+06  0.237932E+06  0.317210E+06  0.317206E+06  0.000000E+00  0.237932E+06
  0.538888E-04  0.237932E+06  0.237932E+06  0.317207E+06  0.317204E+06  0.000000E+00  0.237932E+06
  0.557153E-04  0.237932E+06  0.237932E+06  0.317205E+06  0.317201E+06  0.000000E+00  0.237932E+06
  0.576038E-04  0.237932E+06  0.237931E+06  0.317202E+06  0.317198E+06  0.000000E+00  0.237932E+06
  0.595563E-04  0.237932E+06  0.237931E+06  0.317199E+06  0.317195E+06  0.000000E+00  0.237932E+06
  0.615750E-04  0.237932E+06  0.237931E+06  0.317196E+06  0.317191E+06  0.000000E+00  0.237932E+06
  0.636621E-04  0.237931E+06  0.237931E+06  0.317192E+06  0.317187E+06  0.000000E+00  0.237931E+06
  0.658199E-04  0.237931E+06  0.237931E+06  0.317189E+06  0.317183E+06  0.000000E+00  0.237931E+06
  0.680509E-04  0.237931E+06  0.237930E+06  0.317185E+06  0.317179E+06  0.000000E+00  0.237931E+06
  0.703575E-04  0.237931E+06  0.237930E+06  0.317181E+06  0.317175E+06  0.000000E+00  0.237931E+06
  0.727422E-04  0.237931E+06  0.237930E+06  0.317176E+06  0.317170E+06  0.000000E+00  0.237931E+06
  0.752079E-04  0.237931E+06  0.237930E+06  0.317171E+06  0.317165E+06  0.000000E+00  0.237931E+06
  0.777570E-04  0.237930E+06  0.237929E+06  0.317166E+06  0.317159E+06  0.000000E+00  0.237930E+06
  0.803926E-04  0.237930E+06  0.237929E+06  0.317161E+06  0.317153E+06  0.000000E+00  0.237930E+06
  0.831175E-04  0.237930E+06  0.237929E+06  0.317155E+06  0.317147E+06  0.000000E+00  0.237930E+06
  0.859348E-04  0.237930E+06  0.237928E+06  0.317149E+06  0.317140E+06  0.000000E+00  0.237930E+06
  0.888476E-04  0.237929E+06  0.237928E+06  0.317142E+06  0.317133E+06  0.000000E+00  0.237929E+06
  0.918591E-04  0.237929E+06  0.237928E+06  0.317135E+06  0.317125E+06  0.000000E+00  0.237929E+06
  0.949726E-04  0.237929E+06  0.237927E+06  0.317128E+06  0.317117E+06  0.000000E+00  0.237929E+06
  0.981917E-04  0.237928E+06  0.237927E+06  0.317120E+06  0.317108E+06  0.000000E+00  0.237928E+06
  0.101520E-03  0.237928E+06  0.237926E+06  0.317111E+06  0.317099E+06  0.000000E+00  0.237928E+06
  0.104961E-03  0.237928E+06  0.237926E+06  0.317102E+06  0.317089E+06  0.000000E+00  0.237928E+06
  0.108519E-03  0.237927E+06  0.237925E+06  0.317092E+06  0.317078E+06  0.000000E+00  0.237927E+06
  0.112197E-03  0.237927E+06  0.237925E+06  0.317081E+06  0.317066E+06  0.000000E+00  0.237927E+06
  0.116000E-03  0.237926E+06  0.237924E+06  0.317070E+06  0.317054E+06  0.000000E+00  0.237926E+06
  0.119932E-03  0.237926E+06  0.237924E+06  0.317058E+06  0.317041E+06  0.000000E+00  0.237926E+06
  0.123997E-03  0.237925E+06  0.237923E+06  0.317045E+06  0.317027E+06  0.000000E+00  0.237925E+06
  0.128200E-03  0.237924E+06  0.237922E+06  0.317031E+06  0.317012E+06  0.000000E+00  0.237924E+06
  0.132545E-03  0.237924E+06  0.237921E+06  0.317016E+06  0.316996E+06  0.000000E+00  0.237924E+06
  0.137038E-03  0.237923E+06  0.237920E+06  0.317001E+06  0.316978E+06  0.000000E+00  0.237923E+06
  0.141683E-03  0.237922E+06  0.237920E+06  0.316984E+06  0.316960E+06  0.000000E+00  0.237922E+06
  0.146485E-03  0.237922E+06  0.237919E+06  0.316966E+06  0.316940E+06  0.000000E+00  0.237922E+06
  0.151450E-03  0.237921E+06  0.237917E+06  0.316947E+06  0.316919E+06  0.000000E+00  0.237921E+06
  0.156583E-03  0.237920E+06  0.237916E+06  0.316926E+06  0.316897E+06  0.000000E+00  0.237920E+06
  0.161891E-03  0.237919E+06  0.237915E+06  0.316904E+06  0.316873E+06  0.000000E+00  0.237919E+06
  0.167378E-03  0.237918E+06  0.237914E+06  0.316880E+06  0.316847E+06  0.000000E+00  0.237918E+06
  0.173051E-03  0.237917E+06  0.237912E+06  0.316855E+06  0.316820E+06  0.000000E+00  0.237917E+06
  0.178917E-03  0.237916E+06  0.237911E+06  0.316829E+06  0.316791E+06  0.000000E+00  0.237916E+06
  0.184981E-03  0.237915E+06  0.237909E+06  0.316800E+06  0.316759E+06  0.000000E+00  0.237914E+06
  0.191251E-03  0.237913E+06  0.237908E+06  0.316769E+06  0.316726E+06  0.000000E+00  0.237913E+06
  0.197734E-03  0.237912E+06  0.237906E+06  0.316736E+06  0.316690E+06  0.000000E+00  0.237912E+06
  0.204436E-03  0.237910E+06  0.237904E+06  0.316701E+06  0.316652E+06  0.000000E+00  0.237910E+06
  0.211366E-03  0.237909E+06  0.237902E+06  0.316664E+06  0.316611E+06  0.000000E+00  0.237908E+06
  0.218530E-03  0.237907E+06  0.237900E+06  0.316624E+06  0.316567E+06  0.000000E+00  0.237907E+06
  0.225937E-03  0.237905E+06  0.237898E+06  0.316581E+06  0.316521E+06  0.000000E+00  0.237905E+06
  0.233595E-03  0.237903E+06  0.237895E+06  0.316535E+06  0.316471E+06  0.000000E+00  0.237903E+06
  0.241513E-03  0.237901E+06  0.237892E+06  0.316486E+06  0.316418E+06  0.000000E+00  0.237901E+06
  0.249699E-03  0.237899E+06  0.237890E+06  0.316434E+06  0.316361E+06  0.000000E+00  0.237898E+06
  0.258162E-03  0.237896E+06  0.237886E+06  0.316378E+06  0.316300E+06  0.000000E+00  0.237896E+06
  0.266913E-03  0.237894E+06  0.237883E+06  0.316319E+06  0.316235E+06  0.000000E+00  0.237893E+06
  0.275960E-03  0.237891E+06  0.237880E+06  0.316255E+06  0.316165E+06  0.000000E+00  0.237891E+06
  0.285314E-03  0.237888E+06  0.237876E+06  0.316187E+06  0.316091E+06  0.000000E+00  0.237888E+06
  0.294984E-03  0.237885E+06  0.237872E+06  0.316114E+06  0.316011E+06  0.000000E+00  0.237884E+06
  0.304983E-03  0.237882E+06  0.237868E+06  0.316036E+06  0.315926E+06  0.000000E+00  0.237881E+06
  0.315320E-03  0.237878E+06  0.237863E+06  0.315953E+06  0.315836E+06  0.000000E+00  0.237877E+06
  0.326008E-03  0.237874E+06  0.237858E+06  0.315864E+06  0.315739E+06  0.000000E+00  0.237874E+06
  0.337058E-03  0.237870E+06  0.237853E+06  0.315769E+06  0.315635E+06  0.000000E+00  0.237869E+06
  0.348483E-03  0.237866E+06  0.237848E+06  0.315668E+06  0.315524E+06  0.000000E+00  0.237865E+06
  0.360295E-03  0.237861E+06  0.237842E+06  0.315559E+06  0.315406E+06  0.000000E+00  0.237860E+06
  0.372507E-03  0.237856E+06  0.237835E+06  0.315443E+06  0.315280E+06  0.000000E+00  0.237855E+06
  0.385133E-03  0.237850E+06  0.237829E+06  0.315319E+06  0.315145E+06  0.000000E+00  0.237850E+06
  0.398187E-03  0.237845E+06  0.237821E+06  0.315187E+06  0.315000E+06  0.000000E+00  0.237844E+06
  0.411684E-03  0.237839E+06  0.237814E+06  0.315046E+06  0.314846E+06  0.000000E+00  0.237838E+06
  0.425638E-03  0.237832E+06  0.237805E+06  0.314894E+06  0.314681E+06  0.000000E+00  0.237831E+06
  0.440065E-03  0.237825E+06  0.237797E+06  0.314733E+06  0.314505E+06  0.000000E+00  0.237824E+06
  0.454981E-03  0.237818E+06  0.237787E+06  0.314560E+06  0.314317E+06  0.000000E+00  0.237817E+06
  0.470403E-03  0.237810E+06  0.237777E+06  0.314376E+06  0.314116E+06  0.000000E+00  0.237809E+06
  0.486347E-03  0.237801E+06  0.237766E+06  0.314179E+06  0.313902E+06  0.000000E+00  0.237800E+06
  0.502832E-03  0.237792E+06  0.237755E+06  0.313969E+06  0.313672E+06  0.000000E+00  0.237791E+06
  0.519875E-03  0.237782E+06  0.237742E+06  0.313744E+06  0.313427E+06  0.000000E+00  0.237781E+06
  0.537497E-03  0.237772E+06  0.237729E+06  0.313504E+06  0.313166E+06  0.000000E+00  0.237770E+06
  0.555715E-03  0.237760E+06  0.237715E+06  0.313247E+06  0.312886E+06  0.000000E+00  0.237759E+06
  0.574551E-03  0.237749E+06  0.237700E+06  0.312973E+06  0.312588E+06  0.000000E+00  0.237747E+06
  0.594026E-03  0.237736E+06  0.237684E+06  0.312681E+06  0.312269E+06  0.000000E+00  0.237734E+06
  0.614160E-03  0.237722E+06  0.237667E+06  0.312368E+06  0.311929E+06  0.000000E+00  0.237720E+06
  0.634977E-03  0.237708E+06  0.237648E+06  0.312034E+06  0.311565E+06  0.000000E+00  0.237706E+06
  0.656500E-03  0.237692E+06  0.237629E+06  0.311678E+06  0.311177E+06  0.000000E+00  0.237690E+06
  0.678752E-03  0.237675E+06  0.237608E+06  0.311297E+06  0.310763E+06  0.000000E+00  0.237673E+06
  0.701758E-03  0.237658E+06  0.237585E+06  0.310891E+06  0.310320E+06  0.000000E+00  0.237655E+06
  0.725544E-03  0.237639E+06  0.237561E+06  0.310457E+06  0.309848E+06  0.000000E+00  0.237636E+06
  0.750137E-03  0.237618E+06  0.237536E+06  0.309994E+06  0.309344E+06  0.000000E+00  0.237616E+06
  0.775563E-03  0.237597E+06  0.237508E+06  0.309499E+06  0.308806E+06  0.000000E+00  0.237594E+06
  0.801851E-03  0.237574E+06  0.237479E+06  0.308971E+06  0.308231E+06  0.000000E+00  0.237571E+06
  0.829029E-03  0.237549E+06  0.237448E+06  0.308408E+06  0.307618E+06  0.000000E+00  0.237546E+06
  0.857129E-03  0.237522E+06  0.237414E+06  0.307807E+06  0.306965E+06  0.000000E+00  0.237519E+06
  0.886182E-03  0.237494E+06  0.237379E+06  0.307165E+06  0.306267E+06  0.000000E+00  0.237491E+06
  0.916219E-03  0.237464E+06  0.237341E+06  0.306481E+06  0.305523E+06  0.000000E+00  0.237460E+06
  0.947274E-03  0.237432E+06  0.237300E+06  0.305751E+06  0.304730E+06  0.000000E+00  0.237428E+06
  0.979383E-03  0.237397E+06  0.237256E+06  0.304972E+06  0.303884E+06  0.000000E+00  0.237393E+06
  0.101258E-02  0.237361E+06  0.237210E+06  0.304142E+06  0.302982E+06  0.000000E+00  0.237356E+06
  0.104690E-02  0.237321E+06  0.237160E+06  0.303256E+06  0.302020E+06  0.000000E+00  0.237316E+06
  0.108239E-02  0.237279E+06  0.237107E+06  0.302312E+06  0.300995E+06  0.000000E+00  0.237274E+06
  0.111907E-02  0.237235E+06  0.237051E+06  0.301305E+06  0.299903E+06  0.000000E+00  0.237229E+06
  0.115700E-02  0.237187E+06  0.236990E+06  0.300233E+06  0.298740E+06  0.000000E+00  0.237181E+06
  0.119622E-02  0.237136E+06  0.236925E+06  0.299090E+06  0.297501E+06  0.000000E+00  0.237129E+06
  0.123677E-02  0.237081E+06  0.236856E+06  0.297873E+06  0.296181E+06  0.000000E+00  0.237074E+06
  0.127869E-02  0.237023E+06  0.236783E+06  0.296576E+06  0.294777E+06  0.000000E+00  0.237015E+06
  0.132203E-02  0.236961E+06  0.236704E+06  0.295196E+06  0.293282E+06  0.000000E+00  0.236952E+06
  0.136684E-02  0.236894E+06  0.236620E+06  0.293727E+06  0.291693E+06  0.000000E+00  0.236886E+06
  0.141317E-02  0.236823E+06  0.236530E+06  0.292163E+06  0.290002E+06  0.000000E+00  0.236814E+06
  0.146107E-02  0.236747E+06  0.236434E+06  0.290500E+06  0.288204E+06  0.000000E+00  0.236738E+06
  0.151059E-02  0.236667E+06  0.236332E+06  0.288731E+06  0.286293E+06  0.000000E+00  0.236656E+06
  0.156179E-02  0.236580E+06  0.236223E+06  0.286851E+06  0.284264E+06  0.000000E+00  0.236569E+06
  0.161473E-02  0.236488E+06  0.236106E+06  0.284853E+06  0.282109E+06  0.000000E+00  0.236476E+06
  0.166946E-02  0.236390E+06  0.235982E+06  0.282731E+06  0.279822E+06  0.000000E+00  0.236377E+06
  0.172605E-02  0.236285E+06  0.235849E+06  0.280478E+06  0.277396E+06  0.000000E+00  0.236272E+06
  0.178455E-02  0.236174E+06  0.235708E+06  0.278087E+06  0.274823E+06  0.000000E+00  0.236159E+06
  0.184504E-02  0.236054E+06  0.235556E+06  0.275551E+06  0.272098E+06  0.000000E+00  0.236039E+06
  0.190758E-02  0.235927E+06  0.235395E+06  0.272863E+06  0.269211E+06  0.000000E+00  0.235911E+06
  0.197223E-02  0.235792E+06  0.235223E+06  0.270015E+06  0.266157E+06  0.000000E+00  0.235774E+06
  0.203908E-02  0.235647E+06  0.235040E+06  0.266999E+06  0.262926E+06  0.000000E+00  0.235628E+06
  0.210820E-02  0.235493E+06  0.234844E+06  0.263808E+06  0.259513E+06  0.000000E+00  0.235473E+06
  0.217966E-02  0.235329E+06  0.234636E+06  0.260434E+06  0.255908E+06  0.000000E+00  0.235307E+06
  0.225354E-02  0.235154E+06  0.234414E+06  0.256870E+06  0.252106E+06  0.000000E+00  0.235131E+06
  0.232992E-02  0.234968E+06  0.234177E+06  0.253107E+06  0.248098E+06  0.000000E+00  0.234943E+06
  0.240889E-02  0.234769E+06  0.233925E+06  0.249138E+06  0.243879E+06  0.000000E+00  0.234743E+06
  0.249054E-02  0.234558E+06  0.233656E+06  0.244957E+06  0.239441E+06  0.000000E+00  0.234530E+06
  0.257496E-02  0.234333E+06  0.233370E+06  0.240555E+06  0.234778E+06  0.000000E+00  0.234303E+06
  0.266224E-02  0.234094E+06  0.233065E+06  0.235927E+06  0.229886E+06  0.000000E+00  0.234061E+06
  0.275248E-02  0.233839E+06  0.232740E+06  0.231067E+06  0.224760E+06  0.000000E+00  0.233805E+06
  0.284577E-02  0.233568E+06  0.232395E+06  0.225970E+06  0.219397E+06  0.000000E+00  0.233532E+06
  0.294223E-02  0.233281E+06  0.232028E+06  0.220630E+06  0.213793E+06  0.000000E+00  0.233241E+06
  0.304196E-02  0.232975E+06  0.231637E+06  0.215046E+06  0.207949E+06  0.000000E+00  0.232933E+06
  0.314506E-02  0.232650E+06  0.231222E+06  0.209215E+06  0.201865E+06  0.000000E+00  0.232605E+06
  0.325166E-02  0.232305E+06  0.230780E+06  0.203137E+06  0.195542E+06  0.000000E+00  0.232257E+06
  0.336188E-02  0.231938E+06  0.230311E+06  0.196812E+06  0.188986E+06  0.000000E+00  0.231887E+06
  0.347583E-02  0.231550E+06  0.229813E+06  0.190244E+06  0.182204E+06  0.000000E+00  0.231495E+06
  0.359365E-02  0.231137E+06  0.229284E+06  0.183439E+06  0.175203E+06  0.000000E+00  0.231079E+06
  0.371545E-02  0.230700E+06  0.228723E+06  0.176403E+06  0.167997E+06  0.000000E+00  0.230638E+06
  0.384139E-02  0.230238E+06  0.228128E+06  0.169148E+06  0.160600E+06  0.000000E+00  0.230171E+06
  0.397159E-02  0.229748E+06  0.227497E+06  0.161687E+06  0.153030E+06  0.000000E+00  0.229677E+06
  0.410621E-02  0.229229E+06  0.226829E+06  0.154037E+06  0.145310E+06  0.000000E+00  0.229153E+06
  0.424539E-02  0.228681E+06  0.226121E+06  0.146217E+06  0.137464E+06  0.000000E+00  0.228600E+06
  0.438929E-02  0.228101E+06  0.225372E+06  0.138252E+06  0.129522E+06  0.000000E+00  0.228016E+06
  0.453806E-02  0.227490E+06  0.224579E+06  0.130171E+06  0.121516E+06  0.000000E+00  0.227398E+06
  0.469188E-02  0.226844E+06  0.223742E+06  0.122003E+06  0.113485E+06  0.000000E+00  0.226746E+06
  0.485091E-02  0.226164E+06  0.222857E+06  0.113787E+06  0.105469E+06  0.000000E+00  0.226059E+06
  0.501534E-02  0.225447E+06  0.221923E+06  0.105562E+06  0.975112E+05  0.000000E+00  0.225336E+06
  0.518533E-02  0.224692E+06  0.220938E+06  0.973722E+05  0.896606E+05  0.000000E+00  0.224574E+06
  0.536109E-02  0.223898E+06  0.219900E+06  0.892662E+05  0.819671E+05  0.000000E+00  0.223772E+06
  0.554280E-02  0.223065E+06  0.218806E+06  0.812952E+05  0.744833E+05  0.000000E+00  0.222931E+06
  0.573068E-02  0.222190E+06  0.217656E+06  0.735138E+05  0.672628E+05  0.000000E+00  0.222047E+06
  0.592492E-02  0.221272E+06  0.216446E+06  0.659783E+05  0.603595E+05  0.000000E+00  0.221120E+06
  0.612574E-02  0.220311E+06  0.215176E+06  0.587464E+05  0.538261E+05  0.000000E+00  0.220150E+06
  0.633338E-02  0.219306E+06  0.213843E+06  0.518755E+05  0.477124E+05  0.000000E+00  0.219134E+06
  0.654805E-02  0.218256E+06  0.212445E+06  0.454221E+05  0.420646E+05  0.000000E+00  0.218073E+06
  0.677000E-02  0.217159E+06  0.210982E+06  0.394390E+05  0.369223E+05  0.000000E+00  0.216965E+06
  0.699947E-02  0.216016E+06  0.209450E+06  0.339743E+05  0.323173E+05  0.000000E+00  0.215809E+06
  0.723671E-02  0.214826E+06  0.207850E+06  0.290693E+05  0.282715E+05  0.000000E+00  0.214606E+06
  0.748200E-02  0.213588E+06  0.206179E+06  0.247563E+05  0.247953E+05  0.000000E+00  0.213355E+06
  0.773561E-02  0.212303E+06  0.204436E+06  0.210565E+05  0.218856E+05  0.000000E+00  0.212055E+06
  0.799781E-02  0.210970E+06  0.202621E+06  0.179779E+05  0.195250E+05  0.000000E+00  0.210707E+06
  0.826889E-02  0.209588E+06  0.200731E+06  0.155138E+05  0.176807E+05  0.000000E+00  0.209309E+06
  0.854917E-02  0.208159E+06  0.198767E+06  0.136411E+05  0.163048E+05  0.000000E+00  0.207863E+06
  0.883894E-02  0.206683E+06  0.196728E+06  0.123196E+05  0.153349E+05  0.000000E+00  0.206369E+06
  0.913854E-02  0.205159E+06  0.194613E+06  0.114922E+05  0.146960E+05  0.000000E+00  0.204826E+06
  0.944829E-02  0.203588E+06  0.192421E+06  0.110854E+05  0.143033E+05  0.000000E+00  0.203236E+06
  0.976854E-02  0.201970E+06  0.190152E+06  0.110117E+05  0.140665E+05  0.000000E+00  0.201598E+06
  0.100996E-01  0.200307E+06  0.187807E+06  0.111727E+05  0.138945E+05  0.000000E+00  0.199913E+06
  0.104420E-01  0.198598E+06  0.185384E+06  0.114638E+05  0.137014E+05  0.000000E+00  0.198182E+06
  0.107959E-01  0.196844E+06  0.182884E+06  0.117797E+05  0.134128E+05  0.000000E+00  0.196404E+06
  0.111618E-01  0.195046E+06  0.180307E+06  0.120215E+05  0.129718E+05  0.000000E+00  0.194581E+06
  0.115402E-01  0.193203E+06  0.177653E+06  0.121037E+05  0.123443E+05  0.000000E+00  0.192713E+06
  0.119313E-01  0.191317E+06  0.174922E+06  0.119616E+05  0.115231E+05  0.000000E+00  0.190800E+06
  0.123357E-01  0.189387E+06  0.172116E+06  0.115574E+05  0.105289E+05  0.000000E+00  0.188843E+06
  0.127539E-01  0.187415E+06  0.169233E+06  0.108853E+05  0.940890E+04  0.000000E+00  0.186842E+06
  0.131862E-01  0.185400E+06  0.166276E+06  0.997357E+04  0.823176E+04  0.000000E+00  0.184797E+06
  0.136331E-01  0.183342E+06  0.163245E+06  0.888286E+04  0.707899E+04  0.000000E+00  0.182709E+06
  0.140952E-01  0.181243E+06  0.160143E+06  0.770096E+04  0.603364E+04  0.000000E+00  0.180578E+06
  0.145730E-01  0.179102E+06  0.156970E+06  0.653301E+04  0.516727E+04  0.000000E+00  0.178405E+06
  0.150669E-01  0.176920E+06  0.153730E+06  0.548797E+04  0.452742E+04  0.000000E+00  0.176189E+06
  0.155776E-01  0.174697E+06  0.150425E+06  0.466279E+04  0.412768E+04  0.000000E+00  0.173932E+06
  0.161056E-01  0.172434E+06  0.147060E+06  0.412616E+04  0.394311E+04  0.000000E+00  0.171635E+06
  0.166515E-01  0.170132E+06  0.143638E+06  0.390470E+04  0.391293E+04  0.000000E+00  0.169298E+06
  0.172159E-01  0.167792E+06  0.140164E+06  0.000000E+00  0.000000E+00  0.000000E+00  0.166922E+06
  0.177994E-01  0.165414E+06  0.136644E+06  0.000000E+00  0.000000E+00  0.000000E+00  0.164508E+06
  0.184028E-01  0.163001E+06  0.133085E+06  0.000000E+00  0.000000E+00  0.000000E+00  0.162058E+06
  0.190265E-01  0.160552E+06  0.129494E+06  0.000000E+00  0.000000E+00  0.000000E+00  0.159574E+06
  0.196714E-01  0.158070E+06  0.125879E+06  0.000000E+00  0.000000E+00  0.000000E+00  0.157056E+06
  0.203382E-01  0.155555E+06  0.122249E+06  0.000000E+00  0.000000E+00  0.000000E+00  0.154506E+06
  0.210276E-01  0.153009E+06  0.118615E+06  0.000000E+00  0.000000E+00  0.000000E+00  0.151926E+06
  0.217403E-01  0.150434E+06  0.114987E+06  0.000000E+00  0.000000E+00  0.000000E+00  0.149318E+06
  0.224772E-01  0.147832E+06  0.111377E+06  0.000000E+00  0.000000E+00  0.000000E+00  0.146684E+06
  0.232390E-01  0.145204E+06  0.107797E+06  0.000000E+00  0.000000E+00  0.000000E+00  0.144026E+06
  0.240267E-01  0.142552E+06  0.104262E+06  0.000000E+00  0.000000E+00  0.000000E+00  0.141346E+06
  0.248411E-01  0.139879E+06  0.100786E+06  0.000000E+00  0.000000E+00  0.000000E+00  0.138648E+06
  0.256831E-01  0.137187E+06  0.973836E+05  0.000000E+00  0.000000E+00  0.000000E+00  0.135934E+06
  0.265537E-01  0.134479E+06  0.940704E+05  0.000000E+00  0.000000E+00  0.000000E+00  0.133206E+06
  0.274537E-01  0.131757E+06  0.908624E+05  0.000000E+00  0.000000E+00  0.000000E+00  0.130469E+06
  0.283842E-01  0.129025E+06  0.877757E+05  0.000000E+00  0.000000E+00  0.000000E+00  0.127726E+06
  0.293463E-01  0.126286E+06  0.848258E+05  0.000000E+00  0.000000E+00  0.000000E+00  0.124980E+06
  0.303410E-01  0.123543E+06  0.820280E+05  0.000000E+00  0.000000E+00  0.000000E+00  0.122235E+06
  0.313694E-01  0.120799E+06  0.793966E+05  0.000000E+00  0.000000E+00  0.000000E+00  0.119495E+06
  0.324327E-01  0.118060E+06  0.769442E+05  0.000000E+00  0.000000E+00  0.000000E+00  0.116765E+06
  0.335320E-01  0.115328E+06  0.746817E+05  0.000000E+00  0.000000E+00  0.000000E+00  0.114047E+06
  0.346686E-01  0.112607E+06  0.726173E+05  0.000000E+00  0.000000E+00  0.000000E+00  0.111348E+06
  0.358437E-01  0.109902E+06  0.707561E+05  0.000000E+00  0.000000E+00  0.000000E+00  0.108669E+06
  0.370586E-01  0.107216E+06  0.690993E+05  0.000000E+00  0.000000E+00  0.000000E+00  0.106016E+06
  0.383147E-01  0.104545E+06  0.676337E+05  0.000000E+00  0.000000E+00  0.000000E+00  0.103382E+06
  0.396134E-01  0.101885E+06  0.663431E+05  0.000000E+00  0.000000E+00  0.000000E+00  0.100765E+06
  0.409561E-01  0.992574E+05  0.652365E+05  0.000000E+00  0.000000E+00  0.000000E+00  0.981859E+05
  0.423443E-01  0.966679E+05  0.642962E+05  0.000000E+00  0.000000E+00  0.000000E+00  0.956483E+05
  0.437796E-01  0.941178E+05  0.634971E+05  0.000000E+00  0.000000E+00  0.000000E+00  0.931534E+05
  0.452635E-01  0.916076E+05  0.628071E+05  0.000000E+00  0.000000E+00  0.000000E+00  0.907005E+05
  0.467977E-01  0.891353E+05  0.621873E+05  0.000000E+00  0.000000E+00  0.000000E+00  0.882866E+05
  0.483839E-01  0.866984E+05  0.615937E+05  0.000000E+00  0.000000E+00  0.000000E+00  0.859076E+05
  0.500239E-01  0.842934E+05  0.609794E+05  0.000000E+00  0.000000E+00  0.000000E+00  0.835591E+05
  0.517194E-01  0.819180E+05  0.602976E+05  0.000000E+00  0.000000E+00  0.000000E+00  0.812370E+05
  0.534725E-01  0.795711E+05  0.595042E+05  0.000000E+00  0.000000E+00  0.000000E+00  0.789390E+05
  0.552850E-01  0.772539E+05  0.585608E+05  0.000000E+00  0.000000E+00  0.000000E+00  0.766652E+05
  0.571588E-01  0.749717E+05  0.574395E+05  0.000000E+00  0.000000E+00  0.000000E+00  0.744195E+05
  0.590963E-01  0.727370E+05  0.561284E+05  0.000000E+00  0.000000E+00  0.000000E+00  0.722139E+05
  0.610993E-01  0.706027E+05  0.546813E+05  0.000000E+00  0.000000E+00  0.000000E+00  0.701012E+05
  0.631703E-01  0.684479E+05  0.529503E+05  0.000000E+00  0.000000E+00  0.000000E+00  0.679598E+05
  0.653114E-01  0.663260E+05  0.510148E+05  0.000000E+00  0.000000E+00  0.000000E+00  0.658438E+05
  0.675252E-01  0.642343E+05  0.489020E+05  0.000000E+00  0.000000E+00  0.000000E+00  0.637514E+05
  0.698139E-01  0.621718E+05  0.466549E+05  0.000000E+00  0.000000E+00  0.000000E+00  0.616830E+05
  0.721803E-01  0.601392E+05  0.443324E+05  0.000000E+00  0.000000E+00  0.000000E+00  0.596413E+05
  0.746268E-01  0.581406E+05  0.420058E+05  0.000000E+00  0.000000E+00  0.000000E+00  0.576325E+05
  0.771564E-01  0.561827E+05  0.397552E+05  0.000000E+00  0.000000E+00  0.000000E+00  0.556653E+05
  0.797716E-01  0.542722E+05  0.376587E+05  0.000000E+00  0.000000E+00  0.000000E+00  0.537490E+05
  0.824755E-01  0.524140E+05  0.357831E+05  0.000000E+00  0.000000E+00  0.000000E+00  0.518902E+05
  0.852709E-01  0.506091E+05  0.341750E+05  0.000000E+00  0.000000E+00  0.000000E+00  0.500915E+05
  0.881612E-01  0.488548E+05  0.328540E+05  0.000000E+00  0.000000E+00  0.000000E+00  0.483508E+05
  0.911495E-01  0.471471E+05  0.318101E+05  0.000000E+00  0.000000E+00  0.000000E+00  0.466641E+05
  0.942390E-01  0.454835E+05  0.310059E+05  0.000000E+00  0.000000E+00  0.000000E+00  0.450276E+05
  0.974333E-01  0.438638E+05  0.303804E+05  0.000000E+00  0.000000E+00  0.000000E+00  0.434391E+05
  0.100736E+00  0.422892E+05  0.298544E+05  0.000000E+00  0.000000E+00  0.000000E+00  0.418976E+05
  0.104150E+00  0.407591E+05  0.293384E+05  0.000000E+00  0.000000E+00  0.000000E+00  0.403994E+05
  0.107680E+00  0.392700E+05  0.287446E+05  0.000000E+00  0.000000E+00  0.000000E+00  0.389385E+05
  0.111330E+00  0.378171E+05  0.280035E+05  0.000000E+00  0.000000E+00  0.000000E+00  0.375080E+05
  0.115104E+00  0.363976E+05  0.270788E+05  0.000000E+00  0.000000E+00  0.000000E+00  0.361041E+05
  0.119005E+00  0.350117E+05  0.259764E+05  0.000000E+00  0.000000E+00  0.000000E+00  0.347271E+05
  0.123039E+00  0.336609E+05  0.247413E+05  0.000000E+00  0.000000E+00  0.000000E+00  0.333800E+05
  0.127209E+00  0.323454E+05  0.234469E+05  0.000000E+00  0.000000E+00  0.000000E+00  0.320651E+05
  0.131521E+00  0.310658E+05  0.221803E+05  0.000000E+00  0.000000E+00  0.000000E+00  0.307859E+05
  0.135979E+00  0.298261E+05  0.210257E+05  0.000000E+00  0.000000E+00  0.000000E+00  0.295489E+05
  0.140588E+00  0.286326E+05  0.200425E+05  0.000000E+00  0.000000E+00  0.000000E+00  0.283621E+05
  0.145353E+00  0.274876E+05  0.192450E+05  0.000000E+00  0.000000E+00  0.000000E+00  0.272280E+05
  0.150280E+00  0.263861E+05  0.185971E+05  0.000000E+00  0.000000E+00  0.000000E+00  0.261408E+05
  0.155374E+00  0.253219E+05  0.180306E+05  0.000000E+00  0.000000E+00  0.000000E+00  0.250923E+05
  0.160640E+00  0.242924E+05  0.174725E+05  0.000000E+00  0.000000E+00  0.000000E+00  0.240776E+05
  0.166085E+00  0.232962E+05  0.168663E+05  0.000000E+00  0.000000E+00  0.000000E+00  0.230937E+05
  0.171715E+00  0.223296E+05  0.161859E+05  0.000000E+00  0.000000E+00  0.000000E+00  0.221361E+05
  0.177535E+00  0.213911E+05  0.154461E+05  0.000000E+00  0.000000E+00  0.000000E+00  0.212039E+05
  0.183553E+00  0.204832E+05  0.146946E+05  0.000000E+00  0.000000E+00  0.000000E+00  0.203009E+05
  0.189774E+00  0.196083E+05  0.139846E+05  0.000000E+00  0.000000E+00  0.000000E+00  0.194312E+05
  0.196206E+00  0.187671E+05  0.133493E+05  0.000000E+00  0.000000E+00  0.000000E+00  0.185964E+05
  0.202857E+00  0.179605E+05  0.127920E+05  0.000000E+00  0.000000E+00  0.000000E+00  0.177977E+05
  0.209733E+00  0.171859E+05  0.122863E+05  0.000000E+00  0.000000E+00  0.000000E+00  0.170316E+05
  0.216842E+00  0.164387E+05  0.117943E+05  0.000000E+00  0.000000E+00  0.000000E+00  0.162924E+05
  0.224192E+00  0.157189E+05  0.112945E+05  0.000000E+00  0.000000E+00  0.000000E+00  0.155796E+05
  0.231791E+00  0.150265E+05  0.107868E+05  0.000000E+00  0.000000E+00  0.000000E+00  0.148930E+05
  0.239647E+00  0.143584E+05  0.102851E+05  0.000000E+00  0.000000E+00  0.000000E+00  0.142301E+05
  0.247770E+00  0.137163E+05  0.980974E+04  0.000000E+00  0.000000E+00  0.000000E+00  0.135932E+05
  0.256168E+00  0.131011E+05  0.936974E+04  0.000000E+00  0.000000E+00  0.000000E+00  0.129836E+05
  0.264851E+00  0.125100E+05  0.895633E+04  0.000000E+00  0.000000E+00  0.000000E+00  0.123981E+05
  0.273828E+00  0.119431E+05  0.855868E+04  0.000000E+00  0.000000E+00  0.000000E+00  0.118365E+05
  0.283110E+00  0.113990E+05  0.816996E+04  0.000000E+00  0.000000E+00  0.000000E+00  0.112973E+05
  0.292706E+00  0.108761E+05  0.779138E+04  0.000000E+00  0.000000E+00  0.000000E+00  0.107789E+05
  0.302627E+00  0.103750E+05  0.742941E+04  0.000000E+00  0.000000E+00  0.000000E+00  0.102822E+05
  0.312884E+00  0.989433E+04  0.708543E+04  0.000000E+00  0.000000E+00  0.000000E+00  0.980586E+04
  0.323490E+00  0.943409E+04  0.675766E+04  0.000000E+00  0.000000E+00  0.000000E+00  0.934980E+04
  0.334454E+00  0.899289E+04  0.644246E+04  0.000000E+00  0.000000E+00  0.000000E+00  0.891256E+04
  0.345791E+00  0.857047E+04  0.613951E+04  0.000000E+00  0.000000E+00  0.000000E+00  0.849390E+04
  0.357512E+00  0.816586E+04  0.584925E+04  0.000000E+00  0.000000E+00  0.000000E+00  0.809289E+04
  0.369629E+00  0.777875E+04  0.557215E+04  0.000000E+00  0.000000E+00  0.000000E+00  0.770925E+04
  0.382158E+00  0.740821E+04  0.530697E+04  0.000000E+00  0.000000E+00  0.000000E+00  0.734203E+04
  0.395111E+00  0.705396E+04  0.505327E+04  0.000000E+00  0.000000E+00  0.000000E+00  0.699094E+04
  0.408504E+00  0.671503E+04  0.481044E+04  0.000000E+00  0.000000E+00  0.000000E+00  0.665505E+04
  0.422350E+00  0.639129E+04  0.457865E+04  0.000000E+00  0.000000E+00  0.000000E+00  0.633420E+04
  0.436666E+00  0.608178E+04  0.435698E+04  0.000000E+00  0.000000E+00  0.000000E+00  0.602745E+04
  0.451466E+00  0.578623E+04  0.414528E+04  0.000000E+00  0.000000E+00  0.000000E+00  0.573455E+04
  0.466769E+00  0.550398E+04  0.394311E+04  0.000000E+00  0.000000E+00  0.000000E+00  0.545482E+04
  0.482590E+00  0.523445E+04  0.375007E+04  0.000000E+00  0.000000E+00  0.000000E+00  0.518769E+04
  0.498948E+00  0.497725E+04  0.356585E+04  0.000000E+00  0.000000E+00  0.000000E+00  0.493279E+04
  0.515859E+00  0.473179E+04  0.339003E+04  0.000000E+00  0.000000E+00  0.000000E+00  0.468953E+04
  0.533344E+00  0.449754E+04  0.322223E+04  0.000000E+00  0.000000E+00  0.000000E+00  0.445737E+04
  0.551422E+00  0.427411E+04  0.306219E+04  0.000000E+00  0.000000E+00  0.000000E+00  0.423594E+04
  0.570113E+00  0.406105E+04  0.290957E+04  0.000000E+00  0.000000E+00  0.000000E+00  0.402478E+04
  0.589437E+00  0.385790E+04  0.276405E+04  0.000000E+00  0.000000E+00  0.000000E+00  0.382345E+04
  0.609416E+00  0.366426E+04  0.262534E+04  0.000000E+00  0.000000E+00  0.000000E+00  0.363154E+04
  0.630072E+00  0.347974E+04  0.249316E+04  0.000000E+00  0.000000E+00  0.000000E+00  0.344867E+04
  0.651428E+00  0.330399E+04  0.236725E+04  0.000000E+00  0.000000E+00  0.000000E+00  0.327448E+04
  0.673509E+00  0.313662E+04  0.224735E+04  0.000000E+00  0.000000E+00  0.000000E+00  0.310861E+04
  0.696337E+00  0.297728E+04  0.213321E+04  0.000000E+00  0.000000E+00  0.000000E+00  0.295070E+04
  0.719940E+00  0.282561E+04  0.202455E+04  0.000000E+00  0.000000E+00  0.000000E+00  0.280038E+04
  0.744342E+00  0.268125E+04  0.192113E+04  0.000000E+00  0.000000E+00  0.000000E+00  0.265731E+04
  0.769572E+00  0.254386E+04  0.182271E+04  0.000000E+00  0.000000E+00  0.000000E+00  0.252114E+04
  0.795656E+00  0.241312E+04  0.172905E+04  0.000000E+00  0.000000E+00  0.000000E+00  0.239158E+04
  0.822625E+00  0.228874E+04  0.163994E+04  0.000000E+00  0.000000E+00  0.000000E+00  0.226831E+04
  0.850508E+00  0.217045E+04  0.155519E+04  0.000000E+00  0.000000E+00  0.000000E+00  0.215107E+04
  0.879336E+00  0.205796E+04  0.147460E+04  0.000000E+00  0.000000E+00  0.000000E+00  0.203959E+04
  0.909141E+00  0.195105E+04  0.139800E+04  0.000000E+00  0.000000E+00  0.000000E+00  0.193363E+04
  0.939957E+00  0.184946E+04  0.132521E+04  0.000000E+00  0.000000E+00  0.000000E+00  0.183294E+04
  0.971817E+00  0.175291E+04  0.125604E+04  0.000000E+00  0.000000E+00  0.000000E+00  0.173726E+04
  0.100476E+01  0.166117E+04  0.119031E+04  0.000000E+00  0.000000E+00  0.000000E+00  0.164634E+04
  0.103881E+01  0.157402E+04  0.112787E+04  0.000000E+00  0.000000E+00  0.000000E+00  0.155997E+04
  0.107402E+01  0.149123E+04  0.106855E+04  0.000000E+00  0.000000E+00  0.000000E+00  0.147792E+04
  0.111043E+01  0.141263E+04  0.101224E+04  0.000000E+00  0.000000E+00  0.000000E+00  0.140002E+04
  0.114807E+01  0.133801E+04  0.958769E+03  0.000000E+00  0.000000E+00  0.000000E+00  0.132606E+04
  0.118698E+01  0.126718E+04  0.908024E+03  0.000000E+00  0.000000E+00  0.000000E+00  0.125587E+04
  0.122721E+01  0.119996E+04  0.859857E+03  0.000000E+00  0.000000E+00  0.000000E+00  0.118925E+04
  0.126881E+01  0.113615E+04  0.814140E+03  0.000000E+00  0.000000E+00  0.000000E+00  0.112601E+04
  0.131182E+01  0.107561E+04  0.770763E+03  0.000000E+00  0.000000E+00  0.000000E+00  0.106601E+04
  0.135628E+01  0.101819E+04  0.729615E+03  0.000000E+00  0.000000E+00  0.000000E+00  0.100910E+04
  0.140225E+01  0.963719E+03  0.690588E+03  0.000000E+00  0.000000E+00  0.000000E+00  0.955116E+03
  0.144978E+01  0.912059E+03  0.653572E+03  0.000000E+00  0.000000E+00  0.000000E+00  0.903918E+03
  0.149892E+01  0.863068E+03  0.618468E+03  0.000000E+00  0.000000E+00  0.000000E+00  0.855365E+03
  0.154973E+01  0.816618E+03  0.585185E+03  0.000000E+00  0.000000E+00  0.000000E+00  0.809329E+03
  0.160226E+01  0.772585E+03  0.553633E+03  0.000000E+00  0.000000E+00  0.000000E+00  0.765689E+03
  0.165656E+01  0.730852E+03  0.523729E+03  0.000000E+00  0.000000E+00  0.000000E+00  0.724328E+03
  0.171271E+01  0.691297E+03  0.495386E+03  0.000000E+00  0.000000E+00  0.000000E+00  0.685127E+03
  0.177077E+01  0.653817E+03  0.468529E+03  0.000000E+00  0.000000E+00  0.000000E+00  0.647981E+03
  0.183079E+01  0.618308E+03  0.443085E+03  0.000000E+00  0.000000E+00  0.000000E+00  0.612789E+03
  0.189284E+01  0.584671E+03  0.418981E+03  0.000000E+00  0.000000E+00  0.000000E+00  0.579452E+03
  0.195700E+01  0.552808E+03  0.396150E+03  0.000000E+00  0.000000E+00  0.000000E+00  0.547874E+03
  0.202333E+01  0.522635E+03  0.374528E+03  0.000000E+00  0.000000E+00  0.000000E+00  0.517970E+03
  0.209191E+01  0.494061E+03  0.354053E+03  0.000000E+00  0.000000E+00  0.000000E+00  0.489651E+03
  0.216282E+01  0.467006E+03  0.334666E+03  0.000000E+00  0.000000E+00  0.000000E+00  0.462838E+03
  0.223613E+01  0.441391E+03  0.316310E+03  0.000000E+00  0.000000E+00  0.000000E+00  0.437451E+03
  0.231192E+01  0.417142E+03  0.298934E+03  0.000000E+00  0.000000E+00  0.000000E+00  0.413419E+03
  0.239028E+01  0.394190E+03  0.282487E+03  0.000000E+00  0.000000E+00  0.000000E+00  0.390672E+03
  0.247130E+01  0.372467E+03  0.266920E+03  0.000000E+00  0.000000E+00  0.000000E+00  0.369143E+03
  0.255507E+01  0.351911E+03  0.252189E+03  0.000000E+00  0.000000E+00  0.000000E+00  0.348770E+03
  0.264167E+01  0.332460E+03  0.238251E+03  0.000000E+00  0.000000E+00  0.000000E+00  0.329493E+03
  0.273121E+01  0.314059E+03  0.225065E+03  0.000000E+00  0.000000E+00  0.000000E+00  0.311256E+03
  0.282379E+01  0.296652E+03  0.212590E+03  0.000000E+00  0.000000E+00  0.000000E+00  0.294004E+03
  0.291950E+01  0.280188E+03  0.200792E+03  0.000000E+00  0.000000E+00  0.000000E+00  0.277687E+03
  0.301846E+01  0.264616E+03  0.189633E+03  0.000000E+00  0.000000E+00  0.000000E+00  0.262254E+03
  0.312077E+01  0.249890E+03  0.179080E+03  0.000000E+00  0.000000E+00  0.000000E+00  0.247660E+03
  0.322655E+01  0.235965E+03  0.169101E+03  0.000000E+00  0.000000E+00  0.000000E+00  0.233859E+03
  0.333591E+01  0.222798E+03  0.159666E+03  0.000000E+00  0.000000E+00  0.000000E+00  0.220810E+03
  0.344898E+01  0.210350E+03  0.150745E+03  0.000000E+00  0.000000E+00  0.000000E+00  0.208472E+03
  0.356588E+01  0.198582E+03  0.142312E+03  0.000000E+00  0.000000E+00  0.000000E+00  0.196809E+03
  0.368675E+01  0.187458E+03  0.134340E+03  0.000000E+00  0.000000E+00  0.000000E+00  0.185785E+03
  0.381172E+01  0.176944E+03  0.126805E+03  0.000000E+00  0.000000E+00  0.000000E+00  0.175365E+03
  0.394091E+01  0.167009E+03  0.119686E+03  0.000000E+00  0.000000E+00  0.000000E+00  0.165518E+03
  0.407449E+01  0.157620E+03  0.112958E+03  0.000000E+00  0.000000E+00  0.000000E+00  0.156214E+03
  0.421259E+01  0.148750E+03  0.106601E+03  0.000000E+00  0.000000E+00  0.000000E+00  0.147422E+03
  0.435538E+01  0.140369E+03  0.100594E+03  0.000000E+00  0.000000E+00  0.000000E+00  0.139116E+03
  0.450301E+01  0.132451E+03  0.949198E+02  0.000000E+00  0.000000E+00  0.000000E+00  0.131269E+03
  0.465564E+01  0.124970E+03  0.895591E+02  0.000000E+00  0.000000E+00  0.000000E+00  0.123855E+03
  0.481344E+01  0.117905E+03  0.844955E+02  0.000000E+00  0.000000E+00  0.000000E+00  0.116852E+03
  0.497659E+01  0.111231E+03  0.797128E+02  0.000000E+00  0.000000E+00  0.000000E+00  0.110238E+03
  0.514527E+01  0.104929E+03  0.751962E+02  0.000000E+00  0.000000E+00  0.000000E+00  0.103992E+03
  0.531968E+01  0.989774E+02  0.709312E+02  0.000000E+00  0.000000E+00  0.000000E+00  0.980941E+02
  0.549998E+01  0.933581E+02  0.669040E+02  0.000000E+00  0.000000E+00  0.000000E+00  0.925249E+02
  0.568641E+01  0.880523E+02  0.631016E+02  0.000000E+00  0.000000E+00  0.000000E+00  0.872664E+02
  0.587915E+01  0.830429E+02  0.595115E+02  0.000000E+00  0.000000E+00  0.000000E+00  0.823018E+02
  0.607843E+01  0.783134E+02  0.561221E+02  0.000000E+00  0.000000E+00  0.000000E+00  0.776145E+02
  0.628446E+01  0.738488E+02  0.529224E+02  0.000000E+00  0.000000E+00  0.000000E+00  0.731897E+02
  0.649747E+01  0.696348E+02  0.499024E+02  0.000000E+00  0.000000E+00  0.000000E+00  0.690133E+02
  0.671770E+01  0.656575E+02  0.470520E+02  0.000000E+00  0.000000E+00  0.000000E+00  0.650715E+02
  0.694539E+01  0.619041E+02  0.443620E+02  0.000000E+00  0.000000E+00  0.000000E+00  0.613516E+02
  0.718081E+01  0.583620E+02  0.418235E+02  0.000000E+00  0.000000E+00  0.000000E+00  0.578411E+02
  0.742420E+01  0.550195E+02  0.394280E+02  0.000000E+00  0.000000E+00  0.000000E+00  0.545284E+02
  0.767585E+01  0.518653E+02  0.371674E+02  0.000000E+00  0.000000E+00  0.000000E+00  0.514024E+02
  0.793602E+01  0.488893E+02  0.350346E+02  0.000000E+00  0.000000E+00  0.000000E+00  0.484529E+02
  0.820502E+01  0.460816E+02  0.330223E+02  0.000000E+00  0.000000E+00  0.000000E+00  0.456702E+02
  0.848312E+01  0.434330E+02  0.311241E+02  0.000000E+00  0.000000E+00  0.000000E+00  0.430453E+02
  0.877066E+01  0.409345E+02  0.293335E+02  0.000000E+00  0.000000E+00  0.000000E+00  0.405692E+02
  0.906794E+01  0.385779E+02  0.276445E+02  0.000000E+00  0.000000E+00  0.000000E+00  0.382335E+02
  0.937530E+01  0.363548E+02  0.260513E+02  0.000000E+00  0.000000E+00  0.000000E+00  0.360303E+02
  0.969308E+01  0.342582E+02  0.245486E+02  0.000000E+00  0.000000E+00  0.000000E+00  0.339524E+02
  0.100216E+02  0.322808E+02  0.231314E+02  0.000000E+00  0.000000E+00  0.000000E+00  0.319926E+02
  0.103613E+02  0.304162E+02  0.217951E+02  0.000000E+00  0.000000E+00  0.000000E+00  0.301447E+02
  0.107125E+02  0.286580E+02  0.205350E+02  0.000000E+00  0.000000E+00  0.000000E+00  0.284022E+02
  0.110756E+02  0.270001E+02  0.193467E+02  0.000000E+00  0.000000E+00  0.000000E+00  0.267590E+02
  0.114510E+02  0.254368E+02  0.182263E+02  0.000000E+00  0.000000E+00  0.000000E+00  0.252097E+02
  0.118392E+02  0.239629E+02  0.171699E+02  0.000000E+00  0.000000E+00  0.000000E+00  0.237489E+02
  0.122404E+02  0.225734E+02  0.161741E+02  0.000000E+00  0.000000E+00  0.000000E+00  0.223718E+02
  0.126553E+02  0.212635E+02  0.152353E+02  0.000000E+00  0.000000E+00  0.000000E+00  0.210737E+02
  0.130843E+02  0.200288E+02  0.143503E+02  0.000000E+00  0.000000E+00  0.000000E+00  0.198500E+02
  0.135278E+02  0.188649E+02  0.135161E+02  0.000000E+00  0.000000E+00  0.000000E+00  0.186964E+02
  0.139863E+02  0.177678E+02  0.127298E+02  0.000000E+00  0.000000E+00  0.000000E+00  0.176091E+02
  0.144604E+02  0.167338E+02  0.119887E+02  0.000000E+00  0.000000E+00  0.000000E+00  0.165843E+02
  0.149505E+02  0.157594E+02  0.112903E+02  0.000000E+00  0.000000E+00  0.000000E+00  0.156186E+02
  0.154573E+02  0.148410E+02  0.106321E+02  0.000000E+00  0.000000E+00  0.000000E+00  0.147084E+02
  0.159812E+02  0.139755E+02  0.100118E+02  0.000000E+00  0.000000E+00  0.000000E+00  0.138507E+02
  0.165229E+02  0.131600E+02  0.942727E+01  0.000000E+00  0.000000E+00  0.000000E+00  0.130424E+02
  0.170829E+02  0.123916E+02  0.887651E+01  0.000000E+00  0.000000E+00  0.000000E+00  0.122809E+02
  0.176619E+02  0.116676E+02  0.835760E+01  0.000000E+00  0.000000E+00  0.000000E+00  0.115634E+02
  0.182606E+02  0.109854E+02  0.786864E+01  0.000000E+00  0.000000E+00  0.000000E+00  0.108873E+02
  0.188795E+02  0.103427E+02  0.740798E+01  0.000000E+00  0.000000E+00  0.000000E+00  0.102503E+02
  0.195195E+02  0.973725E+01  0.697401E+01  0.000000E+00  0.000000E+00  0.000000E+00  0.965022E+01
  0.201811E+02  0.916691E+01  0.656520E+01  0.000000E+00  0.000000E+00  0.000000E+00  0.908496E+01
  0.208651E+02  0.862960E+01  0.618008E+01  0.000000E+00  0.000000E+00  0.000000E+00  0.855245E+01
  0.215723E+02  0.812348E+01  0.581731E+01  0.000000E+00  0.000000E+00  0.000000E+00  0.805084E+01
  0.223035E+02  0.764676E+01  0.547561E+01  0.000000E+00  0.000000E+00  0.000000E+00  0.757838E+01
  0.230595E+02  0.719778E+01  0.515379E+01  0.000000E+00  0.000000E+00  0.000000E+00  0.713340E+01
  0.238411E+02  0.677488E+01  0.485066E+01  0.000000E+00  0.000000E+00  0.000000E+00  0.671428E+01
  0.246492E+02  0.637661E+01  0.456518E+01  0.000000E+00  0.000000E+00  0.000000E+00  0.631956E+01
  0.254847E+02  0.600154E+01  0.429634E+01  0.000000E+00  0.000000E+00  0.000000E+00  0.594783E+01
  0.263485E+02  0.564833E+01  0.404316E+01  0.000000E+00  0.000000E+00  0.000000E+00  0.559778E+01
  0.272416E+02  0.531572E+01  0.380474E+01  0.000000E+00  0.000000E+00  0.000000E+00  0.526813E+01
  0.281650E+02  0.500252E+01  0.358023E+01  0.000000E+00  0.000000E+00  0.000000E+00  0.495773E+01
  0.291196E+02  0.470763E+01  0.336885E+01  0.000000E+00  0.000000E+00  0.000000E+00  0.466547E+01
  0.301066E+02  0.442996E+01  0.316981E+01  0.000000E+00  0.000000E+00  0.000000E+00  0.439027E+01
  0.311271E+02  0.416853E+01  0.298240E+01  0.000000E+00  0.000000E+00  0.000000E+00  0.413117E+01
  0.321822E+02  0.392240E+01  0.280597E+01  0.000000E+00  0.000000E+00  0.000000E+00  0.388724E+01
  0.332730E+02  0.369069E+01  0.263986E+01  0.000000E+00  0.000000E+00  0.000000E+00  0.365759E+01
  0.344008E+02  0.347254E+01  0.248348E+01  0.000000E+00  0.000000E+00  0.000000E+00  0.344139E+01
  0.355668E+02  0.326719E+01  0.233627E+01  0.000000E+00  0.000000E+00  0.000000E+00  0.323787E+01
  0.367723E+02  0.307388E+01  0.219769E+01  0.000000E+00  0.000000E+00  0.000000E+00  0.304629E+01
  0.380187E+02  0.289192E+01  0.206725E+01  0.000000E+00  0.000000E+00  0.000000E+00  0.286595E+01
  0.393074E+02  0.272065E+01  0.194446E+01  0.000000E+00  0.000000E+00  0.000000E+00  0.269620E+01
  0.406397E+02  0.255944E+01  0.182889E+01  0.000000E+00  0.000000E+00  0.000000E+00  0.253643E+01
  0.420172E+02  0.240771E+01  0.172011E+01  0.000000E+00  0.000000E+00  0.000000E+00  0.238605E+01
  0.434414E+02  0.226491E+01  0.161773E+01  0.000000E+00  0.000000E+00  0.000000E+00  0.224452E+01
  0.449138E+02  0.213051E+01  0.152137E+01  0.000000E+00  0.000000E+00  0.000000E+00  0.211132E+01
  0.464362E+02  0.200403E+01  0.143069E+01  0.000000E+00  0.000000E+00  0.000000E+00  0.198597E+01
  0.480101E+02  0.188500E+01  0.134535E+01  0.000000E+00  0.000000E+00  0.000000E+00  0.186801E+01
  0.496375E+02  0.177299E+01  0.126504E+01  0.000000E+00  0.000000E+00  0.000000E+00  0.175699E+01
  0.513199E+02  0.166759E+01  0.118947E+01  0.000000E+00  0.000000E+00  0.000000E+00  0.165253E+01
  0.530594E+02  0.156841E+01  0.111835E+01  0.000000E+00  0.000000E+00  0.000000E+00  0.155424E+01
  0.548579E+02  0.147509E+01  0.105143E+01  0.000000E+00  0.000000E+00  0.000000E+00  0.146175E+01
  0.567173E+02  0.138728E+01  0.988468E+00  0.000000E+00  0.000000E+00  0.000000E+00  0.137472E+01
  0.586397E+02  0.130466E+01  0.929224E+00  0.000000E+00  0.000000E+00  0.000000E+00  0.129284E+01
  0.606273E+02  0.122693E+01  0.873482E+00  0.000000E+00  0.000000E+00  0.000000E+00  0.121580E+01
  0.626823E+02  0.115380E+01  0.821038E+00  0.000000E+00  0.000000E+00  0.000000E+00  0.114332E+01
  0.648069E+02  0.108500E+01  0.771696E+00  0.000000E+00  0.000000E+00  0.000000E+00  0.107513E+01
  0.670036E+02  0.102028E+01  0.725275E+00  0.000000E+00  0.000000E+00  0.000000E+00  0.101098E+01
  0.692747E+02  0.959387E+00  0.681605E+00  0.000000E+00  0.000000E+00  0.000000E+00  0.950638E+00
  0.716227E+02  0.902108E+00  0.640522E+00  0.000000E+00  0.000000E+00  0.000000E+00  0.893869E+00
  0.740504E+02  0.848227E+00  0.601875E+00  0.000000E+00  0.000000E+00  0.000000E+00  0.840468E+00
  0.765604E+02  0.797543E+00  0.565519E+00  0.000000E+00  0.000000E+00  0.000000E+00  0.790235E+00
  0.791553E+02  0.749870E+00  0.531321E+00  0.000000E+00  0.000000E+00  0.000000E+00  0.742986E+00
  0.818384E+02  0.705028E+00  0.499153E+00  0.000000E+00  0.000000E+00  0.000000E+00  0.698544E+00
  0.846122E+02  0.662851E+00  0.468895E+00  0.000000E+00  0.000000E+00  0.000000E+00  0.656742E+00
  0.874802E+02  0.623182E+00  0.440435E+00  0.000000E+00  0.000000E+00  0.000000E+00  0.617426E+00
  0.904453E+02  0.585873E+00  0.413666E+00  0.000000E+00  0.000000E+00  0.000000E+00  0.580449E+00
  0.935109E+02  0.550785E+00  0.388490E+00  0.000000E+00  0.000000E+00  0.000000E+00  0.545673E+00
  0.966806E+02  0.517783E+00  0.364809E+00  0.000000E+00  0.000000E+00  0.000000E+00  0.512965E+00
  0.999576E+02  0.486749E+00  0.342539E+00  0.000000E+00  0.000000E+00  0.000000E+00  0.482207E+00
  0.103346E+03  0.457565E+00  0.321595E+00  0.000000E+00  0.000000E+00  0.000000E+00  0.453282E+00
  0.106849E+03  0.430118E+00  0.301896E+00  0.000000E+00  0.000000E+00  0.000000E+00  0.426080E+00
  0.110470E+03  0.404310E+00  0.283373E+00  0.000000E+00  0.000000E+00  0.000000E+00  0.400501E+00
  0.114215E+03  0.380042E+00  0.265953E+00  0.000000E+00  0.000000E+00  0.000000E+00  0.376448E+00
  0.118086E+03  0.357222E+00  0.249572E+00  0.000000E+00  0.000000E+00  0.000000E+00  0.353831E+00
  0.122089E+03  0.335763E+00  0.234167E+00  0.000000E+00  0.000000E+00  0.000000E+00  0.332564E+00
  0.126227E+03  0.315588E+00  0.219682E+00  0.000000E+00  0.000000E+00  0.000000E+00  0.312567E+00
  0.130505E+03  0.296618E+00  0.206062E+00  0.000000E+00  0.000000E+00  0.000000E+00  0.293766E+00
  0.134928E+03  0.278782E+00  0.193255E+00  0.000000E+00  0.000000E+00  0.000000E+00  0.276089E+00
  0.139502E+03  0.262012E+00  0.181213E+00  0.000000E+00  0.000000E+00  0.000000E+00  0.259468E+00
  0.144230E+03  0.246247E+00  0.169891E+00  0.000000E+00  0.000000E+00  0.000000E+00  0.243842E+00
  0.149119E+03  0.231424E+00  0.159246E+00  0.000000E+00  0.000000E+00  0.000000E+00  0.229151E+00
  0.154173E+03  0.217490E+00  0.149238E+00  0.000000E+00  0.000000E+00  0.000000E+00  0.215340E+00
  0.159399E+03  0.204389E+00  0.139828E+00  0.000000E+00  0.000000E+00  0.000000E+00  0.202356E+00
  0.164802E+03  0.192074E+00  0.130983E+00  0.000000E+00  0.000000E+00  0.000000E+00  0.190150E+00
  0.170388E+03  0.180497E+00  0.122667E+00  0.000000E+00  0.000000E+00  0.000000E+00  0.178675E+00
  0.176164E+03  0.169614E+00  0.114849E+00  0.000000E+00  0.000000E+00  0.000000E+00  0.167889E+00
  0.182135E+03  0.159384E+00  0.107501E+00  0.000000E+00  0.000000E+00  0.000000E+00  0.157750E+00
  0.188308E+03  0.149768E+00  0.100593E+00  0.000000E+00  0.000000E+00  0.000000E+00  0.148219E+00
  0.194691E+03  0.140729E+00  0.941005E-01  0.000000E+00  0.000000E+00  0.000000E+00  0.139260E+00
  0.201290E+03  0.132232E+00  0.879979E-01  0.000000E+00  0.000000E+00  0.000000E+00  0.130839E+00
