  0.108800E-04  0.357291E+07  0.357291E+07  0.476345E+07  0.476345E+07  0.000000E+00  0.357291E+07
  0.112487E-04  0.357291E+07  0.357291E+07  0.476342E+07  0.476342E+07  0.000000E+00  0.357291E+07
  0.116300E-04  0.357291E+07  0.357291E+07  0.476339E+07  0.476339E+07  0.000000E+00  0.357291E+07
  0.120242E-04  0.357291E+07  0.357291E+07  0.476336E+07  0.476335E+07  0.000000E+00  0.357291E+07
  0.124318E-04  0.357291E+07  0.357291E+07  0.476332E+07  0.476332E+07  0.000000E+00  0.357291E+07
  0.128531E-04  0.357291E+07  0.357291E+07  0.476328E+07  0.476328E+07  0.000000E+00  0.357291E+07
  0.132888E-04  0.357291E+07  0.357291E+07  0.476324E+07  0.476323E+07  0.000000E+00  0.357291E+07
  0.137392E-04  0.357291E+07  0.357291E+07  0.476319E+07  0.476319E+07  0.000000E+00  0.357291E+07
  0.142049E-04  0.357291E+07  0.357291E+07  0.476315E+07  0.476314E+07  0.000000E+00  0.357291E+07
  0.146864E-04  0.357291E+07  0.357291E+07  0.476309E+07  0.476309E+07  0.000000E+00  0.357291E+07
  0.151842E-04  0.357291E+07  0.357291E+07  0.476304E+07  0.476303E+07  0.000000E+00  0.357291E+07
  0.156989E-04  0.357291E+07  0.357291E+07  0.476298E+07  0.476297E+07  0.000000E+00  0.357291E+07
  0.162310E-04  0.357291E+07  0.357291E+07  0.476292E+07  0.476291E+07  0.000000E+00  0.357291E+07
  0.167811E-04  0.357291E+07  0.357291E+07  0.476285E+07  0.476284E+07  0.000000E+00  0.357291E+07
  0.173499E-04  0.357291E+07  0.357291E+07  0.476278E+07  0.476277E+07  0.000000E+00  0.357291E+07
  0.179380E-04  0.357291E+07  0.357291E+07  0.476270E+07  0.476269E+07  0.000000E+00  0.357291E+07
  0.185460E-04  0.357291E+07  0.357291E+07  0.476262E+07  0.476261E+07  0.000000E+00  0.357291E+07
  0.191746E-04  0.357291E+07  0.357291E+07  0.476253E+07  0.476252E+07  0.000000E+00  0.357291E+07
  0.198246E-04  0.357291E+07  0.357291E+07  0.476244E+07  0.476243E+07  0.000000E+00  0.357291E+07
  0.204965E-04  0.357291E+07  0.357291E+07  0.476234E+07  0.476233E+07  0.000000E+00  0.357291E+07
  0.211913E-04  0.357291E+07  0.357290E+07  0.476223E+07  0.476222E+07  0.000000E+00  0.357291E+07
  0.219095E-04  0.357290E+07  0.357290E+07  0.476212E+07  0.476210E+07  0.000000E+00  0.357290E+07
  0.226522E-04  0.357290E+07  0.357290E+07  0.476200E+07  0.476198E+07  0.000000E+00  0.357290E+07
  0.234200E-04  0.357290E+07  0.357290E+07  0.476187E+07  0.476185E+07  0.000000E+00  0.357290E+07
  0.242138E-04  0.357290E+07  0.357290E+07  0.476173E+07  0.476171E+07  0.000000E+00  0.357290E+07
  0.250345E-04  0.357290E+07  0.357290E+07  0.476158E+07  0.476156E+07  0.000000E+00  0.357290E+07
  0.258831E-04  0.357290E+07  0.357290E+07  0.476142E+07  0.476140E+07  0.000000E+00  0.357290E+07
  0.267604E-04  0.357290E+07  0.357290E+07  0.476125E+07  0.476123E+07  0.000000E+00  0.357290E+07
  0.276674E-04  0.357290E+07  0.357290E+07  0.476107E+07  0.476104E+07  0.000000E+00  0.357290E+07
  0.286052E-04  0.357289E+07  0.357289E+07  0.476087E+07  0.476085E+07  0.000000E+00  0.357289E+07
  0.295748E-04  0.357289E+07  0.357289E+07  0.476066E+07  0.476064E+07  0.000000E+00  0.357289E+07
  0.305772E-04  0.357289E+07  0.357289E+07  0.476044E+07  0.476041E+07  0.000000E+00  0.357289E+07
  0.316136E-04  0.357289E+07  0.357289E+07  0.476020E+07  0.476017E+07  0.000000E+00  0.357289E+07
  0.326852E-04  0.357289E+07  0.357289E+07  0.475995E+07  0.475992E+07  0.000000E+00  0.357289E+07
  0.337931E-04  0.357289E+07  0.357289E+07  0.475968E+07  0.475964E+07  0.000000E+00  0.357289E+07
  0.349385E-04  0.357288E+07  0.357288E+07  0.475939E+07  0.475935E+07  0.000000E+00  0.357288E+07
  0.361227E-04  0.357288E+07  0.357288E+07  0.475908E+07  0.475904E+07  0.000000E+00  0.357288E+07
  0.373471E-04  0.357288E+07  0.357288E+07  0.475875E+07  0.475870E+07  0.000000E+00  0.357288E+07
  0.386130E-04  0.357288E+07  0.357288E+07  0.475839E+07  0.475835E+07  0.000000E+00  0.357288E+07
  0.399218E-04  0.357287E+07  0.357287E+07  0.475801E+07  0.475796E+07  0.000000E+00  0.357287E+07
  0.412749E-04  0.357287E+07  0.357287E+07  0.475761E+07  0.475756E+07  0.000000E+00  0.357287E+07
  0.426740E-04  0.357287E+07  0.357287E+07  0.475718E+07  0.475712E+07  0.000000E+00  0.357287E+07
  0.441204E-04  0.357286E+07  0.357286E+07  0.475671E+07  0.475665E+07  0.000000E+00  0.357286E+07
  0.456159E-04  0.357286E+07  0.357286E+07  0.475622E+07  0.475615E+07  0.000000E+00  0.357286E+07
  0.471620E-04  0.357286E+07  0.357285E+07  0.475569E+07  0.475562E+07  0.000000E+00  0.357286E+07
  0.487606E-04  0.357285E+07  0.357285E+07  0.475512E+07  0.475505E+07  0.000000E+00  0.357285E+07
  0.504133E-04  0.357285E+07  0.357285E+07  0.475452E+07  0.475444E+07  0.000000E+00  0.357285E+07
  0.521221E-04  0.357284E+07  0.357284E+07  0.475388E+07  0.475379E+07  0.000000E+00  0.357284E+07
  0.538888E-04  0.357284E+07  0.357284E+07  0.475319E+07  0.475310E+07  0.000000E+00  0.357284E+07
  0.557153E-04  0.357283E+07  0.357283E+07  0.475245E+07  0.475235E+07  0.000000E+00  0.357283E+07
  0.576038E-04  0.357282E+07  0.357282E+07  0.475166E+07  0.475156E+07  0.000000E+00  0.357282E+07
  0.595563E-04  0.357282E+07  0.357282E+07  0.475082E+07  0.475071E+07  0.000000E+00  0.357282E+07
  0.615750E-04  0.357281E+07  0.357281E+07  0.474992E+07  0.474980E+07  0.000000E+00  0.357281E+07
  0.636621E-04  0.357280E+07  0.357280E+07  0.474896E+07  0.474883E+07  0.000000E+00  0.357280E+07
  0.658199E-04  0.357280E+07  0.357280E+07  0.474793E+07  0.474780E+07  0.000000E+00  0.357280E+07
  0.680509E-04  0.357279E+07  0.357279E+07  0.474683E+07  0.474669E+07  0.000000E+00  0.357279E+07
  0.703575E-04  0.357278E+07  0.357278E+07  0.474566E+07  0.474551E+07  0.000000E+00  0.357278E+07
  0.727422E-04  0.357277E+07  0.357277E+07  0.474440E+07  0.474424E+07  0.000000E+00  0.357277E+07
  0.752079E-04  0.357276E+07  0.357276E+07  0.474306E+07  0.474289E+07  0.000000E+00  0.357276E+07
  0.777570E-04  0.357275E+07  0.357275E+07  0.474163E+07  0.474144E+07  0.000000E+00  0.357275E+07
  0.803926E-04  0.357274E+07  0.357273E+07  0.474010E+07  0.473990E+07  0.000000E+00  0.357274E+07
  0.831175E-04  0.357272E+07  0.357272E+07  0.473846E+07  0.473825E+07  0.000000E+00  0.357272E+07
  0.859348E-04  0.357271E+07  0.357271E+07  0.473671E+07  0.473649E+07  0.000000E+00  0.357271E+07
  0.888476E-04  0.357269E+07  0.357269E+07  0.473484E+07  0.473460E+07  0.000000E+00  0.357269E+07
  0.918591E-04  0.357268E+07  0.357268E+07  0.473285E+07  0.473259E+07  0.000000E+00  0.357268E+07
  0.949726E-04  0.357266E+07  0.357266E+07  0.473071E+07  0.473044E+07  0.000000E+00  0.357266E+07
  0.981917E-04  0.357265E+07  0.357264E+07  0.472844E+07  0.472814E+07  0.000000E+00  0.357265E+07
  0.101520E-03  0.357263E+07  0.357263E+07  0.472600E+07  0.472569E+07  0.000000E+00  0.357263E+07
  0.104961E-03  0.357261E+07  0.357261E+07  0.472340E+07  0.472307E+07  0.000000E+00  0.357261E+07
  0.108519E-03  0.357259E+07  0.357258E+07  0.472062E+07  0.472026E+07  0.000000E+00  0.357258E+07
  0.112197E-03  0.357256E+07  0.357256E+07  0.471765E+07  0.471727E+07  0.000000E+00  0.357256E+07
  0.116000E-03  0.357254E+07  0.357254E+07  0.471448E+07  0.471407E+07  0.000000E+00  0.357254E+07
  0.119932E-03  0.357251E+07  0.357251E+07  0.471109E+07  0.471066E+07  0.000000E+00  0.357251E+07
  0.123997E-03  0.357248E+07  0.357248E+07  0.470747E+07  0.470701E+07  0.000000E+00  0.357248E+07
  0.128200E-03  0.357245E+07  0.357245E+07  0.470360E+07  0.470311E+07  0.000000E+00  0.357245E+07
  0.132545E-03  0.357242E+07  0.357242E+07  0.469947E+07  0.469894E+07  0.000000E+00  0.357242E+07
  0.137038E-03  0.357239E+07  0.357239E+07  0.469506E+07  0.469450E+07  0.000000E+00  0.357239E+07
  0.141683E-03  0.357235E+07  0.357235E+07  0.469035E+07  0.468975E+07  0.000000E+00  0.357235E+07
  0.146485E-03  0.357231E+07  0.357231E+07  0.468532E+07  0.468468E+07  0.000000E+00  0.357231E+07
  0.151450E-03  0.357227E+07  0.357227E+07  0.467995E+07  0.467926E+07  0.000000E+00  0.357227E+07
  0.156583E-03  0.357223E+07  0.357222E+07  0.467421E+07  0.467348E+07  0.000000E+00  0.357223E+07
  0.161891E-03  0.357218E+07  0.357218E+07  0.466809E+07  0.466731E+07  0.000000E+00  0.357218E+07
  0.167378E-03  0.357213E+07  0.357212E+07  0.466155E+07  0.466072E+07  0.000000E+00  0.357213E+07
  0.173051E-03  0.357207E+07  0.357207E+07  0.465457E+07  0.465368E+07  0.000000E+00  0.357207E+07
  0.178917E-03  0.357202E+07  0.357201E+07  0.464712E+07  0.464618E+07  0.000000E+00  0.357201E+07
  0.184981E-03  0.357195E+07  0.357195E+07  0.463917E+07  0.463816E+07  0.000000E+00  0.357195E+07
  0.191251E-03  0.357189E+07  0.357188E+07  0.463068E+07  0.462961E+07  0.000000E+00  0.357189E+07
  0.197734E-03  0.357182E+07  0.357181E+07  0.462163E+07  0.462049E+07  0.000000E+00  0.357182E+07
  0.204436E-03  0.357174E+07  0.357174E+07  0.461197E+07  0.461075E+07  0.000000E+00  0.357174E+07
  0.211366E-03  0.357166E+07  0.357165E+07  0.460167E+07  0.460036E+07  0.000000E+00  0.357166E+07
  0.218530E-03  0.357157E+07  0.357157E+07  0.459068E+07  0.458929E+07  0.000000E+00  0.357157E+07
  0.225937E-03  0.357148E+07  0.357147E+07  0.457895E+07  0.457748E+07  0.000000E+00  0.357148E+07
  0.233595E-03  0.357138E+07  0.357138E+07  0.456646E+07  0.456488E+07  0.000000E+00  0.357138E+07
  0.241513E-03  0.357128E+07  0.357127E+07  0.455313E+07  0.455145E+07  0.000000E+00  0.357128E+07
  0.249699E-03  0.357116E+07  0.357116E+07  0.453893E+07  0.453714E+07  0.000000E+00  0.357116E+07
  0.258162E-03  0.357104E+07  0.357104E+07  0.452379E+07  0.452189E+07  0.000000E+00  0.357104E+07
  0.266913E-03  0.357091E+07  0.357091E+07  0.450766E+07  0.450564E+07  0.000000E+00  0.357091E+07
  0.275960E-03  0.357078E+07  0.357077E+07  0.449048E+07  0.448833E+07  0.000000E+00  0.357078E+07
  0.285314E-03  0.357063E+07  0.357062E+07  0.447218E+07  0.446989E+07  0.000000E+00  0.357063E+07
  0.294984E-03  0.357047E+07  0.357046E+07  0.445270E+07  0.445027E+07  0.000000E+00  0.357047E+07
  0.304983E-03  0.357031E+07  0.357030E+07  0.443196E+07  0.442938E+07  0.000000E+00  0.357030E+07
  0.315320E-03  0.357013E+07  0.357012E+07  0.440989E+07  0.440715E+07  0.000000E+00  0.357013E+07
  0.326008E-03  0.356994E+07  0.356992E+07  0.438642E+07  0.438351E+07  0.000000E+00  0.356993E+07
  0.337058E-03  0.356973E+07  0.356972E+07  0.436146E+07  0.435837E+07  0.000000E+00  0.356973E+07
  0.348483E-03  0.356951E+07  0.356950E+07  0.433492E+07  0.433164E+07  0.000000E+00  0.356951E+07
  0.360295E-03  0.356928E+07  0.356927E+07  0.430672E+07  0.430325E+07  0.000000E+00  0.356928E+07
  0.372507E-03  0.356903E+07  0.356902E+07  0.427677E+07  0.427309E+07  0.000000E+00  0.356903E+07
  0.385133E-03  0.356877E+07  0.356875E+07  0.424497E+07  0.424108E+07  0.000000E+00  0.356877E+07
  0.398187E-03  0.356848E+07  0.356847E+07  0.421122E+07  0.420710E+07  0.000000E+00  0.356848E+07
  0.411684E-03  0.356818E+07  0.356816E+07  0.417543E+07  0.417107E+07  0.000000E+00  0.356818E+07
  0.425638E-03  0.356786E+07  0.356784E+07  0.413748E+07  0.413288E+07  0.000000E+00  0.356786E+07
  0.440065E-03  0.356752E+07  0.356749E+07  0.409728E+07  0.409242E+07  0.000000E+00  0.356751E+07
  0.454981E-03  0.356715E+07  0.356713E+07  0.405471E+07  0.404959E+07  0.000000E+00  0.356714E+07
  0.470403E-03  0.356676E+07  0.356673E+07  0.400966E+07  0.400428E+07  0.000000E+00  0.356675E+07
  0.486347E-03  0.356634E+07  0.356631E+07  0.396204E+07  0.395637E+07  0.000000E+00  0.356633E+07
  0.502832E-03  0.356589E+07  0.356586E+07  0.391172E+07  0.390577E+07  0.000000E+00  0.356589E+07
  0.519875E-03  0.356542E+07  0.356539E+07  0.385860E+07  0.385235E+07  0.000000E+00  0.356541E+07
  0.537497E-03  0.356491E+07  0.356488E+07  0.380257E+07  0.379602E+07  0.000000E+00  0.356490E+07
  0.555715E-03  0.356437E+07  0.356434E+07  0.374354E+07  0.373668E+07  0.000000E+00  0.356436E+07
  0.574551E-03  0.356379E+07  0.356376E+07  0.368139E+07  0.367423E+07  0.000000E+00  0.356379E+07
  0.594026E-03  0.356318E+07  0.356314E+07  0.361604E+07  0.360857E+07  0.000000E+00  0.356317E+07
  0.614160E-03  0.356252E+07  0.356248E+07  0.354741E+07  0.353963E+07  0.000000E+00  0.356252E+07
  0.634977E-03  0.356182E+07  0.356178E+07  0.347542E+07  0.346734E+07  0.000000E+00  0.356182E+07
  0.656500E-03  0.356108E+07  0.356103E+07  0.340000E+07  0.339162E+07  0.000000E+00  0.356107E+07
  0.678752E-03  0.356029E+07  0.356024E+07  0.332112E+07  0.331245E+07  0.000000E+00  0.356028E+07
  0.701758E-03  0.355945E+07  0.355939E+07  0.323874E+07  0.322980E+07  0.000000E+00  0.355944E+07
  0.725544E-03  0.355855E+07  0.355849E+07  0.315285E+07  0.314365E+07  0.000000E+00  0.355854E+07
  0.750137E-03  0.355759E+07  0.355753E+07  0.306346E+07  0.305402E+07  0.000000E+00  0.355758E+07
  0.775563E-03  0.355658E+07  0.355651E+07  0.297062E+07  0.296097E+07  0.000000E+00  0.355657E+07
  0.801851E-03  0.355550E+07  0.355543E+07  0.287439E+07  0.286456E+07  0.000000E+00  0.355548E+07
  0.829029E-03  0.355435E+07  0.355427E+07  0.277488E+07  0.276490E+07  0.000000E+00  0.355434E+07
  0.857129E-03  0.355312E+07  0.355305E+07  0.267222E+07  0.266215E+07  0.000000E+00  0.355311E+07
  0.886182E-03  0.355183E+07  0.355174E+07  0.256660E+07  0.255648E+07  0.000000E+00  0.355181E+07
  0.916219E-03  0.355045E+07  0.355036E+07  0.245825E+07  0.244813E+07  0.000000E+00  0.355043E+07
  0.947274E-03  0.354898E+07  0.354889E+07  0.234743E+07  0.233738E+07  0.000000E+00  0.354897E+07
  0.979383E-03  0.354743E+07  0.354733E+07  0.223448E+07  0.222457E+07  0.000000E+00  0.354742E+07
  0.101258E-02  0.354578E+07  0.354567E+07  0.211977E+07  0.211006E+07  0.000000E+00  0.354577E+07
  0.104690E-02  0.354404E+07  0.354392E+07  0.200373E+07  0.199431E+07  0.000000E+00  0.354402E+07
  0.108239E-02  0.354219E+07  0.354206E+07  0.188685E+07  0.187781E+07  0.000000E+00  0.354217E+07
  0.111907E-02  0.354022E+07  0.354009E+07  0.176969E+07  0.176111E+07  0.000000E+00  0.354020E+07
  0.115700E-02  0.353815E+07  0.353800E+07  0.165283E+07  0.164480E+07  0.000000E+00  0.353812E+07
  0.119622E-02  0.353595E+07  0.353580E+07  0.153692E+07  0.152954E+07  0.000000E+00  0.353593E+07
  0.123677E-02  0.353363E+07  0.353346E+07  0.142266E+07  0.141601E+07  0.000000E+00  0.353360E+07
  0.127869E-02  0.353117E+07  0.353099E+07  0.131078E+07  0.130495E+07  0.000000E+00  0.353114E+07
  0.132203E-02  0.352857E+07  0.352839E+07  0.120204E+07  0.119709E+07  0.000000E+00  0.352855E+07
  0.136684E-02  0.352584E+07  0.352563E+07  0.109719E+07  0.109321E+07  0.000000E+00  0.352580E+07
  0.141317E-02  0.352294E+07  0.352273E+07  0.997008E+06  0.994042E+06  0.000000E+00  0.352291E+07
  0.146107E-02  0.351990E+07  0.351967E+07  0.902235E+06  0.900318E+06  0.000000E+00  0.351986E+07
  0.151059E-02  0.351669E+07  0.351644E+07  0.813566E+06  0.812711E+06  0.000000E+00  0.351665E+07
  0.156179E-02  0.351331E+07  0.351305E+07  0.731630E+06  0.731823E+06  0.000000E+00  0.351327E+07
  0.161473E-02  0.350975E+07  0.350947E+07  0.656960E+06  0.658159E+06  0.000000E+00  0.350971E+07
  0.166946E-02  0.350601E+07  0.350572E+07  0.589967E+06  0.592097E+06  0.000000E+00  0.350597E+07
  0.172605E-02  0.350209E+07  0.350177E+07  0.530910E+06  0.533863E+06  0.000000E+00  0.350204E+07
  0.178455E-02  0.349796E+07  0.349762E+07  0.479877E+06  0.483511E+06  0.000000E+00  0.349791E+07
  0.184504E-02  0.349364E+07  0.349328E+07  0.436759E+06  0.440898E+06  0.000000E+00  0.349358E+07
  0.190758E-02  0.348910E+07  0.348872E+07  0.401236E+06  0.405678E+06  0.000000E+00  0.348904E+07
  0.197223E-02  0.348435E+07  0.348394E+07  0.372770E+06  0.377291E+06  0.000000E+00  0.348429E+07
  0.203908E-02  0.347938E+07  0.347894E+07  0.350611E+06  0.354973E+06  0.000000E+00  0.347931E+07
  0.210820E-02  0.347418E+07  0.347371E+07  0.333809E+06  0.337775E+06  0.000000E+00  0.347410E+07
  0.217966E-02  0.346874E+07  0.346824E+07  0.321253E+06  0.324599E+06  0.000000E+00  0.346866E+07
  0.225354E-02  0.346306E+07  0.346252E+07  0.311712E+06  0.314244E+06  0.000000E+00  0.346297E+07
  0.232992E-02  0.345712E+07  0.345655E+07  0.303902E+06  0.305474E+06  0.000000E+00  0.345703E+07
  0.240889E-02  0.345093E+07  0.345032E+07  0.296563E+06  0.297092E+06  0.000000E+00  0.345084E+07
  0.249054E-02  0.344447E+07  0.344382E+07  0.288546E+06  0.288024E+06  0.000000E+00  0.344437E+07
  0.257496E-02  0.343774E+07  0.343704E+07  0.278902E+06  0.277406E+06  0.000000E+00  0.343763E+07
  0.266224E-02  0.343073E+07  0.342998E+07  0.266967E+06  0.264656E+06  0.000000E+00  0.343061E+07
  0.275248E-02  0.342342E+07  0.342263E+07  0.252434E+06  0.249542E+06  0.000000E+00  0.342330E+07
  0.284577E-02  0.341582E+07  0.341497E+07  0.235393E+06  0.232207E+06  0.000000E+00  0.341569E+07
  0.294223E-02  0.340791E+07  0.340701E+07  0.216336E+06  0.213161E+06  0.000000E+00  0.340777E+07
  0.304196E-02  0.339969E+07  0.339872E+07  0.196114E+06  0.193234E+06  0.000000E+00  0.339954E+07
  0.314506E-02  0.339114E+07  0.339010E+07  0.175841E+06  0.173467E+06  0.000000E+00  0.339098E+07
  0.325166E-02  0.338225E+07  0.338115E+07  0.156749E+06  0.154977E+06  0.000000E+00  0.338208E+07
  0.336188E-02  0.337302E+07  0.337185E+07  0.140011E+06  0.138781E+06  0.000000E+00  0.337284E+07
  0.347583E-02  0.336344E+07  0.336219E+07  0.126540E+06  0.125622E+06  0.000000E+00  0.336325E+07
  0.359365E-02  0.335350E+07  0.335216E+07  0.116820E+06  0.115824E+06  0.000000E+00  0.335329E+07
  0.371545E-02  0.334318E+07  0.334175E+07  0.110774E+06  0.109207E+06  0.000000E+00  0.334296E+07
  0.384139E-02  0.333248E+07  0.333096E+07  0.107740E+06  0.105084E+06  0.000000E+00  0.333225E+07
  0.397159E-02  0.332139E+07  0.331977E+07  0.000000E+00  0.000000E+00  0.000000E+00  0.332114E+07
  0.410621E-02  0.330990E+07  0.330817E+07  0.000000E+00  0.000000E+00  0.000000E+00  0.330964E+07
  0.424539E-02  0.329801E+07  0.329616E+07  0.000000E+00  0.000000E+00  0.000000E+00  0.329772E+07
  0.438929E-02  0.328569E+07  0.328372E+07  0.000000E+00  0.000000E+00  0.000000E+00  0.328539E+07
  0.453806E-02  0.327294E+07  0.327085E+07  0.000000E+00  0.000000E+00  0.000000E+00  0.327262E+07
  0.469188E-02  0.325976E+07  0.325752E+07  0.000000E+00  0.000000E+00  0.000000E+00  0.325941E+07
  0.485091E-02  0.324613E+07  0.324374E+07  0.000000E+00  0.000000E+00  0.000000E+00  0.324576E+07
  0.501534E-02  0.323204E+07  0.322950E+07  0.000000E+00  0.000000E+00  0.000000E+00  0.323164E+07
  0.518533E-02  0.321748E+07  0.321477E+07  0.000000E+00  0.000000E+00  0.000000E+00  0.321706E+07
  0.536109E-02  0.320244E+07  0.319956E+07  0.000000E+00  0.000000E+00  0.000000E+00  0.320200E+07
  0.554280E-02  0.318692E+07  0.318385E+07  0.000000E+00  0.000000E+00  0.000000E+00  0.318644E+07
  0.573068E-02  0.317090E+07  0.316763E+07  0.000000E+00  0.000000E+00  0.000000E+00  0.317039E+07
  0.592492E-02  0.315437E+07  0.315089E+07  0.000000E+00  0.000000E+00  0.000000E+00  0.315383E+07
  0.612574E-02  0.313733E+07  0.313362E+07  0.000000E+00  0.000000E+00  0.000000E+00  0.313676E+07
  0.633338E-02  0.311976E+07  0.311581E+07  0.000000E+00  0.000000E+00  0.000000E+00  0.311915E+07
  0.654805E-02  0.310166E+07  0.309745E+07  0.000000E+00  0.000000E+00  0.000000E+00  0.310101E+07
  0.677000E-02  0.308300E+07  0.307853E+07  0.000000E+00  0.000000E+00  0.000000E+00  0.308231E+07
  0.699947E-02  0.306380E+07  0.305904E+07  0.000000E+00  0.000000E+00  0.000000E+00  0.306307E+07
  0.723671E-02  0.304403E+07  0.303897E+07  0.000000E+00  0.000000E+00  0.000000E+00  0.304325E+07
  0.748200E-02  0.302369E+07  0.301830E+07  0.000000E+00  0.000000E+00  0.000000E+00  0.302286E+07
  0.773561E-02  0.300276E+07  0.299703E+07  0.000000E+00  0.000000E+00  0.000000E+00  0.300188E+07
  0.799781E-02  0.298124E+07  0.297515E+07  0.000000E+00  0.000000E+00  0.000000E+00  0.298030E+07
  0.826889E-02  0.295912E+07  0.295264E+07  0.000000E+00  0.000000E+00  0.000000E+00  0.295812E+07
  0.854917E-02  0.293638E+07  0.292950E+07  0.000000E+00  0.000000E+00  0.000000E+00  0.293532E+07
  0.883894E-02  0.291302E+07  0.290572E+07  0.000000E+00  0.000000E+00  0.000000E+00  0.291190E+07
  0.913854E-02  0.288904E+07  0.288128E+07  0.000000E+00  0.000000E+00  0.000000E+00  0.288784E+07
  0.944829E-02  0.286441E+07  0.285617E+07  0.000000E+00  0.000000E+00  0.000000E+00  0.286314E+07
  0.976854E-02  0.283913E+07  0.283039E+07  0.000000E+00  0.000000E+00  0.000000E+00  0.283778E+07
  0.100996E-01  0.281319E+07  0.280392E+07  0.000000E+00  0.000000E+00  0.000000E+00  0.281176E+07
  0.104420E-01  0.278659E+07  0.277675E+07  0.000000E+00  0.000000E+00  0.000000E+00  0.278507E+07
  0.107959E-01  0.275931E+07  0.274888E+07  0.000000E+00  0.000000E+00  0.000000E+00  0.275770E+07
  0.111618E-01  0.273134E+07  0.272029E+07  0.000000E+00  0.000000E+00  0.000000E+00  0.272964E+07
  0.115402E-01  0.270269E+07  0.269097E+07  0.000000E+00  0.000000E+00  0.000000E+00  0.270088E+07
  0.119313E-01  0.267333E+07  0.266092E+07  0.000000E+00  0.000000E+00  0.000000E+00  0.267141E+07
  0.123357E-01  0.264326E+07  0.263013E+07  0.000000E+00  0.000000E+00  0.000000E+00  0.264123E+07
  0.127539E-01  0.261247E+07  0.259859E+07  0.000000E+00  0.000000E+00  0.000000E+00  0.261033E+07
  0.131862E-01  0.258096E+07  0.256629E+07  0.000000E+00  0.000000E+00  0.000000E+00  0.257870E+07
  0.136331E-01  0.254873E+07  0.253322E+07  0.000000E+00  0.000000E+00  0.000000E+00  0.254634E+07
  0.140952E-01  0.251576E+07  0.249938E+07  0.000000E+00  0.000000E+00  0.000000E+00  0.251323E+07
  0.145730E-01  0.248205E+07  0.246477E+07  0.000000E+00  0.000000E+00  0.000000E+00  0.247938E+07
  0.150669E-01  0.244760E+07  0.242938E+07  0.000000E+00  0.000000E+00  0.000000E+00  0.244479E+07
  0.155776E-01  0.241241E+07  0.239321E+07  0.000000E+00  0.000000E+00  0.000000E+00  0.240945E+07
  0.161056E-01  0.237648E+07  0.235627E+07  0.000000E+00  0.000000E+00  0.000000E+00  0.237336E+07
  0.166515E-01  0.233981E+07  0.231854E+07  0.000000E+00  0.000000E+00  0.000000E+00  0.233653E+07
  0.172159E-01  0.230240E+07  0.228005E+07  0.000000E+00  0.000000E+00  0.000000E+00  0.229896E+07
  0.177994E-01  0.226427E+07  0.224080E+07  0.000000E+00  0.000000E+00  0.000000E+00  0.226065E+07
  0.184028E-01  0.222542E+07  0.220080E+07  0.000000E+00  0.000000E+00  0.000000E+00  0.222162E+07
  0.190265E-01  0.218585E+07  0.216007E+07  0.000000E+00  0.000000E+00  0.000000E+00  0.218188E+07
  0.196714E-01  0.214560E+07  0.211862E+07  0.000000E+00  0.000000E+00  0.000000E+00  0.214144E+07
  0.203382E-01  0.210468E+07  0.207649E+07  0.000000E+00  0.000000E+00  0.000000E+00  0.210033E+07
  0.210276E-01  0.206312E+07  0.203369E+07  0.000000E+00  0.000000E+00  0.000000E+00  0.205858E+07
  0.217403E-01  0.202094E+07  0.199027E+07  0.000000E+00  0.000000E+00  0.000000E+00  0.201621E+07
  0.224772E-01  0.197818E+07  0.194628E+07  0.000000E+00  0.000000E+00  0.000000E+00  0.197326E+07
  0.232390E-01  0.193489E+07  0.190175E+07  0.000000E+00  0.000000E+00  0.000000E+00  0.192977E+07
  0.240267E-01  0.189110E+07  0.185674E+07  0.000000E+00  0.000000E+00  0.000000E+00  0.188580E+07
  0.248411E-01  0.184688E+07  0.181132E+07  0.000000E+00  0.000000E+00  0.000000E+00  0.184139E+07
  0.256831E-01  0.180228E+07  0.176557E+07  0.000000E+00  0.000000E+00  0.000000E+00  0.179662E+07
  0.265537E-01  0.175739E+07  0.171956E+07  0.000000E+00  0.000000E+00  0.000000E+00  0.175155E+07
  0.274537E-01  0.171227E+07  0.167338E+07  0.000000E+00  0.000000E+00  0.000000E+00  0.170627E+07
  0.283842E-01  0.166702E+07  0.162714E+07  0.000000E+00  0.000000E+00  0.000000E+00  0.166086E+07
  0.293463E-01  0.162172E+07  0.158096E+07  0.000000E+00  0.000000E+00  0.000000E+00  0.161543E+07
  0.303410E-01  0.157649E+07  0.153493E+07  0.000000E+00  0.000000E+00  0.000000E+00  0.157008E+07
  0.313694E-01  0.153144E+07  0.148921E+07  0.000000E+00  0.000000E+00  0.000000E+00  0.152493E+07
  0.324327E-01  0.148670E+07  0.144392E+07  0.000000E+00  0.000000E+00  0.000000E+00  0.148009E+07
  0.335320E-01  0.144238E+07  0.139922E+07  0.000000E+00  0.000000E+00  0.000000E+00  0.143572E+07
  0.346686E-01  0.139862E+07  0.135524E+07  0.000000E+00  0.000000E+00  0.000000E+00  0.139193E+07
  0.358437E-01  0.135557E+07  0.131215E+07  0.000000E+00  0.000000E+00  0.000000E+00  0.134887E+07
  0.370586E-01  0.131336E+07  0.127010E+07  0.000000E+00  0.000000E+00  0.000000E+00  0.130668E+07
  0.383147E-01  0.127193E+07  0.122904E+07  0.000000E+00  0.000000E+00  0.000000E+00  0.126531E+07
  0.396134E-01  0.123148E+07  0.118918E+07  0.000000E+00  0.000000E+00  0.000000E+00  0.122495E+07
  0.409561E-01  0.119227E+07  0.115079E+07  0.000000E+00  0.000000E+00  0.000000E+00  0.118587E+07
  0.423443E-01  0.115445E+07  0.111401E+07  0.000000E+00  0.000000E+00  0.000000E+00  0.114821E+07
  0.437796E-01  0.111813E+07  0.107895E+07  0.000000E+00  0.000000E+00  0.000000E+00  0.111209E+07
  0.452635E-01  0.108339E+07  0.104570E+07  0.000000E+00  0.000000E+00  0.000000E+00  0.107758E+07
  0.467977E-01  0.105027E+07  0.101428E+07  0.000000E+00  0.000000E+00  0.000000E+00  0.104472E+07
  0.483839E-01  0.101875E+07  0.984638E+06  0.000000E+00  0.000000E+00  0.000000E+00  0.101349E+07
  0.500239E-01  0.988772E+06  0.956698E+06  0.000000E+00  0.000000E+00  0.000000E+00  0.983822E+06
  0.517194E-01  0.960233E+06  0.930324E+06  0.000000E+00  0.000000E+00  0.000000E+00  0.955617E+06
  0.534725E-01  0.933005E+06  0.905345E+06  0.000000E+00  0.000000E+00  0.000000E+00  0.928736E+06
  0.552850E-01  0.906947E+06  0.881570E+06  0.000000E+00  0.000000E+00  0.000000E+00  0.903030E+06
  0.571588E-01  0.881928E+06  0.858818E+06  0.000000E+00  0.000000E+00  0.000000E+00  0.878362E+06
  0.590963E-01  0.857906E+06  0.836988E+06  0.000000E+00  0.000000E+00  0.000000E+00  0.854678E+06
  0.610993E-01  0.835291E+06  0.816434E+06  0.000000E+00  0.000000E+00  0.000000E+00  0.832381E+06
  0.631703E-01  0.812480E+06  0.795488E+06  0.000000E+00  0.000000E+00  0.000000E+00  0.809857E+06
  0.653114E-01  0.789808E+06  0.774435E+06  0.000000E+00  0.000000E+00  0.000000E+00  0.787436E+06
  0.675252E-01  0.767016E+06  0.752968E+06  0.000000E+00  0.000000E+00  0.000000E+00  0.764848E+06
  0.698139E-01  0.743865E+06  0.730810E+06  0.000000E+00  0.000000E+00  0.000000E+00  0.741850E+06
  0.721803E-01  0.720154E+06  0.707742E+06  0.000000E+00  0.000000E+00  0.000000E+00  0.718238E+06
  0.746268E-01  0.695760E+06  0.683638E+06  0.000000E+00  0.000000E+00  0.000000E+00  0.693889E+06
  0.771564E-01  0.670654E+06  0.658488E+06  0.000000E+00  0.000000E+00  0.000000E+00  0.668776E+06
  0.797716E-01  0.644915E+06  0.632416E+06  0.000000E+00  0.000000E+00  0.000000E+00  0.642986E+06
  0.824755E-01  0.618724E+06  0.605666E+06  0.000000E+00  0.000000E+00  0.000000E+00  0.616709E+06
  0.852709E-01  0.592348E+06  0.578594E+06  0.000000E+00  0.000000E+00  0.000000E+00  0.590226E+06
  0.881612E-01  0.566116E+06  0.551628E+06  0.000000E+00  0.000000E+00  0.000000E+00  0.563880E+06
  0.911495E-01  0.540401E+06  0.525252E+06  0.000000E+00  0.000000E+00  0.000000E+00  0.538063E+06
  0.942390E-01  0.515610E+06  0.499981E+06  0.000000E+00  0.000000E+00  0.000000E+00  0.513198E+06
  0.974333E-01  0.492161E+06  0.476328E+06  0.000000E+00  0.000000E+00  0.000000E+00  0.489717E+06
  0.100736E+00  0.470440E+06  0.454749E+06  0.000000E+00  0.000000E+00  0.000000E+00  0.468019E+06
  0.104150E+00  0.450730E+06  0.435559E+06  0.000000E+00  0.000000E+00  0.000000E+00  0.448388E+06
  0.107680E+00  0.433134E+06  0.418852E+06  0.000000E+00  0.000000E+00  0.000000E+00  0.430930E+06
  0.111330E+00  0.417540E+06  0.404455E+06  0.000000E+00  0.000000E+00  0.000000E+00  0.415520E+06
  0.115104E+00  0.403634E+06  0.391949E+06  0.000000E+00  0.000000E+00  0.000000E+00  0.401831E+06
  0.119005E+00  0.390958E+06  0.380738E+06  0.000000E+00  0.000000E+00  0.000000E+00  0.389381E+06
  0.123039E+00  0.378951E+06  0.370103E+06  0.000000E+00  0.000000E+00  0.000000E+00  0.377586E+06
  0.127209E+00  0.366981E+06  0.359264E+06  0.000000E+00  0.000000E+00  0.000000E+00  0.365790E+06
  0.131521E+00  0.354416E+06  0.347476E+06  0.000000E+00  0.000000E+00  0.000000E+00  0.353345E+06
  0.135979E+00  0.340805E+06  0.334231E+06  0.000000E+00  0.000000E+00  0.000000E+00  0.339790E+06
  0.140588E+00  0.326064E+06  0.319465E+06  0.000000E+00  0.000000E+00  0.000000E+00  0.325046E+06
  0.145353E+00  0.310527E+06  0.303609E+06  0.000000E+00  0.000000E+00  0.000000E+00  0.309459E+06
  0.150280E+00  0.294774E+06  0.287399E+06  0.000000E+00  0.000000E+00  0.000000E+00  0.293636E+06
  0.155374E+00  0.279438E+06  0.271656E+06  0.000000E+00  0.000000E+00  0.000000E+00  0.278237E+06
  0.160640E+00  0.265139E+06  0.257167E+06  0.000000E+00  0.000000E+00  0.000000E+00  0.263909E+06
  0.166085E+00  0.252446E+06  0.244615E+06  0.000000E+00  0.000000E+00  0.000000E+00  0.251238E+06
  0.171715E+00  0.241659E+06  0.234317E+06  0.000000E+00  0.000000E+00  0.000000E+00  0.240526E+06
  0.177535E+00  0.232559E+06  0.225965E+06  0.000000E+00  0.000000E+00  0.000000E+00  0.231541E+06
  0.183553E+00  0.224473E+06  0.218722E+06  0.000000E+00  0.000000E+00  0.000000E+00  0.223585E+06
  0.189774E+00  0.216621E+06  0.211613E+06  0.000000E+00  0.000000E+00  0.000000E+00  0.215848E+06
  0.196206E+00  0.208352E+06  0.203829E+06  0.000000E+00  0.000000E+00  0.000000E+00  0.207654E+06
  0.202857E+00  0.199278E+06  0.194923E+06  0.000000E+00  0.000000E+00  0.000000E+00  0.198606E+06
  0.209733E+00  0.189462E+06  0.185018E+06  0.000000E+00  0.000000E+00  0.000000E+00  0.188776E+06
  0.216842E+00  0.179443E+06  0.174813E+06  0.000000E+00  0.000000E+00  0.000000E+00  0.178728E+06
  0.224192E+00  0.169954E+06  0.165223E+06  0.000000E+00  0.000000E+00  0.000000E+00  0.169223E+06
  0.231791E+00  0.161586E+06  0.156969E+06  0.000000E+00  0.000000E+00  0.000000E+00  0.160874E+06
  0.239647E+00  0.154526E+06  0.150247E+06  0.000000E+00  0.000000E+00  0.000000E+00  0.153866E+06
  0.247770E+00  0.148404E+06  0.144578E+06  0.000000E+00  0.000000E+00  0.000000E+00  0.147814E+06
  0.256168E+00  0.142532E+06  0.139110E+06  0.000000E+00  0.000000E+00  0.000000E+00  0.142004E+06
  0.264851E+00  0.136355E+06  0.133165E+06  0.000000E+00  0.000000E+00  0.000000E+00  0.135863E+06
  0.273828E+00  0.129729E+06  0.126590E+06  0.000000E+00  0.000000E+00  0.000000E+00  0.129244E+06
  0.283110E+00  0.122966E+06  0.119800E+06  0.000000E+00  0.000000E+00  0.000000E+00  0.122477E+06
  0.292706E+00  0.116633E+06  0.113498E+06  0.000000E+00  0.000000E+00  0.000000E+00  0.116149E+06
  0.302627E+00  0.111079E+06  0.108103E+06  0.000000E+00  0.000000E+00  0.000000E+00  0.110620E+06
  0.312884E+00  0.106185E+06  0.103455E+06  0.000000E+00  0.000000E+00  0.000000E+00  0.105764E+06
  0.323490E+00  0.101551E+06  0.990464E+05  0.000000E+00  0.000000E+00  0.000000E+00  0.101165E+06
  0.334454E+00  0.967889E+05  0.944120E+05  0.000000E+00  0.000000E+00  0.000000E+00  0.964221E+05
  0.345791E+00  0.919048E+05  0.895778E+05  0.000000E+00  0.000000E+00  0.000000E+00  0.915457E+05
  0.357512E+00  0.872080E+05  0.849350E+05  0.000000E+00  0.000000E+00  0.000000E+00  0.868572E+05
  0.369629E+00  0.829578E+05  0.807981E+05  0.000000E+00  0.000000E+00  0.000000E+00  0.826245E+05
  0.382158E+00  0.790951E+05  0.770850E+05  0.000000E+00  0.000000E+00  0.000000E+00  0.787848E+05
  0.395111E+00  0.753663E+05  0.734808E+05  0.000000E+00  0.000000E+00  0.000000E+00  0.750753E+05
  0.408504E+00  0.716300E+05  0.698209E+05  0.000000E+00  0.000000E+00  0.000000E+00  0.713508E+05
  0.422350E+00  0.679983E+05  0.662521E+05  0.000000E+00  0.000000E+00  0.000000E+00  0.677288E+05
  0.436666E+00  0.646246E+05  0.629643E+05  0.000000E+00  0.000000E+00  0.000000E+00  0.643684E+05
  0.451466E+00  0.614946E+05  0.599338E+05  0.000000E+00  0.000000E+00  0.000000E+00  0.612537E+05
  0.466769E+00  0.584727E+05  0.569950E+05  0.000000E+00  0.000000E+00  0.000000E+00  0.582447E+05
  0.482590E+00  0.555232E+05  0.541095E+05  0.000000E+00  0.000000E+00  0.000000E+00  0.553051E+05
  0.498948E+00  0.527235E+05  0.513759E+05  0.000000E+00  0.000000E+00  0.000000E+00  0.525155E+05
  0.515859E+00  0.500993E+05  0.488249E+05  0.000000E+00  0.000000E+00  0.000000E+00  0.499026E+05
  0.533344E+00  0.475931E+05  0.463858E+05  0.000000E+00  0.000000E+00  0.000000E+00  0.474068E+05
  0.551422E+00  0.451784E+05  0.440286E+05  0.000000E+00  0.000000E+00  0.000000E+00  0.450009E+05
  0.570113E+00  0.428856E+05  0.417931E+05  0.000000E+00  0.000000E+00  0.000000E+00  0.427170E+05
  0.589437E+00  0.407165E+05  0.396817E+05  0.000000E+00  0.000000E+00  0.000000E+00  0.405568E+05
  0.609416E+00  0.386436E+05  0.376614E+05  0.000000E+00  0.000000E+00  0.000000E+00  0.384920E+05
  0.630072E+00  0.366653E+05  0.357323E+05  0.000000E+00  0.000000E+00  0.000000E+00  0.365213E+05
  0.651428E+00  0.347892E+05  0.339046E+05  0.000000E+00  0.000000E+00  0.000000E+00  0.346527E+05
  0.673509E+00  0.330038E+05  0.321649E+05  0.000000E+00  0.000000E+00  0.000000E+00  0.328744E+05
  0.696337E+00  0.313030E+05  0.305069E+05  0.000000E+00  0.000000E+00  0.000000E+00  0.311801E+05
  0.719940E+00  0.296873E+05  0.289326E+05  0.000000E+00  0.000000E+00  0.000000E+00  0.295709E+05
  0.744342E+00  0.281510E+05  0.274355E+05  0.000000E+00  0.000000E+00  0.000000E+00  0.280406E+05
  0.769572E+00  0.266900E+05  0.260115E+05  0.000000E+00  0.000000E+00  0.000000E+00  0.265853E+05
  0.795656E+00  0.253016E+05  0.246586E+05  0.000000E+00  0.000000E+00  0.000000E+00  0.252024E+05
  0.822625E+00  0.239819E+05  0.233724E+05  0.000000E+00  0.000000E+00  0.000000E+00  0.238878E+05
  0.850508E+00  0.227280E+05  0.221504E+05  0.000000E+00  0.000000E+00  0.000000E+00  0.226389E+05
  0.879336E+00  0.215368E+05  0.209894E+05  0.000000E+00  0.000000E+00  0.000000E+00  0.214523E+05
  0.909141E+00  0.204053E+05  0.198867E+05  0.000000E+00  0.000000E+00  0.000000E+00  0.203253E+05
  0.939957E+00  0.193310E+05  0.188398E+05  0.000000E+00  0.000000E+00  0.000000E+00  0.192552E+05
  0.971817E+00  0.183111E+05  0.178458E+05  0.000000E+00  0.000000E+00  0.000000E+00  0.182393E+05
  0.100476E+01  0.173427E+05  0.169021E+05  0.000000E+00  0.000000E+00  0.000000E+00  0.172747E+05
  0.103881E+01  0.164237E+05  0.160064E+05  0.000000E+00  0.000000E+00  0.000000E+00  0.163593E+05
  0.107402E+01  0.155513E+05  0.151561E+05  0.000000E+00  0.000000E+00  0.000000E+00  0.154903E+05
  0.111043E+01  0.147235E+05  0.143494E+05  0.000000E+00  0.000000E+00  0.000000E+00  0.146658E+05
  0.114807E+01  0.139381E+05  0.135840E+05  0.000000E+00  0.000000E+00  0.000000E+00  0.138835E+05
  0.118698E+01  0.131932E+05  0.128581E+05  0.000000E+00  0.000000E+00  0.000000E+00  0.131415E+05
  0.122721E+01  0.124868E+05  0.121696E+05  0.000000E+00  0.000000E+00  0.000000E+00  0.124379E+05
  0.126881E+01  0.118169E+05  0.115167E+05  0.000000E+00  0.000000E+00  0.000000E+00  0.117706E+05
  0.131182E+01  0.111817E+05  0.108977E+05  0.000000E+00  0.000000E+00  0.000000E+00  0.111379E+05
  0.135628E+01  0.105795E+05  0.103107E+05  0.000000E+00  0.000000E+00  0.000000E+00  0.105380E+05
  0.140225E+01  0.100086E+05  0.975438E+04  0.000000E+00  0.000000E+00  0.000000E+00  0.996936E+04
  0.144978E+01  0.946755E+04  0.922708E+04  0.000000E+00  0.000000E+00  0.000000E+00  0.943044E+04
  0.149892E+01  0.895485E+04  0.872741E+04  0.000000E+00  0.000000E+00  0.000000E+00  0.891975E+04
  0.154973E+01  0.846907E+04  0.825397E+04  0.000000E+00  0.000000E+00  0.000000E+00  0.843588E+04
  0.160226E+01  0.800884E+04  0.780543E+04  0.000000E+00  0.000000E+00  0.000000E+00  0.797745E+04
  0.165656E+01  0.757292E+04  0.738059E+04  0.000000E+00  0.000000E+00  0.000000E+00  0.754324E+04
  0.171271E+01  0.716001E+04  0.697817E+04  0.000000E+00  0.000000E+00  0.000000E+00  0.713195E+04
  0.177077E+01  0.676896E+04  0.659705E+04  0.000000E+00  0.000000E+00  0.000000E+00  0.674243E+04
  0.183079E+01  0.639865E+04  0.623615E+04  0.000000E+00  0.000000E+00  0.000000E+00  0.637357E+04
  0.189284E+01  0.604805E+04  0.589446E+04  0.000000E+00  0.000000E+00  0.000000E+00  0.602435E+04
  0.195700E+01  0.571616E+04  0.557100E+04  0.000000E+00  0.000000E+00  0.000000E+00  0.569376E+04
  0.202333E+01  0.540202E+04  0.526484E+04  0.000000E+00  0.000000E+00  0.000000E+00  0.538085E+04
  0.209191E+01  0.510467E+04  0.497504E+04  0.000000E+00  0.000000E+00  0.000000E+00  0.508466E+04
  0.216282E+01  0.482326E+04  0.470077E+04  0.000000E+00  0.000000E+00  0.000000E+00  0.480436E+04
  0.223613E+01  0.455697E+04  0.444125E+04  0.000000E+00  0.000000E+00  0.000000E+00  0.453911E+04
  0.231192E+01  0.430503E+04  0.419571E+04  0.000000E+00  0.000000E+00  0.000000E+00  0.428816E+04
  0.239028E+01  0.406669E+04  0.396342E+04  0.000000E+00  0.000000E+00  0.000000E+00  0.405075E+04
  0.247130E+01  0.384122E+04  0.374367E+04  0.000000E+00  0.000000E+00  0.000000E+00  0.382617E+04
  0.255507E+01  0.362795E+04  0.353582E+04  0.000000E+00  0.000000E+00  0.000000E+00  0.361373E+04
  0.264167E+01  0.342625E+04  0.333924E+04  0.000000E+00  0.000000E+00  0.000000E+00  0.341282E+04
  0.273121E+01  0.323552E+04  0.315336E+04  0.000000E+00  0.000000E+00  0.000000E+00  0.322284E+04
  0.282379E+01  0.305517E+04  0.297759E+04  0.000000E+00  0.000000E+00  0.000000E+00  0.304320E+04
  0.291950E+01  0.288465E+04  0.281140E+04  0.000000E+00  0.000000E+00  0.000000E+00  0.287335E+04
  0.301846E+01  0.272344E+04  0.265427E+04  0.000000E+00  0.000000E+00  0.000000E+00  0.271276E+04
  0.312077E+01  0.257104E+04  0.250575E+04  0.000000E+00  0.000000E+00  0.000000E+00  0.256097E+04
  0.322655E+01  0.242701E+04  0.236537E+04  0.000000E+00  0.000000E+00  0.000000E+00  0.241749E+04
  0.333591E+01  0.229087E+04  0.223269E+04  0.000000E+00  0.000000E+00  0.000000E+00  0.228189E+04
  0.344898E+01  0.216222E+04  0.210730E+04  0.000000E+00  0.000000E+00  0.000000E+00  0.215374E+04
  0.356588E+01  0.204064E+04  0.198881E+04  0.000000E+00  0.000000E+00  0.000000E+00  0.203264E+04
  0.368675E+01  0.192577E+04  0.187686E+04  0.000000E+00  0.000000E+00  0.000000E+00  0.191822E+04
  0.381172E+01  0.181725E+04  0.177109E+04  0.000000E+00  0.000000E+00  0.000000E+00  0.181012E+04
  0.394091E+01  0.171472E+04  0.167116E+04  0.000000E+00  0.000000E+00  0.000000E+00  0.170800E+04
  0.407449E+01  0.161786E+04  0.157677E+04  0.000000E+00  0.000000E+00  0.000000E+00  0.161152E+04
  0.421259E+01  0.152639E+04  0.148761E+04  0.000000E+00  0.000000E+00  0.000000E+00  0.152040E+04
  0.435538E+01  0.143999E+04  0.140341E+04  0.000000E+00  0.000000E+00  0.000000E+00  0.143434E+04
  0.450301E+01  0.135839E+04  0.132388E+04  0.000000E+00  0.000000E+00  0.000000E+00  0.135306E+04
  0.465564E+01  0.128133E+04  0.124878E+04  0.000000E+00  0.000000E+00  0.000000E+00  0.127631E+04
  0.481344E+01  0.120858E+04  0.117787E+04  0.000000E+00  0.000000E+00  0.000000E+00  0.120384E+04
  0.497659E+01  0.113988E+04  0.111092E+04  0.000000E+00  0.000000E+00  0.000000E+00  0.113541E+04
  0.514527E+01  0.107502E+04  0.104770E+04  0.000000E+00  0.000000E+00  0.000000E+00  0.107081E+04
  0.531968E+01  0.101379E+04  0.988029E+03  0.000000E+00  0.000000E+00  0.000000E+00  0.100982E+04
  0.549998E+01  0.956000E+03  0.931701E+03  0.000000E+00  0.000000E+00  0.000000E+00  0.952250E+03
  0.568641E+01  0.901446E+03  0.878531E+03  0.000000E+00  0.000000E+00  0.000000E+00  0.897909E+03
  0.587915E+01  0.849955E+03  0.828348E+03  0.000000E+00  0.000000E+00  0.000000E+00  0.846621E+03
  0.607843E+01  0.801361E+03  0.780986E+03  0.000000E+00  0.000000E+00  0.000000E+00  0.798216E+03
  0.628446E+01  0.755503E+03  0.736292E+03  0.000000E+00  0.000000E+00  0.000000E+00  0.752538E+03
  0.649747E+01  0.712229E+03  0.694116E+03  0.000000E+00  0.000000E+00  0.000000E+00  0.709434E+03
  0.671770E+01  0.671397E+03  0.654319E+03  0.000000E+00  0.000000E+00  0.000000E+00  0.668761E+03
  0.694539E+01  0.632873E+03  0.616774E+03  0.000000E+00  0.000000E+00  0.000000E+00  0.630389E+03
  0.718081E+01  0.596526E+03  0.581349E+03  0.000000E+00  0.000000E+00  0.000000E+00  0.594184E+03
  0.742420E+01  0.562238E+03  0.547931E+03  0.000000E+00  0.000000E+00  0.000000E+00  0.560030E+03
  0.767585E+01  0.529894E+03  0.516406E+03  0.000000E+00  0.000000E+00  0.000000E+00  0.527812E+03
  0.793602E+01  0.499384E+03  0.486671E+03  0.000000E+00  0.000000E+00  0.000000E+00  0.497422E+03
  0.820502E+01  0.470606E+03  0.458623E+03  0.000000E+00  0.000000E+00  0.000000E+00  0.468757E+03
  0.848312E+01  0.443466E+03  0.432171E+03  0.000000E+00  0.000000E+00  0.000000E+00  0.441723E+03
  0.877066E+01  0.417869E+03  0.407224E+03  0.000000E+00  0.000000E+00  0.000000E+00  0.416226E+03
  0.906794E+01  0.393732E+03  0.383698E+03  0.000000E+00  0.000000E+00  0.000000E+00  0.392183E+03
  0.937530E+01  0.370970E+03  0.361514E+03  0.000000E+00  0.000000E+00  0.000000E+00  0.369510E+03
  0.969308E+01  0.349507E+03  0.340595E+03  0.000000E+00  0.000000E+00  0.000000E+00  0.348132E+03
  0.100216E+02  0.329271E+03  0.320872E+03  0.000000E+00  0.000000E+00  0.000000E+00  0.327975E+03
  0.103613E+02  0.310191E+03  0.302276E+03  0.000000E+00  0.000000E+00  0.000000E+00  0.308970E+03
  0.107125E+02  0.292204E+03  0.284746E+03  0.000000E+00  0.000000E+00  0.000000E+00  0.291053E+03
  0.110756E+02  0.275248E+03  0.268219E+03  0.000000E+00  0.000000E+00  0.000000E+00  0.274163E+03
  0.114510E+02  0.259263E+03  0.252640E+03  0.000000E+00  0.000000E+00  0.000000E+00  0.258241E+03
  0.118392E+02  0.244196E+03  0.237955E+03  0.000000E+00  0.000000E+00  0.000000E+00  0.243233E+03
  0.122404E+02  0.229995E+03  0.224114E+03  0.000000E+00  0.000000E+00  0.000000E+00  0.229087E+03
  0.126553E+02  0.216610E+03  0.211068E+03  0.000000E+00  0.000000E+00  0.000000E+00  0.215755E+03
  0.130843E+02  0.203996E+03  0.198773E+03  0.000000E+00  0.000000E+00  0.000000E+00  0.203190E+03
  0.135278E+02  0.192107E+03  0.187186E+03  0.000000E+00  0.000000E+00  0.000000E+00  0.191347E+03
  0.139863E+02  0.180904E+03  0.176267E+03  0.000000E+00  0.000000E+00  0.000000E+00  0.180189E+03
  0.144604E+02  0.170347E+03  0.165978E+03  0.000000E+00  0.000000E+00  0.000000E+00  0.169673E+03
  0.149505E+02  0.160400E+03  0.156282E+03  0.000000E+00  0.000000E+00  0.000000E+00  0.159764E+03
  0.154573E+02  0.151027E+03  0.147147E+03  0.000000E+00  0.000000E+00  0.000000E+00  0.150428E+03
  0.159812E+02  0.142196E+03  0.138540E+03  0.000000E+00  0.000000E+00  0.000000E+00  0.141632E+03
  0.165229E+02  0.133877E+03  0.130431E+03  0.000000E+00  0.000000E+00  0.000000E+00  0.133345E+03
  0.170829E+02  0.126039E+03  0.122792E+03  0.000000E+00  0.000000E+00  0.000000E+00  0.125537E+03
  0.176619E+02  0.118655E+03  0.115595E+03  0.000000E+00  0.000000E+00  0.000000E+00  0.118183E+03
  0.182606E+02  0.111699E+03  0.108816E+03  0.000000E+00  0.000000E+00  0.000000E+00  0.111254E+03
  0.188795E+02  0.105148E+03  0.102430E+03  0.000000E+00  0.000000E+00  0.000000E+00  0.104728E+03
  0.195195E+02  0.989765E+02  0.964149E+02  0.000000E+00  0.000000E+00  0.000000E+00  0.985812E+02
  0.201811E+02  0.931640E+02  0.907496E+02  0.000000E+00  0.000000E+00  0.000000E+00  0.927914E+02
  0.208651E+02  0.876895E+02  0.854137E+02  0.000000E+00  0.000000E+00  0.000000E+00  0.873383E+02
  0.215723E+02  0.825338E+02  0.803884E+02  0.000000E+00  0.000000E+00  0.000000E+00  0.822027E+02
  0.223035E+02  0.776783E+02  0.756557E+02  0.000000E+00  0.000000E+00  0.000000E+00  0.773661E+02
  0.230595E+02  0.731058E+02  0.711990E+02  0.000000E+00  0.000000E+00  0.000000E+00  0.728116E+02
  0.238411E+02  0.687999E+02  0.670021E+02  0.000000E+00  0.000000E+00  0.000000E+00  0.685225E+02
  0.246492E+02  0.647455E+02  0.630502E+02  0.000000E+00  0.000000E+00  0.000000E+00  0.644839E+02
  0.254847E+02  0.609277E+02  0.593289E+02  0.000000E+00  0.000000E+00  0.000000E+00  0.606810E+02
  0.263485E+02  0.573331E+02  0.558252E+02  0.000000E+00  0.000000E+00  0.000000E+00  0.571004E+02
  0.272416E+02  0.539487E+02  0.525263E+02  0.000000E+00  0.000000E+00  0.000000E+00  0.537292E+02
  0.281650E+02  0.507623E+02  0.494204E+02  0.000000E+00  0.000000E+00  0.000000E+00  0.505552E+02
  0.291196E+02  0.477625E+02  0.464964E+02  0.000000E+00  0.000000E+00  0.000000E+00  0.475671E+02
  0.301066E+02  0.449384E+02  0.437437E+02  0.000000E+00  0.000000E+00  0.000000E+00  0.447540E+02
  0.311271E+02  0.422799E+02  0.411523E+02  0.000000E+00  0.000000E+00  0.000000E+00  0.421059E+02
  0.321822E+02  0.397773E+02  0.387129E+02  0.000000E+00  0.000000E+00  0.000000E+00  0.396130E+02
  0.332730E+02  0.374217E+02  0.364167E+02  0.000000E+00  0.000000E+00  0.000000E+00  0.372666E+02
  0.344008E+02  0.352043E+02  0.342552E+02  0.000000E+00  0.000000E+00  0.000000E+00  0.350578E+02
  0.355668E+02  0.331172E+02  0.322208E+02  0.000000E+00  0.000000E+00  0.000000E+00  0.329789E+02
  0.367723E+02  0.311529E+02  0.303060E+02  0.000000E+00  0.000000E+00  0.000000E+00  0.310222E+02
  0.380187E+02  0.293041E+02  0.285038E+02  0.000000E+00  0.000000E+00  0.000000E+00  0.291806E+02
  0.393074E+02  0.275641E+02  0.268076E+02  0.000000E+00  0.000000E+00  0.000000E+00  0.274473E+02
  0.406397E+02  0.259266E+02  0.252113E+02  0.000000E+00  0.000000E+00  0.000000E+00  0.258162E+02
  0.420172E+02  0.243855E+02  0.237091E+02  0.000000E+00  0.000000E+00  0.000000E+00  0.242811E+02
  0.434414E+02  0.229354E+02  0.222954E+02  0.000000E+00  0.000000E+00  0.000000E+00  0.228366E+02
  0.449138E+02  0.215707E+02  0.209651E+02  0.000000E+00  0.000000E+00  0.000000E+00  0.214773E+02
  0.464362E+02  0.202866E+02  0.197133E+02  0.000000E+00  0.000000E+00  0.000000E+00  0.201982E+02
  0.480101E+02  0.190784E+02  0.185354E+02  0.000000E+00  0.000000E+00  0.000000E+00  0.189946E+02
  0.496375E+02  0.179415E+02  0.174270E+02  0.000000E+00  0.000000E+00  0.000000E+00  0.178621E+02
  0.513199E+02  0.168718E+02  0.163842E+02  0.000000E+00  0.000000E+00  0.000000E+00  0.167966E+02
  0.530594E+02  0.158654E+02  0.154030E+02  0.000000E+00  0.000000E+00  0.000000E+00  0.157940E+02
  0.548579E+02  0.149186E+02  0.144799E+02  0.000000E+00  0.000000E+00  0.000000E+00  0.148509E+02
  0.567173E+02  0.140277E+02  0.136113E+02  0.000000E+00  0.000000E+00  0.000000E+00  0.139635E+02
  0.586397E+02  0.131897E+02  0.127943E+02  0.000000E+00  0.000000E+00  0.000000E+00  0.131287E+02
  0.606273E+02  0.124013E+02  0.120256E+02  0.000000E+00  0.000000E+00  0.000000E+00  0.123433E+02
  0.626823E+02  0.116596E+02  0.113025E+02  0.000000E+00  0.000000E+00  0.000000E+00  0.116045E+02
  0.648069E+02  0.109620E+02  0.106222E+02  0.000000E+00  0.000000E+00  0.000000E+00  0.109095E+02
  0.670036E+02  0.103057E+02  0.998228E+01  0.000000E+00  0.000000E+00  0.000000E+00  0.102558E+02
  0.692747E+02  0.968838E+01  0.938036E+01  0.000000E+00  0.000000E+00  0.000000E+00  0.964084E+01
  0.716227E+02  0.910773E+01  0.881416E+01  0.000000E+00  0.000000E+00  0.000000E+00  0.906242E+01
  0.740504E+02  0.856159E+01  0.828161E+01  0.000000E+00  0.000000E+00  0.000000E+00  0.851838E+01
  0.765604E+02  0.804791E+01  0.778069E+01  0.000000E+00  0.000000E+00  0.000000E+00  0.800667E+01
  0.791553E+02  0.756479E+01  0.730956E+01  0.000000E+00  0.000000E+00  0.000000E+00  0.752540E+01
  0.818384E+02  0.711040E+01  0.686644E+01  0.000000E+00  0.000000E+00  0.000000E+00  0.707275E+01
  0.846122E+02  0.668307E+01  0.644970E+01  0.000000E+00  0.000000E+00  0.000000E+00  0.664706E+01
  0.874802E+02  0.628118E+01  0.605775E+01  0.000000E+00  0.000000E+00  0.000000E+00  0.624670E+01
  0.904453E+02  0.590324E+01  0.568915E+01  0.000000E+00  0.000000E+00  0.000000E+00  0.587020E+01
  0.935109E+02  0.554783E+01  0.534251E+01  0.000000E+00  0.000000E+00  0.000000E+00  0.551614E+01
  0.966806E+02  0.521358E+01  0.501651E+01  0.000000E+00  0.000000E+00  0.000000E+00  0.518317E+01
  0.999576E+02  0.489930E+01  0.470997E+01  0.000000E+00  0.000000E+00  0.000000E+00  0.487008E+01
  0.103346E+03  0.460376E+01  0.442171E+01  0.000000E+00  0.000000E+00  0.000000E+00  0.457567E+01
  0.106849E+03  0.432586E+01  0.415064E+01  0.000000E+00  0.000000E+00  0.000000E+00  0.429882E+01
  0.110470E+03  0.406456E+01  0.389576E+01  0.000000E+00  0.000000E+00  0.000000E+00  0.403851E+01
  0.114215E+03  0.381888E+01  0.365611E+01  0.000000E+00  0.000000E+00  0.000000E+00  0.379376E+01
  0.118086E+03  0.358788E+01  0.343078E+01  0.000000E+00  0.000000E+00  0.000000E+00  0.356364E+01
  0.122089E+03  0.337068E+01  0.321891E+01  0.000000E+00  0.000000E+00  0.000000E+00  0.334726E+01
  0.126227E+03  0.316649E+01  0.301972E+01  0.000000E+00  0.000000E+00  0.000000E+00  0.314384E+01
  0.130505E+03  0.297451E+01  0.283245E+01  0.000000E+00  0.000000E+00  0.000000E+00  0.295259E+01
  0.134928E+03  0.279403E+01  0.265639E+01  0.000000E+00  0.000000E+00  0.000000E+00  0.277279E+01
  0.139502E+03  0.262434E+01  0.249087E+01  0.000000E+00  0.000000E+00  0.000000E+00  0.260374E+01
  0.144230E+03  0.246484E+01  0.233527E+01  0.000000E+00  0.000000E+00  0.000000E+00  0.244484E+01
  0.149119E+03  0.231489E+01  0.218901E+01  0.000000E+00  0.000000E+00  0.000000E+00  0.229546E+01
  0.154173E+03  0.217393E+01  0.205153E+01  0.000000E+00  0.000000E+00  0.000000E+00  0.215504E+01
  0.159399E+03  0.204142E+01  0.192229E+01  0.000000E+00  0.000000E+00  0.000000E+00  0.202303E+01
  0.164802E+03  0.191687E+01  0.180083E+01  0.000000E+00  0.000000E+00  0.000000E+00  0.189896E+01
  0.170388E+03  0.179979E+01  0.168667E+01  0.000000E+00  0.000000E+00  0.000000E+00  0.178234E+01
  0.176164E+03  0.168975E+01  0.157938E+01  0.000000E+00  0.000000E+00  0.000000E+00  0.167271E+01
  0.182135E+03  0.158632E+01  0.147856E+01  0.000000E+00  0.000000E+00  0.000000E+00  0.156969E+01
  0.188308E+03  0.148911E+01  0.138382E+01  0.000000E+00  0.000000E+00  0.000000E+00  0.147286E+01
  0.194691E+03  0.139774E+01  0.129479E+01  0.000000E+00  0.000000E+00  0.000000E+00  0.138185E+01
  0.201290E+03  0.131187E+01  0.121115E+01  0.000000E+00  0.000000E+00  0.000000E+00  0.129633E+01
