  0.108800E-04  0.152296E+08  0.152296E+08  0.202978E+08  0.202977E+08  0.000000E+00  0.152296E+08
  0.112487E-04  0.152296E+08  0.152296E+08  0.202972E+08  0.202972E+08  0.000000E+00  0.152296E+08
  0.116300E-04  0.152296E+08  0.152296E+08  0.202966E+08  0.202965E+08  0.000000E+00  0.152296E+08
  0.120242E-04  0.152296E+08  0.152296E+08  0.202959E+08  0.202959E+08  0.000000E+00  0.152296E+08
  0.124318E-04  0.152296E+08  0.152296E+08  0.202952E+08  0.202952E+08  0.000000E+00  0.152296E+08
  0.128531E-04  0.152296E+08  0.152296E+08  0.202944E+08  0.202944E+08  0.000000E+00  0.152296E+08
  0.132888E-04  0.152296E+08  0.152296E+08  0.202936E+08  0.202936E+08  0.000000E+00  0.152296E+08
  0.137392E-04  0.152296E+08  0.152296E+08  0.202927E+08  0.202927E+08  0.000000E+00  0.152296E+08
  0.142049E-04  0.152296E+08  0.152296E+08  0.202918E+08  0.202918E+08  0.000000E+00  0.152296E+08
  0.146864E-04  0.152296E+08  0.152296E+08  0.202908E+08  0.202908E+08  0.000000E+00  0.152296E+08
  0.151842E-04  0.152296E+08  0.152296E+08  0.202898E+08  0.202897E+08  0.000000E+00  0.152296E+08
  0.156989E-04  0.152296E+08  0.152296E+08  0.202886E+08  0.202886E+08  0.000000E+00  0.152296E+08
  0.162310E-04  0.152296E+08  0.152296E+08  0.202874E+08  0.202874E+08  0.000000E+00  0.152296E+08
  0.167811E-04  0.152296E+08  0.152296E+08  0.202861E+08  0.202861E+08  0.000000E+00  0.152296E+08
  0.173499E-04  0.152296E+08  0.152296E+08  0.202847E+08  0.202847E+08  0.000000E+00  0.152296E+08
  0.179380E-04  0.152296E+08  0.152296E+08  0.202832E+08  0.202832E+08  0.000000E+00  0.152296E+08
  0.185460E-04  0.152296E+08  0.152296E+08  0.202817E+08  0.202816E+08  0.000000E+00  0.152296E+08
  0.191746E-04  0.152296E+08  0.152296E+08  0.202800E+08  0.202799E+08  0.000000E+00  0.152296E+08
  0.198246E-04  0.152296E+08  0.152296E+08  0.202782E+08  0.202781E+08  0.000000E+00  0.152296E+08
  0.204965E-04  0.152296E+08  0.152296E+08  0.202762E+08  0.202762E+08  0.000000E+00  0.152296E+08
  0.211913E-04  0.152296E+08  0.152296E+08  0.202742E+08  0.202741E+08  0.000000E+00  0.152296E+08
  0.219095E-04  0.152296E+08  0.152296E+08  0.202720E+08  0.202719E+08  0.000000E+00  0.152296E+08
  0.226522E-04  0.152296E+08  0.152296E+08  0.202696E+08  0.202695E+08  0.000000E+00  0.152296E+08
  0.234200E-04  0.152296E+08  0.152296E+08  0.202671E+08  0.202670E+08  0.000000E+00  0.152296E+08
  0.242138E-04  0.152296E+08  0.152296E+08  0.202644E+08  0.202643E+08  0.000000E+00  0.152296E+08
  0.250345E-04  0.152296E+08  0.152296E+08  0.202615E+08  0.202614E+08  0.000000E+00  0.152296E+08
  0.258831E-04  0.152295E+08  0.152295E+08  0.202584E+08  0.202583E+08  0.000000E+00  0.152295E+08
  0.267604E-04  0.152295E+08  0.152295E+08  0.202551E+08  0.202550E+08  0.000000E+00  0.152295E+08
  0.276674E-04  0.152295E+08  0.152295E+08  0.202516E+08  0.202515E+08  0.000000E+00  0.152295E+08
  0.286052E-04  0.152295E+08  0.152295E+08  0.202478E+08  0.202477E+08  0.000000E+00  0.152295E+08
  0.295748E-04  0.152295E+08  0.152295E+08  0.202438E+08  0.202437E+08  0.000000E+00  0.152295E+08
  0.305772E-04  0.152295E+08  0.152295E+08  0.202395E+08  0.202394E+08  0.000000E+00  0.152295E+08
  0.316136E-04  0.152295E+08  0.152295E+08  0.202349E+08  0.202348E+08  0.000000E+00  0.152295E+08
  0.326852E-04  0.152295E+08  0.152295E+08  0.202300E+08  0.202299E+08  0.000000E+00  0.152295E+08
  0.337931E-04  0.152295E+08  0.152295E+08  0.202248E+08  0.202246E+08  0.000000E+00  0.152295E+08
  0.349385E-04  0.152294E+08  0.152294E+08  0.202192E+08  0.202190E+08  0.000000E+00  0.152294E+08
  0.361227E-04  0.152294E+08  0.152294E+08  0.202132E+08  0.202130E+08  0.000000E+00  0.152294E+08
  0.373471E-04  0.152294E+08  0.152294E+08  0.202068E+08  0.202066E+08  0.000000E+00  0.152294E+08
  0.386130E-04  0.152294E+08  0.152294E+08  0.202000E+08  0.201998E+08  0.000000E+00  0.152294E+08
  0.399218E-04  0.152294E+08  0.152294E+08  0.201927E+08  0.201925E+08  0.000000E+00  0.152294E+08
  0.412749E-04  0.152294E+08  0.152294E+08  0.201849E+08  0.201846E+08  0.000000E+00  0.152294E+08
  0.426740E-04  0.152293E+08  0.152293E+08  0.201765E+08  0.201763E+08  0.000000E+00  0.152293E+08
  0.441204E-04  0.152293E+08  0.152293E+08  0.201676E+08  0.201674E+08  0.000000E+00  0.152293E+08
  0.456159E-04  0.152293E+08  0.152293E+08  0.201581E+08  0.201578E+08  0.000000E+00  0.152293E+08
  0.471620E-04  0.152293E+08  0.152293E+08  0.201479E+08  0.201476E+08  0.000000E+00  0.152293E+08
  0.487606E-04  0.152292E+08  0.152292E+08  0.201370E+08  0.201367E+08  0.000000E+00  0.152292E+08
  0.504133E-04  0.152292E+08  0.152292E+08  0.201254E+08  0.201251E+08  0.000000E+00  0.152292E+08
  0.521221E-04  0.152292E+08  0.152292E+08  0.201130E+08  0.201127E+08  0.000000E+00  0.152292E+08
  0.538888E-04  0.152292E+08  0.152291E+08  0.200997E+08  0.200994E+08  0.000000E+00  0.152292E+08
  0.557153E-04  0.152291E+08  0.152291E+08  0.200856E+08  0.200852E+08  0.000000E+00  0.152291E+08
  0.576038E-04  0.152291E+08  0.152291E+08  0.200705E+08  0.200700E+08  0.000000E+00  0.152291E+08
  0.595563E-04  0.152290E+08  0.152290E+08  0.200543E+08  0.200539E+08  0.000000E+00  0.152290E+08
  0.615750E-04  0.152290E+08  0.152290E+08  0.200370E+08  0.200366E+08  0.000000E+00  0.152290E+08
  0.636621E-04  0.152289E+08  0.152289E+08  0.200186E+08  0.200181E+08  0.000000E+00  0.152289E+08
  0.658199E-04  0.152289E+08  0.152289E+08  0.199989E+08  0.199984E+08  0.000000E+00  0.152289E+08
  0.680509E-04  0.152288E+08  0.152288E+08  0.199779E+08  0.199773E+08  0.000000E+00  0.152288E+08
  0.703575E-04  0.152288E+08  0.152288E+08  0.199554E+08  0.199548E+08  0.000000E+00  0.152288E+08
  0.727422E-04  0.152287E+08  0.152287E+08  0.199315E+08  0.199308E+08  0.000000E+00  0.152287E+08
  0.752079E-04  0.152287E+08  0.152287E+08  0.199059E+08  0.199052E+08  0.000000E+00  0.152287E+08
  0.777570E-04  0.152286E+08  0.152286E+08  0.198785E+08  0.198778E+08  0.000000E+00  0.152286E+08
  0.803926E-04  0.152285E+08  0.152285E+08  0.198494E+08  0.198486E+08  0.000000E+00  0.152285E+08
  0.831175E-04  0.152284E+08  0.152284E+08  0.198182E+08  0.198174E+08  0.000000E+00  0.152284E+08
  0.859348E-04  0.152284E+08  0.152284E+08  0.197850E+08  0.197841E+08  0.000000E+00  0.152284E+08
  0.888476E-04  0.152283E+08  0.152283E+08  0.197495E+08  0.197486E+08  0.000000E+00  0.152283E+08
  0.918591E-04  0.152282E+08  0.152282E+08  0.197117E+08  0.197107E+08  0.000000E+00  0.152282E+08
  0.949726E-04  0.152281E+08  0.152281E+08  0.196713E+08  0.196702E+08  0.000000E+00  0.152281E+08
  0.981917E-04  0.152280E+08  0.152280E+08  0.196282E+08  0.196270E+08  0.000000E+00  0.152280E+08
  0.101520E-03  0.152278E+08  0.152278E+08  0.195823E+08  0.195810E+08  0.000000E+00  0.152278E+08
  0.104961E-03  0.152277E+08  0.152277E+08  0.195332E+08  0.195319E+08  0.000000E+00  0.152277E+08
  0.108519E-03  0.152276E+08  0.152276E+08  0.194810E+08  0.194796E+08  0.000000E+00  0.152276E+08
  0.112197E-03  0.152274E+08  0.152274E+08  0.194253E+08  0.194238E+08  0.000000E+00  0.152274E+08
  0.116000E-03  0.152273E+08  0.152273E+08  0.193659E+08  0.193643E+08  0.000000E+00  0.152273E+08
  0.119932E-03  0.152271E+08  0.152271E+08  0.193026E+08  0.193009E+08  0.000000E+00  0.152271E+08
  0.123997E-03  0.152270E+08  0.152270E+08  0.192351E+08  0.192333E+08  0.000000E+00  0.152270E+08
  0.128200E-03  0.152268E+08  0.152268E+08  0.191632E+08  0.191613E+08  0.000000E+00  0.152268E+08
  0.132545E-03  0.152266E+08  0.152266E+08  0.190867E+08  0.190846E+08  0.000000E+00  0.152266E+08
  0.137038E-03  0.152264E+08  0.152264E+08  0.190052E+08  0.190030E+08  0.000000E+00  0.152264E+08
  0.141683E-03  0.152261E+08  0.152261E+08  0.189184E+08  0.189161E+08  0.000000E+00  0.152261E+08
  0.146485E-03  0.152259E+08  0.152259E+08  0.188261E+08  0.188236E+08  0.000000E+00  0.152259E+08
  0.151450E-03  0.152256E+08  0.152256E+08  0.187279E+08  0.187253E+08  0.000000E+00  0.152256E+08
  0.156583E-03  0.152254E+08  0.152254E+08  0.186234E+08  0.186206E+08  0.000000E+00  0.152254E+08
  0.161891E-03  0.152251E+08  0.152251E+08  0.185123E+08  0.185094E+08  0.000000E+00  0.152251E+08
  0.167378E-03  0.152247E+08  0.152247E+08  0.183943E+08  0.183912E+08  0.000000E+00  0.152247E+08
  0.173051E-03  0.152244E+08  0.152244E+08  0.182689E+08  0.182656E+08  0.000000E+00  0.152244E+08
  0.178917E-03  0.152241E+08  0.152240E+08  0.181357E+08  0.181322E+08  0.000000E+00  0.152241E+08
  0.184981E-03  0.152237E+08  0.152237E+08  0.179944E+08  0.179907E+08  0.000000E+00  0.152237E+08
  0.191251E-03  0.152233E+08  0.152232E+08  0.178444E+08  0.178405E+08  0.000000E+00  0.152233E+08
  0.197734E-03  0.152228E+08  0.152228E+08  0.176855E+08  0.176813E+08  0.000000E+00  0.152228E+08
  0.204436E-03  0.152224E+08  0.152223E+08  0.175170E+08  0.175127E+08  0.000000E+00  0.152224E+08
  0.211366E-03  0.152219E+08  0.152218E+08  0.173386E+08  0.173340E+08  0.000000E+00  0.152219E+08
  0.218530E-03  0.152213E+08  0.152213E+08  0.171497E+08  0.171449E+08  0.000000E+00  0.152213E+08
  0.225937E-03  0.152208E+08  0.152207E+08  0.169500E+08  0.169450E+08  0.000000E+00  0.152208E+08
  0.233595E-03  0.152201E+08  0.152201E+08  0.167390E+08  0.167337E+08  0.000000E+00  0.152201E+08
  0.241513E-03  0.152195E+08  0.152195E+08  0.165161E+08  0.165106E+08  0.000000E+00  0.152195E+08
  0.249699E-03  0.152188E+08  0.152188E+08  0.162810E+08  0.162752E+08  0.000000E+00  0.152188E+08
  0.258162E-03  0.152181E+08  0.152181E+08  0.160332E+08  0.160270E+08  0.000000E+00  0.152181E+08
  0.266913E-03  0.152173E+08  0.152173E+08  0.157722E+08  0.157658E+08  0.000000E+00  0.152173E+08
  0.275960E-03  0.152165E+08  0.152164E+08  0.154976E+08  0.154910E+08  0.000000E+00  0.152165E+08
  0.285314E-03  0.152156E+08  0.152155E+08  0.152092E+08  0.152023E+08  0.000000E+00  0.152156E+08
  0.294984E-03  0.152146E+08  0.152146E+08  0.149065E+08  0.148993E+08  0.000000E+00  0.152146E+08
  0.304983E-03  0.152136E+08  0.152136E+08  0.145892E+08  0.145818E+08  0.000000E+00  0.152136E+08
  0.315320E-03  0.152125E+08  0.152125E+08  0.142572E+08  0.142495E+08  0.000000E+00  0.152125E+08
  0.326008E-03  0.152114E+08  0.152113E+08  0.139103E+08  0.139024E+08  0.000000E+00  0.152113E+08
  0.337058E-03  0.152101E+08  0.152101E+08  0.135484E+08  0.135402E+08  0.000000E+00  0.152101E+08
  0.348483E-03  0.152088E+08  0.152088E+08  0.131715E+08  0.131631E+08  0.000000E+00  0.152088E+08
  0.360295E-03  0.152074E+08  0.152074E+08  0.127798E+08  0.127712E+08  0.000000E+00  0.152074E+08
  0.372507E-03  0.152059E+08  0.152059E+08  0.123734E+08  0.123647E+08  0.000000E+00  0.152059E+08
  0.385133E-03  0.152043E+08  0.152043E+08  0.119529E+08  0.119440E+08  0.000000E+00  0.152043E+08
  0.398187E-03  0.152027E+08  0.152026E+08  0.115186E+08  0.115097E+08  0.000000E+00  0.152027E+08
  0.411684E-03  0.152009E+08  0.152008E+08  0.110714E+08  0.110625E+08  0.000000E+00  0.152009E+08
  0.425638E-03  0.151990E+08  0.151989E+08  0.106122E+08  0.106032E+08  0.000000E+00  0.151990E+08
  0.440065E-03  0.151969E+08  0.151969E+08  0.101419E+08  0.101330E+08  0.000000E+00  0.151969E+08
  0.454981E-03  0.151948E+08  0.151947E+08  0.966199E+07  0.965324E+07  0.000000E+00  0.151948E+08
  0.470403E-03  0.151925E+08  0.151924E+08  0.917390E+07  0.916534E+07  0.000000E+00  0.151925E+08
  0.486347E-03  0.151900E+08  0.151900E+08  0.867940E+07  0.867112E+07  0.000000E+00  0.151900E+08
  0.502832E-03  0.151875E+08  0.151874E+08  0.818050E+07  0.817255E+07  0.000000E+00  0.151875E+08
  0.519875E-03  0.151847E+08  0.151846E+08  0.767940E+07  0.767188E+07  0.000000E+00  0.151847E+08
  0.537497E-03  0.151818E+08  0.151817E+08  0.717858E+07  0.717156E+07  0.000000E+00  0.151818E+08
  0.555715E-03  0.151787E+08  0.151786E+08  0.668070E+07  0.667427E+07  0.000000E+00  0.151787E+08
  0.574551E-03  0.151754E+08  0.151753E+08  0.618865E+07  0.618287E+07  0.000000E+00  0.151754E+08
  0.594026E-03  0.151719E+08  0.151719E+08  0.570544E+07  0.570040E+07  0.000000E+00  0.151719E+08
  0.614160E-03  0.151683E+08  0.151682E+08  0.523425E+07  0.523001E+07  0.000000E+00  0.151683E+08
  0.634977E-03  0.151644E+08  0.151643E+08  0.477832E+07  0.477494E+07  0.000000E+00  0.151644E+08
  0.656500E-03  0.151602E+08  0.151601E+08  0.434088E+07  0.433841E+07  0.000000E+00  0.151602E+08
  0.678752E-03  0.151559E+08  0.151557E+08  0.392511E+07  0.392358E+07  0.000000E+00  0.151559E+08
  0.701758E-03  0.151512E+08  0.151511E+08  0.353405E+07  0.353345E+07  0.000000E+00  0.151512E+08
  0.725544E-03  0.151464E+08  0.151462E+08  0.317044E+07  0.317077E+07  0.000000E+00  0.151463E+08
  0.750137E-03  0.151412E+08  0.151410E+08  0.283670E+07  0.283790E+07  0.000000E+00  0.151412E+08
  0.775563E-03  0.151357E+08  0.151356E+08  0.253475E+07  0.253677E+07  0.000000E+00  0.151357E+08
  0.801851E-03  0.151300E+08  0.151298E+08  0.226595E+07  0.226867E+07  0.000000E+00  0.151300E+08
  0.829029E-03  0.151239E+08  0.151237E+08  0.203095E+07  0.203424E+07  0.000000E+00  0.151239E+08
  0.857129E-03  0.151175E+08  0.151173E+08  0.182960E+07  0.183331E+07  0.000000E+00  0.151175E+08
  0.886182E-03  0.151108E+08  0.151106E+08  0.166094E+07  0.166487E+07  0.000000E+00  0.151108E+08
  0.916219E-03  0.151037E+08  0.151035E+08  0.152308E+07  0.152702E+07  0.000000E+00  0.151037E+08
  0.947274E-03  0.150962E+08  0.150960E+08  0.141324E+07  0.141697E+07  0.000000E+00  0.150962E+08
  0.979383E-03  0.150884E+08  0.150881E+08  0.132781E+07  0.133112E+07  0.000000E+00  0.150883E+08
  0.101258E-02  0.150801E+08  0.150798E+08  0.126247E+07  0.126515E+07  0.000000E+00  0.150801E+08
  0.104690E-02  0.150714E+08  0.150711E+08  0.121234E+07  0.121419E+07  0.000000E+00  0.150714E+08
  0.108239E-02  0.150623E+08  0.150620E+08  0.117222E+07  0.117312E+07  0.000000E+00  0.150623E+08
  0.111907E-02  0.150527E+08  0.150524E+08  0.113693E+07  0.113678E+07  0.000000E+00  0.150527E+08
  0.115700E-02  0.150426E+08  0.150423E+08  0.110160E+07  0.110038E+07  0.000000E+00  0.150426E+08
  0.119622E-02  0.150320E+08  0.150317E+08  0.106207E+07  0.105984E+07  0.000000E+00  0.150320E+08
  0.123677E-02  0.150210E+08  0.150206E+08  0.101523E+07  0.101208E+07  0.000000E+00  0.150210E+08
  0.127869E-02  0.150094E+08  0.150089E+08  0.959271E+06  0.955403E+06  0.000000E+00  0.150093E+08
  0.132203E-02  0.149972E+08  0.149967E+08  0.893963E+06  0.889582E+06  0.000000E+00  0.149972E+08
  0.136684E-02  0.149844E+08  0.149839E+08  0.820641E+06  0.815974E+06  0.000000E+00  0.149844E+08
  0.141317E-02  0.149711E+08  0.149705E+08  0.742111E+06  0.737356E+06  0.000000E+00  0.149710E+08
  0.146107E-02  0.149571E+08  0.149565E+08  0.662312E+06  0.657600E+06  0.000000E+00  0.149570E+08
  0.151059E-02  0.149424E+08  0.149418E+08  0.585801E+06  0.581158E+06  0.000000E+00  0.149424E+08
  0.156179E-02  0.149271E+08  0.149265E+08  0.517081E+06  0.512405E+06  0.000000E+00  0.149271E+08
  0.161473E-02  0.149111E+08  0.149104E+08  0.459860E+06  0.454910E+06  0.000000E+00  0.149110E+08
  0.166946E-02  0.148943E+08  0.148936E+08  0.416353E+06  0.410778E+06  0.000000E+00  0.148943E+08
  0.172605E-02  0.148768E+08  0.148760E+08  0.386779E+06  0.380173E+06  0.000000E+00  0.148767E+08
  0.178455E-02  0.148585E+08  0.148577E+08  0.369183E+06  0.361170E+06  0.000000E+00  0.148584E+08
  0.184504E-02  0.148393E+08  0.148385E+08  0.000000E+00  0.000000E+00  0.000000E+00  0.148393E+08
  0.190758E-02  0.148194E+08  0.148184E+08  0.000000E+00  0.000000E+00  0.000000E+00  0.148193E+08
  0.197223E-02  0.147985E+08  0.147975E+08  0.000000E+00  0.000000E+00  0.000000E+00  0.147985E+08
  0.203908E-02  0.147767E+08  0.147757E+08  0.000000E+00  0.000000E+00  0.000000E+00  0.147767E+08
  0.210820E-02  0.147541E+08  0.147529E+08  0.000000E+00  0.000000E+00  0.000000E+00  0.147540E+08
  0.217966E-02  0.147304E+08  0.147292E+08  0.000000E+00  0.000000E+00  0.000000E+00  0.147303E+08
  0.225354E-02  0.147057E+08  0.147045E+08  0.000000E+00  0.000000E+00  0.000000E+00  0.147057E+08
  0.232992E-02  0.146800E+08  0.146787E+08  0.000000E+00  0.000000E+00  0.000000E+00  0.146800E+08
  0.240889E-02  0.146532E+08  0.146518E+08  0.000000E+00  0.000000E+00  0.000000E+00  0.146532E+08
  0.249054E-02  0.146253E+08  0.146238E+08  0.000000E+00  0.000000E+00  0.000000E+00  0.146253E+08
  0.257496E-02  0.145963E+08  0.145947E+08  0.000000E+00  0.000000E+00  0.000000E+00  0.145963E+08
  0.266224E-02  0.145661E+08  0.145644E+08  0.000000E+00  0.000000E+00  0.000000E+00  0.145660E+08
  0.275248E-02  0.145347E+08  0.145328E+08  0.000000E+00  0.000000E+00  0.000000E+00  0.145346E+08
  0.284577E-02  0.145020E+08  0.145001E+08  0.000000E+00  0.000000E+00  0.000000E+00  0.145020E+08
  0.294223E-02  0.144681E+08  0.144660E+08  0.000000E+00  0.000000E+00  0.000000E+00  0.144680E+08
  0.304196E-02  0.144328E+08  0.144306E+08  0.000000E+00  0.000000E+00  0.000000E+00  0.144327E+08
  0.314506E-02  0.143962E+08  0.143938E+08  0.000000E+00  0.000000E+00  0.000000E+00  0.143961E+08
  0.325166E-02  0.143581E+08  0.143556E+08  0.000000E+00  0.000000E+00  0.000000E+00  0.143580E+08
  0.336188E-02  0.143187E+08  0.143160E+08  0.000000E+00  0.000000E+00  0.000000E+00  0.143186E+08
  0.347583E-02  0.142777E+08  0.142749E+08  0.000000E+00  0.000000E+00  0.000000E+00  0.142776E+08
  0.359365E-02  0.142353E+08  0.142323E+08  0.000000E+00  0.000000E+00  0.000000E+00  0.142352E+08
  0.371545E-02  0.141913E+08  0.141881E+08  0.000000E+00  0.000000E+00  0.000000E+00  0.141912E+08
  0.384139E-02  0.141457E+08  0.141423E+08  0.000000E+00  0.000000E+00  0.000000E+00  0.141456E+08
  0.397159E-02  0.140985E+08  0.140949E+08  0.000000E+00  0.000000E+00  0.000000E+00  0.140984E+08
  0.410621E-02  0.140496E+08  0.140458E+08  0.000000E+00  0.000000E+00  0.000000E+00  0.140495E+08
  0.424539E-02  0.139990E+08  0.139949E+08  0.000000E+00  0.000000E+00  0.000000E+00  0.139989E+08
  0.438929E-02  0.139467E+08  0.139424E+08  0.000000E+00  0.000000E+00  0.000000E+00  0.139466E+08
  0.453806E-02  0.138926E+08  0.138880E+08  0.000000E+00  0.000000E+00  0.000000E+00  0.138925E+08
  0.469188E-02  0.138367E+08  0.138318E+08  0.000000E+00  0.000000E+00  0.000000E+00  0.138366E+08
  0.485091E-02  0.137790E+08  0.137738E+08  0.000000E+00  0.000000E+00  0.000000E+00  0.137788E+08
  0.501534E-02  0.137194E+08  0.137138E+08  0.000000E+00  0.000000E+00  0.000000E+00  0.137192E+08
  0.518533E-02  0.136578E+08  0.136519E+08  0.000000E+00  0.000000E+00  0.000000E+00  0.136576E+08
  0.536109E-02  0.135943E+08  0.135881E+08  0.000000E+00  0.000000E+00  0.000000E+00  0.135941E+08
  0.554280E-02  0.135288E+08  0.135222E+08  0.000000E+00  0.000000E+00  0.000000E+00  0.135286E+08
  0.573068E-02  0.134613E+08  0.134543E+08  0.000000E+00  0.000000E+00  0.000000E+00  0.134611E+08
  0.592492E-02  0.133918E+08  0.133843E+08  0.000000E+00  0.000000E+00  0.000000E+00  0.133915E+08
  0.612574E-02  0.133201E+08  0.133122E+08  0.000000E+00  0.000000E+00  0.000000E+00  0.133199E+08
  0.633338E-02  0.132464E+08  0.132380E+08  0.000000E+00  0.000000E+00  0.000000E+00  0.132461E+08
  0.654805E-02  0.131705E+08  0.131616E+08  0.000000E+00  0.000000E+00  0.000000E+00  0.131702E+08
  0.677000E-02  0.130924E+08  0.130830E+08  0.000000E+00  0.000000E+00  0.000000E+00  0.130921E+08
  0.699947E-02  0.130121E+08  0.130022E+08  0.000000E+00  0.000000E+00  0.000000E+00  0.130118E+08
  0.723671E-02  0.129296E+08  0.129191E+08  0.000000E+00  0.000000E+00  0.000000E+00  0.129293E+08
  0.748200E-02  0.128449E+08  0.128337E+08  0.000000E+00  0.000000E+00  0.000000E+00  0.128445E+08
  0.773561E-02  0.127579E+08  0.127460E+08  0.000000E+00  0.000000E+00  0.000000E+00  0.127575E+08
  0.799781E-02  0.126686E+08  0.126560E+08  0.000000E+00  0.000000E+00  0.000000E+00  0.126682E+08
  0.826889E-02  0.125769E+08  0.125637E+08  0.000000E+00  0.000000E+00  0.000000E+00  0.125765E+08
  0.854917E-02  0.124830E+08  0.124690E+08  0.000000E+00  0.000000E+00  0.000000E+00  0.124825E+08
  0.883894E-02  0.123867E+08  0.123719E+08  0.000000E+00  0.000000E+00  0.000000E+00  0.123862E+08
  0.913854E-02  0.122880E+08  0.122724E+08  0.000000E+00  0.000000E+00  0.000000E+00  0.122875E+08
  0.944829E-02  0.121869E+08  0.121704E+08  0.000000E+00  0.000000E+00  0.000000E+00  0.121864E+08
  0.976854E-02  0.120835E+08  0.120661E+08  0.000000E+00  0.000000E+00  0.000000E+00  0.120829E+08
  0.100996E-01  0.119776E+08  0.119593E+08  0.000000E+00  0.000000E+00  0.000000E+00  0.119770E+08
  0.104420E-01  0.118693E+08  0.118500E+08  0.000000E+00  0.000000E+00  0.000000E+00  0.118687E+08
  0.107959E-01  0.117587E+08  0.117383E+08  0.000000E+00  0.000000E+00  0.000000E+00  0.117580E+08
  0.111618E-01  0.116456E+08  0.116242E+08  0.000000E+00  0.000000E+00  0.000000E+00  0.116449E+08
  0.115402E-01  0.115300E+08  0.115075E+08  0.000000E+00  0.000000E+00  0.000000E+00  0.115293E+08
  0.119313E-01  0.114121E+08  0.113884E+08  0.000000E+00  0.000000E+00  0.000000E+00  0.114114E+08
  0.123357E-01  0.112918E+08  0.112669E+08  0.000000E+00  0.000000E+00  0.000000E+00  0.112910E+08
  0.127539E-01  0.111690E+08  0.111429E+08  0.000000E+00  0.000000E+00  0.000000E+00  0.111682E+08
  0.131862E-01  0.110438E+08  0.110165E+08  0.000000E+00  0.000000E+00  0.000000E+00  0.110430E+08
  0.136331E-01  0.109163E+08  0.108876E+08  0.000000E+00  0.000000E+00  0.000000E+00  0.109154E+08
  0.140952E-01  0.107864E+08  0.107564E+08  0.000000E+00  0.000000E+00  0.000000E+00  0.107855E+08
  0.145730E-01  0.106542E+08  0.106228E+08  0.000000E+00  0.000000E+00  0.000000E+00  0.106532E+08
  0.150669E-01  0.105197E+08  0.104868E+08  0.000000E+00  0.000000E+00  0.000000E+00  0.105186E+08
  0.155776E-01  0.103828E+08  0.103485E+08  0.000000E+00  0.000000E+00  0.000000E+00  0.103818E+08
  0.161056E-01  0.102438E+08  0.102080E+08  0.000000E+00  0.000000E+00  0.000000E+00  0.102427E+08
  0.166515E-01  0.101025E+08  0.100653E+08  0.000000E+00  0.000000E+00  0.000000E+00  0.101014E+08
  0.172159E-01  0.995913E+07  0.992039E+07  0.000000E+00  0.000000E+00  0.000000E+00  0.995791E+07
  0.177994E-01  0.981364E+07  0.977340E+07  0.000000E+00  0.000000E+00  0.000000E+00  0.981237E+07
  0.184028E-01  0.966612E+07  0.962438E+07  0.000000E+00  0.000000E+00  0.000000E+00  0.966480E+07
  0.190265E-01  0.951664E+07  0.947342E+07  0.000000E+00  0.000000E+00  0.000000E+00  0.951528E+07
  0.196714E-01  0.936528E+07  0.932059E+07  0.000000E+00  0.000000E+00  0.000000E+00  0.936387E+07
  0.203382E-01  0.921213E+07  0.916601E+07  0.000000E+00  0.000000E+00  0.000000E+00  0.921068E+07
  0.210276E-01  0.905729E+07  0.900978E+07  0.000000E+00  0.000000E+00  0.000000E+00  0.905579E+07
  0.217403E-01  0.890085E+07  0.885202E+07  0.000000E+00  0.000000E+00  0.000000E+00  0.889932E+07
  0.224772E-01  0.874295E+07  0.869286E+07  0.000000E+00  0.000000E+00  0.000000E+00  0.874137E+07
  0.232390E-01  0.858371E+07  0.853244E+07  0.000000E+00  0.000000E+00  0.000000E+00  0.858209E+07
  0.240267E-01  0.842326E+07  0.837092E+07  0.000000E+00  0.000000E+00  0.000000E+00  0.842161E+07
  0.248411E-01  0.826176E+07  0.820847E+07  0.000000E+00  0.000000E+00  0.000000E+00  0.826008E+07
  0.256831E-01  0.809937E+07  0.804526E+07  0.000000E+00  0.000000E+00  0.000000E+00  0.809766E+07
  0.265537E-01  0.793626E+07  0.788148E+07  0.000000E+00  0.000000E+00  0.000000E+00  0.793454E+07
  0.274537E-01  0.777264E+07  0.771736E+07  0.000000E+00  0.000000E+00  0.000000E+00  0.777089E+07
  0.283842E-01  0.760869E+07  0.755309E+07  0.000000E+00  0.000000E+00  0.000000E+00  0.760693E+07
  0.293463E-01  0.744463E+07  0.738892E+07  0.000000E+00  0.000000E+00  0.000000E+00  0.744287E+07
  0.303410E-01  0.728068E+07  0.722508E+07  0.000000E+00  0.000000E+00  0.000000E+00  0.727893E+07
  0.313694E-01  0.711709E+07  0.706182E+07  0.000000E+00  0.000000E+00  0.000000E+00  0.711535E+07
  0.324327E-01  0.695408E+07  0.689939E+07  0.000000E+00  0.000000E+00  0.000000E+00  0.695235E+07
  0.335320E-01  0.679190E+07  0.673803E+07  0.000000E+00  0.000000E+00  0.000000E+00  0.679020E+07
  0.346686E-01  0.663080E+07  0.657800E+07  0.000000E+00  0.000000E+00  0.000000E+00  0.662913E+07
  0.358437E-01  0.647100E+07  0.641953E+07  0.000000E+00  0.000000E+00  0.000000E+00  0.646937E+07
  0.370586E-01  0.631273E+07  0.626283E+07  0.000000E+00  0.000000E+00  0.000000E+00  0.631116E+07
  0.383147E-01  0.615565E+07  0.610755E+07  0.000000E+00  0.000000E+00  0.000000E+00  0.615413E+07
  0.396134E-01  0.599952E+07  0.595342E+07  0.000000E+00  0.000000E+00  0.000000E+00  0.599806E+07
  0.409561E-01  0.584569E+07  0.580180E+07  0.000000E+00  0.000000E+00  0.000000E+00  0.584431E+07
  0.423443E-01  0.569438E+07  0.565285E+07  0.000000E+00  0.000000E+00  0.000000E+00  0.569307E+07
  0.437796E-01  0.554565E+07  0.550659E+07  0.000000E+00  0.000000E+00  0.000000E+00  0.554442E+07
  0.452635E-01  0.539946E+07  0.536294E+07  0.000000E+00  0.000000E+00  0.000000E+00  0.539831E+07
  0.467977E-01  0.525560E+07  0.522166E+07  0.000000E+00  0.000000E+00  0.000000E+00  0.525454E+07
  0.483839E-01  0.511385E+07  0.508243E+07  0.000000E+00  0.000000E+00  0.000000E+00  0.511286E+07
  0.500239E-01  0.497391E+07  0.494491E+07  0.000000E+00  0.000000E+00  0.000000E+00  0.497299E+07
  0.517194E-01  0.483554E+07  0.480881E+07  0.000000E+00  0.000000E+00  0.000000E+00  0.483470E+07
  0.534725E-01  0.469861E+07  0.467392E+07  0.000000E+00  0.000000E+00  0.000000E+00  0.469783E+07
  0.552850E-01  0.456311E+07  0.454019E+07  0.000000E+00  0.000000E+00  0.000000E+00  0.456238E+07
  0.571588E-01  0.442930E+07  0.440784E+07  0.000000E+00  0.000000E+00  0.000000E+00  0.442862E+07
  0.590963E-01  0.429790E+07  0.427756E+07  0.000000E+00  0.000000E+00  0.000000E+00  0.429726E+07
  0.610993E-01  0.417221E+07  0.415266E+07  0.000000E+00  0.000000E+00  0.000000E+00  0.417159E+07
  0.631703E-01  0.404470E+07  0.402557E+07  0.000000E+00  0.000000E+00  0.000000E+00  0.404410E+07
  0.653114E-01  0.391873E+07  0.389969E+07  0.000000E+00  0.000000E+00  0.000000E+00  0.391813E+07
  0.675252E-01  0.379419E+07  0.377496E+07  0.000000E+00  0.000000E+00  0.000000E+00  0.379358E+07
  0.698139E-01  0.367108E+07  0.365145E+07  0.000000E+00  0.000000E+00  0.000000E+00  0.367046E+07
  0.721803E-01  0.354955E+07  0.352940E+07  0.000000E+00  0.000000E+00  0.000000E+00  0.354892E+07
  0.746268E-01  0.342998E+07  0.340927E+07  0.000000E+00  0.000000E+00  0.000000E+00  0.342933E+07
  0.771564E-01  0.331289E+07  0.329170E+07  0.000000E+00  0.000000E+00  0.000000E+00  0.331222E+07
  0.797716E-01  0.319883E+07  0.317733E+07  0.000000E+00  0.000000E+00  0.000000E+00  0.319815E+07
  0.824755E-01  0.308820E+07  0.306665E+07  0.000000E+00  0.000000E+00  0.000000E+00  0.308752E+07
  0.852709E-01  0.298116E+07  0.295987E+07  0.000000E+00  0.000000E+00  0.000000E+00  0.298049E+07
  0.881612E-01  0.287757E+07  0.285689E+07  0.000000E+00  0.000000E+00  0.000000E+00  0.287692E+07
  0.911495E-01  0.277719E+07  0.275743E+07  0.000000E+00  0.000000E+00  0.000000E+00  0.277656E+07
  0.942390E-01  0.267977E+07  0.266121E+07  0.000000E+00  0.000000E+00  0.000000E+00  0.267919E+07
  0.974333E-01  0.258520E+07  0.256802E+07  0.000000E+00  0.000000E+00  0.000000E+00  0.258466E+07
  0.100736E+00  0.249341E+07  0.247767E+07  0.000000E+00  0.000000E+00  0.000000E+00  0.249292E+07
  0.104150E+00  0.240421E+07  0.238984E+07  0.000000E+00  0.000000E+00  0.000000E+00  0.240376E+07
  0.107680E+00  0.231724E+07  0.230405E+07  0.000000E+00  0.000000E+00  0.000000E+00  0.231682E+07
  0.111330E+00  0.223208E+07  0.221982E+07  0.000000E+00  0.000000E+00  0.000000E+00  0.223169E+07
  0.115104E+00  0.214851E+07  0.213686E+07  0.000000E+00  0.000000E+00  0.000000E+00  0.214814E+07
  0.119005E+00  0.206656E+07  0.205523E+07  0.000000E+00  0.000000E+00  0.000000E+00  0.206621E+07
  0.123039E+00  0.198640E+07  0.197515E+07  0.000000E+00  0.000000E+00  0.000000E+00  0.198605E+07
  0.127209E+00  0.190817E+07  0.189688E+07  0.000000E+00  0.000000E+00  0.000000E+00  0.190781E+07
  0.131521E+00  0.183204E+07  0.182072E+07  0.000000E+00  0.000000E+00  0.000000E+00  0.183168E+07
  0.135979E+00  0.175842E+07  0.174718E+07  0.000000E+00  0.000000E+00  0.000000E+00  0.175806E+07
  0.140588E+00  0.168779E+07  0.167682E+07  0.000000E+00  0.000000E+00  0.000000E+00  0.168744E+07
  0.145353E+00  0.162031E+07  0.160980E+07  0.000000E+00  0.000000E+00  0.000000E+00  0.161997E+07
  0.150280E+00  0.155561E+07  0.154571E+07  0.000000E+00  0.000000E+00  0.000000E+00  0.155530E+07
  0.155374E+00  0.149320E+07  0.148397E+07  0.000000E+00  0.000000E+00  0.000000E+00  0.149291E+07
  0.160640E+00  0.143280E+07  0.142419E+07  0.000000E+00  0.000000E+00  0.000000E+00  0.143253E+07
  0.166085E+00  0.137425E+07  0.136614E+07  0.000000E+00  0.000000E+00  0.000000E+00  0.137399E+07
  0.171715E+00  0.131727E+07  0.130951E+07  0.000000E+00  0.000000E+00  0.000000E+00  0.131702E+07
  0.177535E+00  0.126178E+07  0.125427E+07  0.000000E+00  0.000000E+00  0.000000E+00  0.126155E+07
  0.183553E+00  0.120805E+07  0.120071E+07  0.000000E+00  0.000000E+00  0.000000E+00  0.120782E+07
  0.189774E+00  0.115629E+07  0.114915E+07  0.000000E+00  0.000000E+00  0.000000E+00  0.115607E+07
  0.196206E+00  0.110662E+07  0.109974E+07  0.000000E+00  0.000000E+00  0.000000E+00  0.110640E+07
  0.202857E+00  0.105909E+07  0.105254E+07  0.000000E+00  0.000000E+00  0.000000E+00  0.105888E+07
  0.209733E+00  0.101350E+07  0.100730E+07  0.000000E+00  0.000000E+00  0.000000E+00  0.101330E+07
  0.216842E+00  0.969510E+06  0.963635E+06  0.000000E+00  0.000000E+00  0.000000E+00  0.969325E+06
  0.224192E+00  0.927087E+06  0.921491E+06  0.000000E+00  0.000000E+00  0.000000E+00  0.926911E+06
  0.231791E+00  0.886228E+06  0.880863E+06  0.000000E+00  0.000000E+00  0.000000E+00  0.886059E+06
  0.239647E+00  0.846784E+06  0.841626E+06  0.000000E+00  0.000000E+00  0.000000E+00  0.846622E+06
  0.247770E+00  0.808884E+06  0.803935E+06  0.000000E+00  0.000000E+00  0.000000E+00  0.808728E+06
  0.256168E+00  0.772605E+06  0.767879E+06  0.000000E+00  0.000000E+00  0.000000E+00  0.772456E+06
  0.264851E+00  0.737766E+06  0.733267E+06  0.000000E+00  0.000000E+00  0.000000E+00  0.737624E+06
  0.273828E+00  0.704347E+06  0.700064E+06  0.000000E+00  0.000000E+00  0.000000E+00  0.704212E+06
  0.283110E+00  0.672256E+06  0.668169E+06  0.000000E+00  0.000000E+00  0.000000E+00  0.672127E+06
  0.292706E+00  0.641409E+06  0.637505E+06  0.000000E+00  0.000000E+00  0.000000E+00  0.641286E+06
  0.302627E+00  0.611851E+06  0.608122E+06  0.000000E+00  0.000000E+00  0.000000E+00  0.611734E+06
  0.312884E+00  0.583507E+06  0.579952E+06  0.000000E+00  0.000000E+00  0.000000E+00  0.583395E+06
  0.323490E+00  0.556368E+06  0.552980E+06  0.000000E+00  0.000000E+00  0.000000E+00  0.556261E+06
  0.334454E+00  0.530349E+06  0.527121E+06  0.000000E+00  0.000000E+00  0.000000E+00  0.530247E+06
  0.345791E+00  0.505436E+06  0.502360E+06  0.000000E+00  0.000000E+00  0.000000E+00  0.505339E+06
  0.357512E+00  0.481573E+06  0.478641E+06  0.000000E+00  0.000000E+00  0.000000E+00  0.481481E+06
  0.369629E+00  0.458744E+06  0.455952E+06  0.000000E+00  0.000000E+00  0.000000E+00  0.458656E+06
  0.382158E+00  0.436892E+06  0.434233E+06  0.000000E+00  0.000000E+00  0.000000E+00  0.436808E+06
  0.395111E+00  0.416000E+06  0.413468E+06  0.000000E+00  0.000000E+00  0.000000E+00  0.415921E+06
  0.408504E+00  0.396012E+06  0.393602E+06  0.000000E+00  0.000000E+00  0.000000E+00  0.395936E+06
  0.422350E+00  0.376920E+06  0.374626E+06  0.000000E+00  0.000000E+00  0.000000E+00  0.376848E+06
  0.436666E+00  0.358666E+06  0.356484E+06  0.000000E+00  0.000000E+00  0.000000E+00  0.358598E+06
  0.451466E+00  0.341237E+06  0.339160E+06  0.000000E+00  0.000000E+00  0.000000E+00  0.341172E+06
  0.466769E+00  0.324591E+06  0.322616E+06  0.000000E+00  0.000000E+00  0.000000E+00  0.324529E+06
  0.482590E+00  0.308696E+06  0.306817E+06  0.000000E+00  0.000000E+00  0.000000E+00  0.308637E+06
  0.498948E+00  0.293528E+06  0.291742E+06  0.000000E+00  0.000000E+00  0.000000E+00  0.293471E+06
  0.515859E+00  0.279052E+06  0.277354E+06  0.000000E+00  0.000000E+00  0.000000E+00  0.278999E+06
  0.533344E+00  0.265237E+06  0.263624E+06  0.000000E+00  0.000000E+00  0.000000E+00  0.265186E+06
  0.551422E+00  0.252061E+06  0.250527E+06  0.000000E+00  0.000000E+00  0.000000E+00  0.252012E+06
  0.570113E+00  0.239496E+06  0.238039E+06  0.000000E+00  0.000000E+00  0.000000E+00  0.239450E+06
  0.589437E+00  0.227515E+06  0.226131E+06  0.000000E+00  0.000000E+00  0.000000E+00  0.227472E+06
  0.609416E+00  0.216096E+06  0.214781E+06  0.000000E+00  0.000000E+00  0.000000E+00  0.216054E+06
  0.630072E+00  0.205214E+06  0.203965E+06  0.000000E+00  0.000000E+00  0.000000E+00  0.205174E+06
  0.651428E+00  0.194849E+06  0.193663E+06  0.000000E+00  0.000000E+00  0.000000E+00  0.194811E+06
  0.673509E+00  0.184978E+06  0.183853E+06  0.000000E+00  0.000000E+00  0.000000E+00  0.184943E+06
  0.696337E+00  0.175582E+06  0.174514E+06  0.000000E+00  0.000000E+00  0.000000E+00  0.175548E+06
  0.719940E+00  0.166637E+06  0.165623E+06  0.000000E+00  0.000000E+00  0.000000E+00  0.166605E+06
  0.744342E+00  0.158123E+06  0.157162E+06  0.000000E+00  0.000000E+00  0.000000E+00  0.158093E+06
  0.769572E+00  0.150021E+06  0.149108E+06  0.000000E+00  0.000000E+00  0.000000E+00  0.149992E+06
  0.795656E+00  0.142311E+06  0.141445E+06  0.000000E+00  0.000000E+00  0.000000E+00  0.142284E+06
  0.822625E+00  0.134976E+06  0.134155E+06  0.000000E+00  0.000000E+00  0.000000E+00  0.134950E+06
  0.850508E+00  0.127999E+06  0.127221E+06  0.000000E+00  0.000000E+00  0.000000E+00  0.127975E+06
  0.879336E+00  0.121366E+06  0.120628E+06  0.000000E+00  0.000000E+00  0.000000E+00  0.121343E+06
  0.909141E+00  0.115061E+06  0.114361E+06  0.000000E+00  0.000000E+00  0.000000E+00  0.115039E+06
  0.939957E+00  0.109069E+06  0.108406E+06  0.000000E+00  0.000000E+00  0.000000E+00  0.109048E+06
  0.971817E+00  0.103376E+06  0.102747E+06  0.000000E+00  0.000000E+00  0.000000E+00  0.103356E+06
  0.100476E+01  0.979654E+05  0.973697E+05  0.000000E+00  0.000000E+00  0.000000E+00  0.979467E+05
  0.103881E+01  0.928258E+05  0.922613E+05  0.000000E+00  0.000000E+00  0.000000E+00  0.928080E+05
  0.107402E+01  0.879435E+05  0.874087E+05  0.000000E+00  0.000000E+00  0.000000E+00  0.879267E+05
  0.111043E+01  0.833080E+05  0.828014E+05  0.000000E+00  0.000000E+00  0.000000E+00  0.832920E+05
  0.114807E+01  0.789071E+05  0.784273E+05  0.000000E+00  0.000000E+00  0.000000E+00  0.788920E+05
  0.118698E+01  0.747304E+05  0.742759E+05  0.000000E+00  0.000000E+00  0.000000E+00  0.747160E+05
  0.122721E+01  0.707659E+05  0.703356E+05  0.000000E+00  0.000000E+00  0.000000E+00  0.707523E+05
  0.126881E+01  0.670031E+05  0.665957E+05  0.000000E+00  0.000000E+00  0.000000E+00  0.669903E+05
  0.131182E+01  0.634329E+05  0.630472E+05  0.000000E+00  0.000000E+00  0.000000E+00  0.634208E+05
  0.135628E+01  0.600462E+05  0.596811E+05  0.000000E+00  0.000000E+00  0.000000E+00  0.600347E+05
  0.140225E+01  0.568340E+05  0.564885E+05  0.000000E+00  0.000000E+00  0.000000E+00  0.568232E+05
  0.144978E+01  0.537875E+05  0.534604E+05  0.000000E+00  0.000000E+00  0.000000E+00  0.537772E+05
  0.149892E+01  0.508983E+05  0.505888E+05  0.000000E+00  0.000000E+00  0.000000E+00  0.508886E+05
  0.154973E+01  0.481590E+05  0.478661E+05  0.000000E+00  0.000000E+00  0.000000E+00  0.481497E+05
  0.160226E+01  0.455621E+05  0.452851E+05  0.000000E+00  0.000000E+00  0.000000E+00  0.455534E+05
  0.165656E+01  0.431010E+05  0.428389E+05  0.000000E+00  0.000000E+00  0.000000E+00  0.430927E+05
  0.171271E+01  0.407683E+05  0.405204E+05  0.000000E+00  0.000000E+00  0.000000E+00  0.407605E+05
  0.177077E+01  0.385580E+05  0.383235E+05  0.000000E+00  0.000000E+00  0.000000E+00  0.385506E+05
  0.183079E+01  0.364638E+05  0.362421E+05  0.000000E+00  0.000000E+00  0.000000E+00  0.364569E+05
  0.189284E+01  0.344801E+05  0.342705E+05  0.000000E+00  0.000000E+00  0.000000E+00  0.344735E+05
  0.195700E+01  0.326011E+05  0.324029E+05  0.000000E+00  0.000000E+00  0.000000E+00  0.325949E+05
  0.202333E+01  0.308217E+05  0.306342E+05  0.000000E+00  0.000000E+00  0.000000E+00  0.308158E+05
  0.209191E+01  0.291366E+05  0.289594E+05  0.000000E+00  0.000000E+00  0.000000E+00  0.291310E+05
  0.216282E+01  0.275410E+05  0.273735E+05  0.000000E+00  0.000000E+00  0.000000E+00  0.275358E+05
  0.223613E+01  0.260304E+05  0.258721E+05  0.000000E+00  0.000000E+00  0.000000E+00  0.260254E+05
  0.231192E+01  0.246004E+05  0.244508E+05  0.000000E+00  0.000000E+00  0.000000E+00  0.245957E+05
  0.239028E+01  0.232468E+05  0.231054E+05  0.000000E+00  0.000000E+00  0.000000E+00  0.232423E+05
  0.247130E+01  0.219657E+05  0.218321E+05  0.000000E+00  0.000000E+00  0.000000E+00  0.219615E+05
  0.255507E+01  0.207534E+05  0.206272E+05  0.000000E+00  0.000000E+00  0.000000E+00  0.207494E+05
  0.264167E+01  0.196064E+05  0.194871E+05  0.000000E+00  0.000000E+00  0.000000E+00  0.196026E+05
  0.273121E+01  0.185212E+05  0.184085E+05  0.000000E+00  0.000000E+00  0.000000E+00  0.185176E+05
  0.282379E+01  0.174946E+05  0.173882E+05  0.000000E+00  0.000000E+00  0.000000E+00  0.174913E+05
  0.291950E+01  0.165237E+05  0.164231E+05  0.000000E+00  0.000000E+00  0.000000E+00  0.165205E+05
  0.301846E+01  0.156053E+05  0.155104E+05  0.000000E+00  0.000000E+00  0.000000E+00  0.156023E+05
  0.312077E+01  0.147369E+05  0.146472E+05  0.000000E+00  0.000000E+00  0.000000E+00  0.147341E+05
  0.322655E+01  0.139157E+05  0.138310E+05  0.000000E+00  0.000000E+00  0.000000E+00  0.139130E+05
  0.333591E+01  0.131392E+05  0.130592E+05  0.000000E+00  0.000000E+00  0.000000E+00  0.131367E+05
  0.344898E+01  0.124051E+05  0.123295E+05  0.000000E+00  0.000000E+00  0.000000E+00  0.124027E+05
  0.356588E+01  0.117111E+05  0.116398E+05  0.000000E+00  0.000000E+00  0.000000E+00  0.117088E+05
  0.368675E+01  0.110550E+05  0.109877E+05  0.000000E+00  0.000000E+00  0.000000E+00  0.110529E+05
  0.381172E+01  0.104350E+05  0.103715E+05  0.000000E+00  0.000000E+00  0.000000E+00  0.104330E+05
  0.394091E+01  0.984910E+04  0.978911E+04  0.000000E+00  0.000000E+00  0.000000E+00  0.984721E+04
  0.407449E+01  0.929543E+04  0.923880E+04  0.000000E+00  0.000000E+00  0.000000E+00  0.929364E+04
  0.421259E+01  0.877230E+04  0.871886E+04  0.000000E+00  0.000000E+00  0.000000E+00  0.877062E+04
  0.435538E+01  0.827803E+04  0.822759E+04  0.000000E+00  0.000000E+00  0.000000E+00  0.827644E+04
  0.450301E+01  0.781107E+04  0.776346E+04  0.000000E+00  0.000000E+00  0.000000E+00  0.780957E+04
  0.465564E+01  0.736994E+04  0.732501E+04  0.000000E+00  0.000000E+00  0.000000E+00  0.736852E+04
  0.481344E+01  0.695325E+04  0.691085E+04  0.000000E+00  0.000000E+00  0.000000E+00  0.695191E+04
  0.497659E+01  0.655968E+04  0.651967E+04  0.000000E+00  0.000000E+00  0.000000E+00  0.655842E+04
  0.514527E+01  0.618801E+04  0.615026E+04  0.000000E+00  0.000000E+00  0.000000E+00  0.618682E+04
  0.531968E+01  0.583703E+04  0.580141E+04  0.000000E+00  0.000000E+00  0.000000E+00  0.583591E+04
  0.549998E+01  0.550564E+04  0.547203E+04  0.000000E+00  0.000000E+00  0.000000E+00  0.550458E+04
  0.568641E+01  0.519274E+04  0.516103E+04  0.000000E+00  0.000000E+00  0.000000E+00  0.519174E+04
  0.587915E+01  0.489732E+04  0.486740E+04  0.000000E+00  0.000000E+00  0.000000E+00  0.489637E+04
  0.607843E+01  0.461840E+04  0.459018E+04  0.000000E+00  0.000000E+00  0.000000E+00  0.461751E+04
  0.628446E+01  0.435511E+04  0.432849E+04  0.000000E+00  0.000000E+00  0.000000E+00  0.435427E+04
  0.649747E+01  0.410659E+04  0.408148E+04  0.000000E+00  0.000000E+00  0.000000E+00  0.410580E+04
  0.671770E+01  0.387203E+04  0.384835E+04  0.000000E+00  0.000000E+00  0.000000E+00  0.387129E+04
  0.694539E+01  0.365069E+04  0.362834E+04  0.000000E+00  0.000000E+00  0.000000E+00  0.364998E+04
  0.718081E+01  0.344179E+04  0.342072E+04  0.000000E+00  0.000000E+00  0.000000E+00  0.344113E+04
  0.742420E+01  0.324467E+04  0.322479E+04  0.000000E+00  0.000000E+00  0.000000E+00  0.324405E+04
  0.767585E+01  0.305866E+04  0.303991E+04  0.000000E+00  0.000000E+00  0.000000E+00  0.305807E+04
  0.793602E+01  0.288315E+04  0.286546E+04  0.000000E+00  0.000000E+00  0.000000E+00  0.288259E+04
  0.820502E+01  0.271757E+04  0.270089E+04  0.000000E+00  0.000000E+00  0.000000E+00  0.271704E+04
  0.848312E+01  0.256137E+04  0.254564E+04  0.000000E+00  0.000000E+00  0.000000E+00  0.256088E+04
  0.877066E+01  0.241403E+04  0.239919E+04  0.000000E+00  0.000000E+00  0.000000E+00  0.241356E+04
  0.906794E+01  0.227505E+04  0.226105E+04  0.000000E+00  0.000000E+00  0.000000E+00  0.227461E+04
  0.937530E+01  0.214395E+04  0.213075E+04  0.000000E+00  0.000000E+00  0.000000E+00  0.214353E+04
  0.969308E+01  0.202030E+04  0.200785E+04  0.000000E+00  0.000000E+00  0.000000E+00  0.201991E+04
  0.100216E+02  0.190369E+04  0.189194E+04  0.000000E+00  0.000000E+00  0.000000E+00  0.190332E+04
  0.103613E+02  0.179372E+04  0.178265E+04  0.000000E+00  0.000000E+00  0.000000E+00  0.179338E+04
  0.107125E+02  0.169004E+04  0.167959E+04  0.000000E+00  0.000000E+00  0.000000E+00  0.168971E+04
  0.110756E+02  0.159226E+04  0.158241E+04  0.000000E+00  0.000000E+00  0.000000E+00  0.159195E+04
  0.114510E+02  0.150007E+04  0.149077E+04  0.000000E+00  0.000000E+00  0.000000E+00  0.149978E+04
  0.118392E+02  0.141315E+04  0.140438E+04  0.000000E+00  0.000000E+00  0.000000E+00  0.141287E+04
  0.122404E+02  0.133120E+04  0.132293E+04  0.000000E+00  0.000000E+00  0.000000E+00  0.133094E+04
  0.126553E+02  0.125396E+04  0.124615E+04  0.000000E+00  0.000000E+00  0.000000E+00  0.125371E+04
  0.130843E+02  0.118114E+04  0.117378E+04  0.000000E+00  0.000000E+00  0.000000E+00  0.118091E+04
  0.135278E+02  0.111250E+04  0.110555E+04  0.000000E+00  0.000000E+00  0.000000E+00  0.111228E+04
  0.139863E+02  0.104780E+04  0.104124E+04  0.000000E+00  0.000000E+00  0.000000E+00  0.104759E+04
  0.144604E+02  0.986822E+03  0.980634E+03  0.000000E+00  0.000000E+00  0.000000E+00  0.986627E+03
  0.149505E+02  0.929357E+03  0.923517E+03  0.000000E+00  0.000000E+00  0.000000E+00  0.929173E+03
  0.154573E+02  0.875198E+03  0.869685E+03  0.000000E+00  0.000000E+00  0.000000E+00  0.875024E+03
  0.159812E+02  0.824158E+03  0.818954E+03  0.000000E+00  0.000000E+00  0.000000E+00  0.823994E+03
  0.165229E+02  0.776063E+03  0.771150E+03  0.000000E+00  0.000000E+00  0.000000E+00  0.775908E+03
  0.170829E+02  0.730747E+03  0.726108E+03  0.000000E+00  0.000000E+00  0.000000E+00  0.730600E+03
  0.176619E+02  0.688050E+03  0.683669E+03  0.000000E+00  0.000000E+00  0.000000E+00  0.687912E+03
  0.182606E+02  0.647819E+03  0.643682E+03  0.000000E+00  0.000000E+00  0.000000E+00  0.647689E+03
  0.188795E+02  0.609916E+03  0.606008E+03  0.000000E+00  0.000000E+00  0.000000E+00  0.609793E+03
  0.195195E+02  0.574209E+03  0.570516E+03  0.000000E+00  0.000000E+00  0.000000E+00  0.574093E+03
  0.201811E+02  0.540574E+03  0.537084E+03  0.000000E+00  0.000000E+00  0.000000E+00  0.540464E+03
  0.208651E+02  0.508887E+03  0.505588E+03  0.000000E+00  0.000000E+00  0.000000E+00  0.508783E+03
  0.215723E+02  0.479039E+03  0.475920E+03  0.000000E+00  0.000000E+00  0.000000E+00  0.478941E+03
  0.223035E+02  0.450925E+03  0.447976E+03  0.000000E+00  0.000000E+00  0.000000E+00  0.450832E+03
  0.230595E+02  0.424447E+03  0.421657E+03  0.000000E+00  0.000000E+00  0.000000E+00  0.424359E+03
  0.238411E+02  0.399507E+03  0.396867E+03  0.000000E+00  0.000000E+00  0.000000E+00  0.399424E+03
  0.246492E+02  0.376019E+03  0.373521E+03  0.000000E+00  0.000000E+00  0.000000E+00  0.375940E+03
  0.254847E+02  0.353900E+03  0.351535E+03  0.000000E+00  0.000000E+00  0.000000E+00  0.353825E+03
  0.263485E+02  0.333070E+03  0.330830E+03  0.000000E+00  0.000000E+00  0.000000E+00  0.332999E+03
  0.272416E+02  0.313454E+03  0.311332E+03  0.000000E+00  0.000000E+00  0.000000E+00  0.313387E+03
  0.281650E+02  0.294983E+03  0.292972E+03  0.000000E+00  0.000000E+00  0.000000E+00  0.294920E+03
  0.291196E+02  0.277592E+03  0.275686E+03  0.000000E+00  0.000000E+00  0.000000E+00  0.277532E+03
  0.301066E+02  0.261217E+03  0.259409E+03  0.000000E+00  0.000000E+00  0.000000E+00  0.261160E+03
  0.311271E+02  0.245799E+03  0.244083E+03  0.000000E+00  0.000000E+00  0.000000E+00  0.245745E+03
  0.321822E+02  0.231284E+03  0.229655E+03  0.000000E+00  0.000000E+00  0.000000E+00  0.231233E+03
  0.332730E+02  0.217619E+03  0.216072E+03  0.000000E+00  0.000000E+00  0.000000E+00  0.217570E+03
  0.344008E+02  0.204753E+03  0.203283E+03  0.000000E+00  0.000000E+00  0.000000E+00  0.204707E+03
  0.355668E+02  0.192643E+03  0.191245E+03  0.000000E+00  0.000000E+00  0.000000E+00  0.192599E+03
  0.367723E+02  0.181243E+03  0.179913E+03  0.000000E+00  0.000000E+00  0.000000E+00  0.181201E+03
  0.380187E+02  0.170512E+03  0.169246E+03  0.000000E+00  0.000000E+00  0.000000E+00  0.170472E+03
  0.393074E+02  0.160411E+03  0.159205E+03  0.000000E+00  0.000000E+00  0.000000E+00  0.160373E+03
  0.406397E+02  0.150904E+03  0.149754E+03  0.000000E+00  0.000000E+00  0.000000E+00  0.150868E+03
  0.420172E+02  0.141955E+03  0.140859E+03  0.000000E+00  0.000000E+00  0.000000E+00  0.141921E+03
  0.434414E+02  0.133534E+03  0.132487E+03  0.000000E+00  0.000000E+00  0.000000E+00  0.133501E+03
  0.449138E+02  0.125608E+03  0.124608E+03  0.000000E+00  0.000000E+00  0.000000E+00  0.125576E+03
  0.464362E+02  0.118148E+03  0.117193E+03  0.000000E+00  0.000000E+00  0.000000E+00  0.118118E+03
  0.480101E+02  0.111129E+03  0.110215E+03  0.000000E+00  0.000000E+00  0.000000E+00  0.111100E+03
  0.496375E+02  0.104523E+03  0.103648E+03  0.000000E+00  0.000000E+00  0.000000E+00  0.104495E+03
  0.513199E+02  0.983071E+02  0.974685E+02  0.000000E+00  0.000000E+00  0.000000E+00  0.982807E+02
  0.530594E+02  0.924578E+02  0.916536E+02  0.000000E+00  0.000000E+00  0.000000E+00  0.924325E+02
  0.548579E+02  0.869541E+02  0.861821E+02  0.000000E+00  0.000000E+00  0.000000E+00  0.869298E+02
  0.567173E+02  0.817756E+02  0.810339E+02  0.000000E+00  0.000000E+00  0.000000E+00  0.817522E+02
  0.586397E+02  0.769032E+02  0.761898E+02  0.000000E+00  0.000000E+00  0.000000E+00  0.768807E+02
  0.606273E+02  0.723189E+02  0.716323E+02  0.000000E+00  0.000000E+00  0.000000E+00  0.722973E+02
  0.626823E+02  0.680060E+02  0.673444E+02  0.000000E+00  0.000000E+00  0.000000E+00  0.679852E+02
  0.648069E+02  0.639484E+02  0.633103E+02  0.000000E+00  0.000000E+00  0.000000E+00  0.639283E+02
  0.670036E+02  0.601311E+02  0.595150E+02  0.000000E+00  0.000000E+00  0.000000E+00  0.601117E+02
  0.692747E+02  0.565401E+02  0.559447E+02  0.000000E+00  0.000000E+00  0.000000E+00  0.565213E+02
  0.716227E+02  0.531619E+02  0.525860E+02  0.000000E+00  0.000000E+00  0.000000E+00  0.531438E+02
  0.740504E+02  0.499842E+02  0.494265E+02  0.000000E+00  0.000000E+00  0.000000E+00  0.499667E+02
  0.765604E+02  0.469951E+02  0.464544E+02  0.000000E+00  0.000000E+00  0.000000E+00  0.469780E+02
  0.791553E+02  0.441834E+02  0.436588E+02  0.000000E+00  0.000000E+00  0.000000E+00  0.441669E+02
  0.818384E+02  0.415388E+02  0.410291E+02  0.000000E+00  0.000000E+00  0.000000E+00  0.415227E+02
  0.846122E+02  0.390513E+02  0.385558E+02  0.000000E+00  0.000000E+00  0.000000E+00  0.390357E+02
  0.874802E+02  0.367117E+02  0.362294E+02  0.000000E+00  0.000000E+00  0.000000E+00  0.366965E+02
  0.904453E+02  0.345113E+02  0.340413E+02  0.000000E+00  0.000000E+00  0.000000E+00  0.344965E+02
  0.935109E+02  0.324419E+02  0.319835E+02  0.000000E+00  0.000000E+00  0.000000E+00  0.324274E+02
  0.966806E+02  0.304955E+02  0.300480E+02  0.000000E+00  0.000000E+00  0.000000E+00  0.304814E+02
  0.999576E+02  0.286652E+02  0.282279E+02  0.000000E+00  0.000000E+00  0.000000E+00  0.286514E+02
  0.103346E+03  0.269439E+02  0.265162E+02  0.000000E+00  0.000000E+00  0.000000E+00  0.269304E+02
  0.106849E+03  0.253251E+02  0.249064E+02  0.000000E+00  0.000000E+00  0.000000E+00  0.253119E+02
  0.110470E+03  0.238030E+02  0.233927E+02  0.000000E+00  0.000000E+00  0.000000E+00  0.237901E+02
  0.114215E+03  0.223717E+02  0.219693E+02  0.000000E+00  0.000000E+00  0.000000E+00  0.223590E+02
  0.118086E+03  0.210258E+02  0.206308E+02  0.000000E+00  0.000000E+00  0.000000E+00  0.210134E+02
  0.122089E+03  0.197602E+02  0.193722E+02  0.000000E+00  0.000000E+00  0.000000E+00  0.197480E+02
  0.126227E+03  0.185703E+02  0.181888E+02  0.000000E+00  0.000000E+00  0.000000E+00  0.185582E+02
  0.130505E+03  0.174514E+02  0.170761E+02  0.000000E+00  0.000000E+00  0.000000E+00  0.174396E+02
  0.134928E+03  0.163995E+02  0.160300E+02  0.000000E+00  0.000000E+00  0.000000E+00  0.163879E+02
  0.139502E+03  0.154104E+02  0.150464E+02  0.000000E+00  0.000000E+00  0.000000E+00  0.153989E+02
  0.144230E+03  0.144806E+02  0.141217E+02  0.000000E+00  0.000000E+00  0.000000E+00  0.144693E+02
  0.149119E+03  0.136064E+02  0.132524E+02  0.000000E+00  0.000000E+00  0.000000E+00  0.135952E+02
  0.154173E+03  0.127845E+02  0.124352E+02  0.000000E+00  0.000000E+00  0.000000E+00  0.127735E+02
  0.159399E+03  0.120118E+02  0.116669E+02  0.000000E+00  0.000000E+00  0.000000E+00  0.120010E+02
  0.164802E+03  0.112855E+02  0.109448E+02  0.000000E+00  0.000000E+00  0.000000E+00  0.112748E+02
  0.170388E+03  0.106027E+02  0.102660E+02  0.000000E+00  0.000000E+00  0.000000E+00  0.105921E+02
  0.176164E+03  0.996086E+01  0.962791E+01  0.000000E+00  0.000000E+00  0.000000E+00  0.995037E+01
  0.182135E+03  0.935754E+01  0.902824E+01  0.000000E+00  0.000000E+00  0.000000E+00  0.934717E+01
  0.188308E+03  0.879043E+01  0.846466E+01  0.000000E+00  0.000000E+00  0.000000E+00  0.878017E+01
  0.194691E+03  0.825737E+01  0.793501E+01  0.000000E+00  0.000000E+00  0.000000E+00  0.824722E+01
  0.201290E+03  0.775631E+01  0.743726E+01  0.000000E+00  0.000000E+00  0.000000E+00  0.774626E+01
