  0.108800E-04  0.416804E+07  0.416804E+07  0.555679E+07  0.555678E+07  0.000000E+00  0.416804E+07
  0.112487E-04  0.416804E+07  0.416804E+07  0.555675E+07  0.555674E+07  0.000000E+00  0.416804E+07
  0.116300E-04  0.416803E+07  0.416803E+07  0.555670E+07  0.555670E+07  0.000000E+00  0.416803E+07
  0.120242E-04  0.416803E+07  0.416803E+07  0.555666E+07  0.555665E+07  0.000000E+00  0.416803E+07
  0.124318E-04  0.416803E+07  0.416803E+07  0.555661E+07  0.555660E+07  0.000000E+00  0.416803E+07
  0.128531E-04  0.416803E+07  0.416803E+07  0.555655E+07  0.555655E+07  0.000000E+00  0.416803E+07
  0.132888E-04  0.416803E+07  0.416803E+07  0.555650E+07  0.555649E+07  0.000000E+00  0.416803E+07
  0.137392E-04  0.416803E+07  0.416803E+07  0.555643E+07  0.555643E+07  0.000000E+00  0.416803E+07
  0.142049E-04  0.416803E+07  0.416803E+07  0.555637E+07  0.555636E+07  0.000000E+00  0.416803E+07
  0.146864E-04  0.416803E+07  0.416803E+07  0.555630E+07  0.555629E+07  0.000000E+00  0.416803E+07
  0.151842E-04  0.416803E+07  0.416803E+07  0.555622E+07  0.555621E+07  0.000000E+00  0.416803E+07
  0.156989E-04  0.416803E+07  0.416803E+07  0.555614E+07  0.555613E+07  0.000000E+00  0.416803E+07
  0.162310E-04  0.416803E+07  0.416803E+07  0.555606E+07  0.555605E+07  0.000000E+00  0.416803E+07
  0.167811E-04  0.416803E+07  0.416803E+07  0.555596E+07  0.555596E+07  0.000000E+00  0.416803E+07
  0.173499E-04  0.416803E+07  0.416803E+07  0.555587E+07  0.555586E+07  0.000000E+00  0.416803E+07
  0.179380E-04  0.416803E+07  0.416803E+07  0.555576E+07  0.555575E+07  0.000000E+00  0.416803E+07
  0.185460E-04  0.416803E+07  0.416803E+07  0.555565E+07  0.555564E+07  0.000000E+00  0.416803E+07
  0.191746E-04  0.416803E+07  0.416803E+07  0.555553E+07  0.555552E+07  0.000000E+00  0.416803E+07
  0.198246E-04  0.416803E+07  0.416803E+07  0.555540E+07  0.555539E+07  0.000000E+00  0.416803E+07
  0.204965E-04  0.416802E+07  0.416802E+07  0.555527E+07  0.555525E+07  0.000000E+00  0.416802E+07
  0.211913E-04  0.416802E+07  0.416802E+07  0.555512E+07  0.555510E+07  0.000000E+00  0.416802E+07
  0.219095E-04  0.416802E+07  0.416802E+07  0.555496E+07  0.555495E+07  0.000000E+00  0.416802E+07
  0.226522E-04  0.416802E+07  0.416802E+07  0.555480E+07  0.555478E+07  0.000000E+00  0.416802E+07
  0.234200E-04  0.416802E+07  0.416802E+07  0.555462E+07  0.555460E+07  0.000000E+00  0.416802E+07
  0.242138E-04  0.416802E+07  0.416802E+07  0.555443E+07  0.555441E+07  0.000000E+00  0.416802E+07
  0.250345E-04  0.416802E+07  0.416802E+07  0.555422E+07  0.555420E+07  0.000000E+00  0.416802E+07
  0.258831E-04  0.416802E+07  0.416802E+07  0.555401E+07  0.555398E+07  0.000000E+00  0.416802E+07
  0.267604E-04  0.416801E+07  0.416801E+07  0.555377E+07  0.555375E+07  0.000000E+00  0.416801E+07
  0.276674E-04  0.416801E+07  0.416801E+07  0.555352E+07  0.555350E+07  0.000000E+00  0.416801E+07
  0.286052E-04  0.416801E+07  0.416801E+07  0.555326E+07  0.555323E+07  0.000000E+00  0.416801E+07
  0.295748E-04  0.416801E+07  0.416801E+07  0.555297E+07  0.555294E+07  0.000000E+00  0.416801E+07
  0.305772E-04  0.416801E+07  0.416801E+07  0.555267E+07  0.555264E+07  0.000000E+00  0.416801E+07
  0.316136E-04  0.416800E+07  0.416800E+07  0.555235E+07  0.555231E+07  0.000000E+00  0.416800E+07
  0.326852E-04  0.416800E+07  0.416800E+07  0.555200E+07  0.555196E+07  0.000000E+00  0.416800E+07
  0.337931E-04  0.416800E+07  0.416800E+07  0.555163E+07  0.555159E+07  0.000000E+00  0.416800E+07
  0.349385E-04  0.416800E+07  0.416800E+07  0.555123E+07  0.555119E+07  0.000000E+00  0.416800E+07
  0.361227E-04  0.416799E+07  0.416799E+07  0.555081E+07  0.555076E+07  0.000000E+00  0.416799E+07
  0.373471E-04  0.416799E+07  0.416799E+07  0.555035E+07  0.555030E+07  0.000000E+00  0.416799E+07
  0.386130E-04  0.416799E+07  0.416799E+07  0.554987E+07  0.554982E+07  0.000000E+00  0.416799E+07
  0.399218E-04  0.416798E+07  0.416798E+07  0.554935E+07  0.554929E+07  0.000000E+00  0.416798E+07
  0.412749E-04  0.416798E+07  0.416798E+07  0.554880E+07  0.554874E+07  0.000000E+00  0.416798E+07
  0.426740E-04  0.416798E+07  0.416798E+07  0.554820E+07  0.554814E+07  0.000000E+00  0.416798E+07
  0.441204E-04  0.416797E+07  0.416797E+07  0.554757E+07  0.554750E+07  0.000000E+00  0.416797E+07
  0.456159E-04  0.416797E+07  0.416797E+07  0.554690E+07  0.554682E+07  0.000000E+00  0.416797E+07
  0.471620E-04  0.416796E+07  0.416796E+07  0.554617E+07  0.554610E+07  0.000000E+00  0.416796E+07
  0.487606E-04  0.416796E+07  0.416796E+07  0.554540E+07  0.554532E+07  0.000000E+00  0.416796E+07
  0.504133E-04  0.416795E+07  0.416795E+07  0.554458E+07  0.554449E+07  0.000000E+00  0.416795E+07
  0.521221E-04  0.416795E+07  0.416795E+07  0.554370E+07  0.554360E+07  0.000000E+00  0.416795E+07
  0.538888E-04  0.416794E+07  0.416794E+07  0.554275E+07  0.554265E+07  0.000000E+00  0.416794E+07
  0.557153E-04  0.416793E+07  0.416793E+07  0.554174E+07  0.554163E+07  0.000000E+00  0.416793E+07
  0.576038E-04  0.416792E+07  0.416792E+07  0.554067E+07  0.554055E+07  0.000000E+00  0.416792E+07
  0.595563E-04  0.416792E+07  0.416792E+07  0.553952E+07  0.553939E+07  0.000000E+00  0.416792E+07
  0.615750E-04  0.416791E+07  0.416791E+07  0.553829E+07  0.553815E+07  0.000000E+00  0.416791E+07
  0.636621E-04  0.416790E+07  0.416790E+07  0.553697E+07  0.553683E+07  0.000000E+00  0.416790E+07
  0.658199E-04  0.416789E+07  0.416789E+07  0.553557E+07  0.553541E+07  0.000000E+00  0.416789E+07
  0.680509E-04  0.416788E+07  0.416788E+07  0.553407E+07  0.553390E+07  0.000000E+00  0.416788E+07
  0.703575E-04  0.416787E+07  0.416787E+07  0.553246E+07  0.553229E+07  0.000000E+00  0.416787E+07
  0.727422E-04  0.416786E+07  0.416786E+07  0.553075E+07  0.553056E+07  0.000000E+00  0.416786E+07
  0.752079E-04  0.416784E+07  0.416784E+07  0.552892E+07  0.552872E+07  0.000000E+00  0.416784E+07
  0.777570E-04  0.416783E+07  0.416783E+07  0.552696E+07  0.552674E+07  0.000000E+00  0.416783E+07
  0.803926E-04  0.416782E+07  0.416782E+07  0.552487E+07  0.552464E+07  0.000000E+00  0.416782E+07
  0.831175E-04  0.416780E+07  0.416780E+07  0.552263E+07  0.552239E+07  0.000000E+00  0.416780E+07
  0.859348E-04  0.416778E+07  0.416778E+07  0.552024E+07  0.551998E+07  0.000000E+00  0.416778E+07
  0.888476E-04  0.416777E+07  0.416777E+07  0.551769E+07  0.551741E+07  0.000000E+00  0.416777E+07
  0.918591E-04  0.416775E+07  0.416775E+07  0.551497E+07  0.551467E+07  0.000000E+00  0.416775E+07
  0.949726E-04  0.416773E+07  0.416773E+07  0.551205E+07  0.551173E+07  0.000000E+00  0.416773E+07
  0.981917E-04  0.416771E+07  0.416771E+07  0.550894E+07  0.550860E+07  0.000000E+00  0.416771E+07
  0.101520E-03  0.416768E+07  0.416768E+07  0.550561E+07  0.550525E+07  0.000000E+00  0.416768E+07
  0.104961E-03  0.416766E+07  0.416766E+07  0.550206E+07  0.550167E+07  0.000000E+00  0.416766E+07
  0.108519E-03  0.416763E+07  0.416763E+07  0.549827E+07  0.549785E+07  0.000000E+00  0.416763E+07
  0.112197E-03  0.416760E+07  0.416760E+07  0.549421E+07  0.549377E+07  0.000000E+00  0.416760E+07
  0.116000E-03  0.416758E+07  0.416757E+07  0.548988E+07  0.548941E+07  0.000000E+00  0.416757E+07
  0.119932E-03  0.416754E+07  0.416754E+07  0.548526E+07  0.548475E+07  0.000000E+00  0.416754E+07
  0.123997E-03  0.416751E+07  0.416751E+07  0.548032E+07  0.547978E+07  0.000000E+00  0.416751E+07
  0.128200E-03  0.416747E+07  0.416747E+07  0.547504E+07  0.547446E+07  0.000000E+00  0.416747E+07
  0.132545E-03  0.416743E+07  0.416743E+07  0.546941E+07  0.546879E+07  0.000000E+00  0.416743E+07
  0.137038E-03  0.416739E+07  0.416739E+07  0.546339E+07  0.546273E+07  0.000000E+00  0.416739E+07
  0.141683E-03  0.416735E+07  0.416734E+07  0.545697E+07  0.545626E+07  0.000000E+00  0.416735E+07
  0.146485E-03  0.416730E+07  0.416730E+07  0.545011E+07  0.544935E+07  0.000000E+00  0.416730E+07
  0.151450E-03  0.416725E+07  0.416725E+07  0.544278E+07  0.544198E+07  0.000000E+00  0.416725E+07
  0.156583E-03  0.416719E+07  0.416719E+07  0.543496E+07  0.543411E+07  0.000000E+00  0.416719E+07
  0.161891E-03  0.416714E+07  0.416713E+07  0.542662E+07  0.542570E+07  0.000000E+00  0.416714E+07
  0.167378E-03  0.416707E+07  0.416707E+07  0.541771E+07  0.541674E+07  0.000000E+00  0.416707E+07
  0.173051E-03  0.416701E+07  0.416700E+07  0.540820E+07  0.540716E+07  0.000000E+00  0.416701E+07
  0.178917E-03  0.416694E+07  0.416693E+07  0.539806E+07  0.539695E+07  0.000000E+00  0.416694E+07
  0.184981E-03  0.416686E+07  0.416686E+07  0.538723E+07  0.538605E+07  0.000000E+00  0.416686E+07
  0.191251E-03  0.416678E+07  0.416678E+07  0.537568E+07  0.537442E+07  0.000000E+00  0.416678E+07
  0.197734E-03  0.416669E+07  0.416669E+07  0.536336E+07  0.536202E+07  0.000000E+00  0.416669E+07
  0.204436E-03  0.416660E+07  0.416660E+07  0.535022E+07  0.534879E+07  0.000000E+00  0.416660E+07
  0.211366E-03  0.416650E+07  0.416650E+07  0.533621E+07  0.533469E+07  0.000000E+00  0.416650E+07
  0.218530E-03  0.416640E+07  0.416639E+07  0.532127E+07  0.531965E+07  0.000000E+00  0.416640E+07
  0.225937E-03  0.416628E+07  0.416628E+07  0.530534E+07  0.530362E+07  0.000000E+00  0.416628E+07
  0.233595E-03  0.416616E+07  0.416616E+07  0.528837E+07  0.528653E+07  0.000000E+00  0.416616E+07
  0.241513E-03  0.416603E+07  0.416603E+07  0.527028E+07  0.526832E+07  0.000000E+00  0.416603E+07
  0.249699E-03  0.416590E+07  0.416589E+07  0.525101E+07  0.524893E+07  0.000000E+00  0.416590E+07
  0.258162E-03  0.416575E+07  0.416574E+07  0.523048E+07  0.522827E+07  0.000000E+00  0.416575E+07
  0.266913E-03  0.416559E+07  0.416558E+07  0.520862E+07  0.520627E+07  0.000000E+00  0.416559E+07
  0.275960E-03  0.416542E+07  0.416542E+07  0.518535E+07  0.518285E+07  0.000000E+00  0.416542E+07
  0.285314E-03  0.416524E+07  0.416524E+07  0.516058E+07  0.515792E+07  0.000000E+00  0.416524E+07
  0.294984E-03  0.416505E+07  0.416504E+07  0.513423E+07  0.513141E+07  0.000000E+00  0.416505E+07
  0.304983E-03  0.416485E+07  0.416484E+07  0.510620E+07  0.510320E+07  0.000000E+00  0.416485E+07
  0.315320E-03  0.416463E+07  0.416462E+07  0.507639E+07  0.507322E+07  0.000000E+00  0.416463E+07
  0.326008E-03  0.416440E+07  0.416439E+07  0.504472E+07  0.504135E+07  0.000000E+00  0.416440E+07
  0.337058E-03  0.416415E+07  0.416414E+07  0.501106E+07  0.500749E+07  0.000000E+00  0.416415E+07
  0.348483E-03  0.416388E+07  0.416387E+07  0.497532E+07  0.497154E+07  0.000000E+00  0.416388E+07
  0.360295E-03  0.416360E+07  0.416359E+07  0.493738E+07  0.493338E+07  0.000000E+00  0.416360E+07
  0.372507E-03  0.416330E+07  0.416328E+07  0.489712E+07  0.489290E+07  0.000000E+00  0.416329E+07
  0.385133E-03  0.416297E+07  0.416296E+07  0.485443E+07  0.484997E+07  0.000000E+00  0.416297E+07
  0.398187E-03  0.416263E+07  0.416261E+07  0.480919E+07  0.480448E+07  0.000000E+00  0.416263E+07
  0.411684E-03  0.416226E+07  0.416224E+07  0.476126E+07  0.475629E+07  0.000000E+00  0.416226E+07
  0.425638E-03  0.416187E+07  0.416185E+07  0.471053E+07  0.470530E+07  0.000000E+00  0.416186E+07
  0.440065E-03  0.416145E+07  0.416143E+07  0.465687E+07  0.465136E+07  0.000000E+00  0.416144E+07
  0.454981E-03  0.416100E+07  0.416098E+07  0.460015E+07  0.459436E+07  0.000000E+00  0.416100E+07
  0.470403E-03  0.416052E+07  0.416050E+07  0.454024E+07  0.453416E+07  0.000000E+00  0.416052E+07
  0.486347E-03  0.416002E+07  0.415999E+07  0.447702E+07  0.447064E+07  0.000000E+00  0.416001E+07
  0.502832E-03  0.415947E+07  0.415944E+07  0.441037E+07  0.440368E+07  0.000000E+00  0.415947E+07
  0.519875E-03  0.415889E+07  0.415886E+07  0.434016E+07  0.433316E+07  0.000000E+00  0.415889E+07
  0.537497E-03  0.415828E+07  0.415825E+07  0.426628E+07  0.425898E+07  0.000000E+00  0.415827E+07
  0.555715E-03  0.415762E+07  0.415759E+07  0.418864E+07  0.418103E+07  0.000000E+00  0.415761E+07
  0.574551E-03  0.415692E+07  0.415688E+07  0.410713E+07  0.409922E+07  0.000000E+00  0.415691E+07
  0.594026E-03  0.415617E+07  0.415613E+07  0.402168E+07  0.401346E+07  0.000000E+00  0.415617E+07
  0.614160E-03  0.415538E+07  0.415534E+07  0.393222E+07  0.392371E+07  0.000000E+00  0.415537E+07
  0.634977E-03  0.415453E+07  0.415449E+07  0.383871E+07  0.382991E+07  0.000000E+00  0.415452E+07
  0.656500E-03  0.415363E+07  0.415358E+07  0.374111E+07  0.373205E+07  0.000000E+00  0.415362E+07
  0.678752E-03  0.415267E+07  0.415262E+07  0.363943E+07  0.363012E+07  0.000000E+00  0.415266E+07
  0.701758E-03  0.415165E+07  0.415159E+07  0.353369E+07  0.352415E+07  0.000000E+00  0.415164E+07
  0.725544E-03  0.415056E+07  0.415050E+07  0.342395E+07  0.341422E+07  0.000000E+00  0.415055E+07
  0.750137E-03  0.414940E+07  0.414934E+07  0.331031E+07  0.330042E+07  0.000000E+00  0.414939E+07
  0.775563E-03  0.414817E+07  0.414811E+07  0.319291E+07  0.318289E+07  0.000000E+00  0.414816E+07
  0.801851E-03  0.414687E+07  0.414680E+07  0.307192E+07  0.306183E+07  0.000000E+00  0.414686E+07
  0.829029E-03  0.414548E+07  0.414540E+07  0.294759E+07  0.293747E+07  0.000000E+00  0.414547E+07
  0.857129E-03  0.414400E+07  0.414392E+07  0.282019E+07  0.281011E+07  0.000000E+00  0.414399E+07
  0.886182E-03  0.414244E+07  0.414235E+07  0.269007E+07  0.268008E+07  0.000000E+00  0.414242E+07
  0.916219E-03  0.414078E+07  0.414068E+07  0.255762E+07  0.254781E+07  0.000000E+00  0.414076E+07
  0.947274E-03  0.413901E+07  0.413892E+07  0.242332E+07  0.241376E+07  0.000000E+00  0.413900E+07
  0.979383E-03  0.413714E+07  0.413704E+07  0.228770E+07  0.227846E+07  0.000000E+00  0.413713E+07
  0.101258E-02  0.413516E+07  0.413505E+07  0.215134E+07  0.214252E+07  0.000000E+00  0.413515E+07
  0.104690E-02  0.413306E+07  0.413294E+07  0.201491E+07  0.200659E+07  0.000000E+00  0.413305E+07
  0.108239E-02  0.413084E+07  0.413071E+07  0.187913E+07  0.187140E+07  0.000000E+00  0.413082E+07
  0.111907E-02  0.412849E+07  0.412835E+07  0.174477E+07  0.173773E+07  0.000000E+00  0.412847E+07
  0.115700E-02  0.412600E+07  0.412586E+07  0.161266E+07  0.160639E+07  0.000000E+00  0.412598E+07
  0.119622E-02  0.412337E+07  0.412322E+07  0.148366E+07  0.147825E+07  0.000000E+00  0.412335E+07
  0.123677E-02  0.412060E+07  0.412043E+07  0.135865E+07  0.135417E+07  0.000000E+00  0.412057E+07
  0.127869E-02  0.411766E+07  0.411749E+07  0.123854E+07  0.123504E+07  0.000000E+00  0.411764E+07
  0.132203E-02  0.411457E+07  0.411438E+07  0.112419E+07  0.112172E+07  0.000000E+00  0.411454E+07
  0.136684E-02  0.411131E+07  0.411111E+07  0.101645E+07  0.101504E+07  0.000000E+00  0.411128E+07
  0.141317E-02  0.410787E+07  0.410766E+07  0.916102E+06  0.915754E+06  0.000000E+00  0.410784E+07
  0.146107E-02  0.410425E+07  0.410402E+07  0.823837E+06  0.824520E+06  0.000000E+00  0.410422E+07
  0.151059E-02  0.410044E+07  0.410020E+07  0.740217E+06  0.741874E+06  0.000000E+00  0.410040E+07
  0.156179E-02  0.409644E+07  0.409617E+07  0.665650E+06  0.668191E+06  0.000000E+00  0.409640E+07
  0.161473E-02  0.409223E+07  0.409195E+07  0.600363E+06  0.603662E+06  0.000000E+00  0.409218E+07
  0.166946E-02  0.408781E+07  0.408751E+07  0.544365E+06  0.548265E+06  0.000000E+00  0.408776E+07
  0.172605E-02  0.408317E+07  0.408285E+07  0.497434E+06  0.501746E+06  0.000000E+00  0.408312E+07
  0.178455E-02  0.407831E+07  0.407797E+07  0.459096E+06  0.463605E+06  0.000000E+00  0.407825E+07
  0.184504E-02  0.407321E+07  0.407285E+07  0.428627E+06  0.433102E+06  0.000000E+00  0.407315E+07
  0.190758E-02  0.406787E+07  0.406748E+07  0.405062E+06  0.409262E+06  0.000000E+00  0.406781E+07
  0.197223E-02  0.406229E+07  0.406187E+07  0.387220E+06  0.390912E+06  0.000000E+00  0.406222E+07
  0.203908E-02  0.405645E+07  0.405600E+07  0.373752E+06  0.376724E+06  0.000000E+00  0.405638E+07
  0.210820E-02  0.405034E+07  0.404986E+07  0.363200E+06  0.365278E+06  0.000000E+00  0.405027E+07
  0.217966E-02  0.404396E+07  0.404345E+07  0.354082E+06  0.355146E+06  0.000000E+00  0.404388E+07
  0.225354E-02  0.403730E+07  0.403676E+07  0.344982E+06  0.344982E+06  0.000000E+00  0.403722E+07
  0.232992E-02  0.403035E+07  0.402977E+07  0.334656E+06  0.333622E+06  0.000000E+00  0.403026E+07
  0.240889E-02  0.402310E+07  0.402248E+07  0.322133E+06  0.320180E+06  0.000000E+00  0.402301E+07
  0.249054E-02  0.401555E+07  0.401489E+07  0.306810E+06  0.304132E+06  0.000000E+00  0.401544E+07
  0.257496E-02  0.400767E+07  0.400697E+07  0.288516E+06  0.285372E+06  0.000000E+00  0.400756E+07
  0.266224E-02  0.399947E+07  0.399872E+07  0.267547E+06  0.264236E+06  0.000000E+00  0.399936E+07
  0.275248E-02  0.399093E+07  0.399013E+07  0.244647E+06  0.241467E+06  0.000000E+00  0.399081E+07
  0.284577E-02  0.398205E+07  0.398119E+07  0.220933E+06  0.218136E+06  0.000000E+00  0.398192E+07
  0.294223E-02  0.397281E+07  0.397189E+07  0.197759E+06  0.195504E+06  0.000000E+00  0.397267E+07
  0.304196E-02  0.396320E+07  0.396222E+07  0.176531E+06  0.174842E+06  0.000000E+00  0.396305E+07
  0.314506E-02  0.395321E+07  0.395217E+07  0.158491E+06  0.157224E+06  0.000000E+00  0.395305E+07
  0.325166E-02  0.394283E+07  0.394172E+07  0.144493E+06  0.143338E+06  0.000000E+00  0.394266E+07
  0.336188E-02  0.393205E+07  0.393087E+07  0.134828E+06  0.133335E+06  0.000000E+00  0.393187E+07
  0.347583E-02  0.392086E+07  0.391960E+07  0.129118E+06  0.126770E+06  0.000000E+00  0.392067E+07
  0.359365E-02  0.390925E+07  0.390790E+07  0.126340E+06  0.122653E+06  0.000000E+00  0.390904E+07
  0.371545E-02  0.389721E+07  0.389577E+07  0.000000E+00  0.000000E+00  0.000000E+00  0.389699E+07
  0.384139E-02  0.388472E+07  0.388319E+07  0.000000E+00  0.000000E+00  0.000000E+00  0.388449E+07
  0.397159E-02  0.387178E+07  0.387015E+07  0.000000E+00  0.000000E+00  0.000000E+00  0.387153E+07
  0.410621E-02  0.385838E+07  0.385663E+07  0.000000E+00  0.000000E+00  0.000000E+00  0.385811E+07
  0.424539E-02  0.384449E+07  0.384263E+07  0.000000E+00  0.000000E+00  0.000000E+00  0.384421E+07
  0.438929E-02  0.383012E+07  0.382814E+07  0.000000E+00  0.000000E+00  0.000000E+00  0.382982E+07
  0.453806E-02  0.381525E+07  0.381314E+07  0.000000E+00  0.000000E+00  0.000000E+00  0.381493E+07
  0.469188E-02  0.379987E+07  0.379762E+07  0.000000E+00  0.000000E+00  0.000000E+00  0.379952E+07
  0.485091E-02  0.378397E+07  0.378157E+07  0.000000E+00  0.000000E+00  0.000000E+00  0.378360E+07
  0.501534E-02  0.376753E+07  0.376497E+07  0.000000E+00  0.000000E+00  0.000000E+00  0.376713E+07
  0.518533E-02  0.375055E+07  0.374782E+07  0.000000E+00  0.000000E+00  0.000000E+00  0.375013E+07
  0.536109E-02  0.373301E+07  0.373011E+07  0.000000E+00  0.000000E+00  0.000000E+00  0.373256E+07
  0.554280E-02  0.371490E+07  0.371181E+07  0.000000E+00  0.000000E+00  0.000000E+00  0.371443E+07
  0.573068E-02  0.369622E+07  0.369292E+07  0.000000E+00  0.000000E+00  0.000000E+00  0.369571E+07
  0.592492E-02  0.367694E+07  0.367343E+07  0.000000E+00  0.000000E+00  0.000000E+00  0.367640E+07
  0.612574E-02  0.365706E+07  0.365333E+07  0.000000E+00  0.000000E+00  0.000000E+00  0.365649E+07
  0.633338E-02  0.363657E+07  0.363260E+07  0.000000E+00  0.000000E+00  0.000000E+00  0.363596E+07
  0.654805E-02  0.361546E+07  0.361123E+07  0.000000E+00  0.000000E+00  0.000000E+00  0.361480E+07
  0.677000E-02  0.359371E+07  0.358920E+07  0.000000E+00  0.000000E+00  0.000000E+00  0.359301E+07
  0.699947E-02  0.357131E+07  0.356652E+07  0.000000E+00  0.000000E+00  0.000000E+00  0.357057E+07
  0.723671E-02  0.354825E+07  0.354316E+07  0.000000E+00  0.000000E+00  0.000000E+00  0.354747E+07
  0.748200E-02  0.352453E+07  0.351911E+07  0.000000E+00  0.000000E+00  0.000000E+00  0.352369E+07
  0.773561E-02  0.350012E+07  0.349436E+07  0.000000E+00  0.000000E+00  0.000000E+00  0.349923E+07
  0.799781E-02  0.347502E+07  0.346889E+07  0.000000E+00  0.000000E+00  0.000000E+00  0.347408E+07
  0.826889E-02  0.344922E+07  0.344271E+07  0.000000E+00  0.000000E+00  0.000000E+00  0.344822E+07
  0.854917E-02  0.342271E+07  0.341578E+07  0.000000E+00  0.000000E+00  0.000000E+00  0.342164E+07
  0.883894E-02  0.339547E+07  0.338811E+07  0.000000E+00  0.000000E+00  0.000000E+00  0.339433E+07
  0.913854E-02  0.336749E+07  0.335968E+07  0.000000E+00  0.000000E+00  0.000000E+00  0.336629E+07
  0.944829E-02  0.333877E+07  0.333048E+07  0.000000E+00  0.000000E+00  0.000000E+00  0.333749E+07
  0.976854E-02  0.330929E+07  0.330049E+07  0.000000E+00  0.000000E+00  0.000000E+00  0.330793E+07
  0.100996E-01  0.327904E+07  0.326970E+07  0.000000E+00  0.000000E+00  0.000000E+00  0.327760E+07
  0.104420E-01  0.324802E+07  0.323811E+07  0.000000E+00  0.000000E+00  0.000000E+00  0.324649E+07
  0.107959E-01  0.321620E+07  0.320570E+07  0.000000E+00  0.000000E+00  0.000000E+00  0.321458E+07
  0.111618E-01  0.318358E+07  0.317246E+07  0.000000E+00  0.000000E+00  0.000000E+00  0.318187E+07
  0.115402E-01  0.315016E+07  0.313837E+07  0.000000E+00  0.000000E+00  0.000000E+00  0.314834E+07
  0.119313E-01  0.311592E+07  0.310344E+07  0.000000E+00  0.000000E+00  0.000000E+00  0.311399E+07
  0.123357E-01  0.308085E+07  0.306764E+07  0.000000E+00  0.000000E+00  0.000000E+00  0.307881E+07
  0.127539E-01  0.304494E+07  0.303097E+07  0.000000E+00  0.000000E+00  0.000000E+00  0.304279E+07
  0.131862E-01  0.300820E+07  0.299342E+07  0.000000E+00  0.000000E+00  0.000000E+00  0.300592E+07
  0.136331E-01  0.297060E+07  0.295499E+07  0.000000E+00  0.000000E+00  0.000000E+00  0.296819E+07
  0.140952E-01  0.293214E+07  0.291566E+07  0.000000E+00  0.000000E+00  0.000000E+00  0.292960E+07
  0.145730E-01  0.289283E+07  0.287544E+07  0.000000E+00  0.000000E+00  0.000000E+00  0.289015E+07
  0.150669E-01  0.285265E+07  0.283431E+07  0.000000E+00  0.000000E+00  0.000000E+00  0.284982E+07
  0.155776E-01  0.281161E+07  0.279228E+07  0.000000E+00  0.000000E+00  0.000000E+00  0.280862E+07
  0.161056E-01  0.276970E+07  0.274935E+07  0.000000E+00  0.000000E+00  0.000000E+00  0.276656E+07
  0.166515E-01  0.272692E+07  0.270552E+07  0.000000E+00  0.000000E+00  0.000000E+00  0.272362E+07
  0.172159E-01  0.268329E+07  0.266080E+07  0.000000E+00  0.000000E+00  0.000000E+00  0.267982E+07
  0.177994E-01  0.263881E+07  0.261520E+07  0.000000E+00  0.000000E+00  0.000000E+00  0.263517E+07
  0.184028E-01  0.259349E+07  0.256873E+07  0.000000E+00  0.000000E+00  0.000000E+00  0.258967E+07
  0.190265E-01  0.254735E+07  0.252140E+07  0.000000E+00  0.000000E+00  0.000000E+00  0.254334E+07
  0.196714E-01  0.250040E+07  0.247325E+07  0.000000E+00  0.000000E+00  0.000000E+00  0.249621E+07
  0.203382E-01  0.245267E+07  0.242430E+07  0.000000E+00  0.000000E+00  0.000000E+00  0.244829E+07
  0.210276E-01  0.240419E+07  0.237458E+07  0.000000E+00  0.000000E+00  0.000000E+00  0.239962E+07
  0.217403E-01  0.235499E+07  0.232414E+07  0.000000E+00  0.000000E+00  0.000000E+00  0.235023E+07
  0.224772E-01  0.230512E+07  0.227302E+07  0.000000E+00  0.000000E+00  0.000000E+00  0.230016E+07
  0.232390E-01  0.225462E+07  0.222128E+07  0.000000E+00  0.000000E+00  0.000000E+00  0.224947E+07
  0.240267E-01  0.220355E+07  0.216898E+07  0.000000E+00  0.000000E+00  0.000000E+00  0.219821E+07
  0.248411E-01  0.215197E+07  0.211620E+07  0.000000E+00  0.000000E+00  0.000000E+00  0.214645E+07
  0.256831E-01  0.209996E+07  0.206302E+07  0.000000E+00  0.000000E+00  0.000000E+00  0.209426E+07
  0.265537E-01  0.204760E+07  0.200954E+07  0.000000E+00  0.000000E+00  0.000000E+00  0.204172E+07
  0.274537E-01  0.199498E+07  0.195586E+07  0.000000E+00  0.000000E+00  0.000000E+00  0.198894E+07
  0.283842E-01  0.194220E+07  0.190210E+07  0.000000E+00  0.000000E+00  0.000000E+00  0.193601E+07
  0.293463E-01  0.188938E+07  0.184838E+07  0.000000E+00  0.000000E+00  0.000000E+00  0.188305E+07
  0.303410E-01  0.183664E+07  0.179484E+07  0.000000E+00  0.000000E+00  0.000000E+00  0.183019E+07
  0.313694E-01  0.178411E+07  0.174164E+07  0.000000E+00  0.000000E+00  0.000000E+00  0.177756E+07
  0.324327E-01  0.173194E+07  0.168892E+07  0.000000E+00  0.000000E+00  0.000000E+00  0.172530E+07
  0.335320E-01  0.168026E+07  0.163686E+07  0.000000E+00  0.000000E+00  0.000000E+00  0.167357E+07
  0.346686E-01  0.162926E+07  0.158563E+07  0.000000E+00  0.000000E+00  0.000000E+00  0.162252E+07
  0.358437E-01  0.157907E+07  0.153541E+07  0.000000E+00  0.000000E+00  0.000000E+00  0.157233E+07
  0.370586E-01  0.152987E+07  0.148637E+07  0.000000E+00  0.000000E+00  0.000000E+00  0.152316E+07
  0.383147E-01  0.148158E+07  0.143846E+07  0.000000E+00  0.000000E+00  0.000000E+00  0.147493E+07
  0.396134E-01  0.143445E+07  0.139192E+07  0.000000E+00  0.000000E+00  0.000000E+00  0.142789E+07
  0.409561E-01  0.138877E+07  0.134706E+07  0.000000E+00  0.000000E+00  0.000000E+00  0.138233E+07
  0.423443E-01  0.134470E+07  0.130404E+07  0.000000E+00  0.000000E+00  0.000000E+00  0.133843E+07
  0.437796E-01  0.130240E+07  0.126302E+07  0.000000E+00  0.000000E+00  0.000000E+00  0.129632E+07
  0.452635E-01  0.126194E+07  0.122406E+07  0.000000E+00  0.000000E+00  0.000000E+00  0.125610E+07
  0.467977E-01  0.122337E+07  0.118720E+07  0.000000E+00  0.000000E+00  0.000000E+00  0.121779E+07
  0.483839E-01  0.118668E+07  0.115240E+07  0.000000E+00  0.000000E+00  0.000000E+00  0.118139E+07
  0.500239E-01  0.115178E+07  0.111955E+07  0.000000E+00  0.000000E+00  0.000000E+00  0.114681E+07
  0.517194E-01  0.111857E+07  0.108852E+07  0.000000E+00  0.000000E+00  0.000000E+00  0.111393E+07
  0.534725E-01  0.108688E+07  0.105910E+07  0.000000E+00  0.000000E+00  0.000000E+00  0.108260E+07
  0.552850E-01  0.105656E+07  0.103108E+07  0.000000E+00  0.000000E+00  0.000000E+00  0.105263E+07
  0.571588E-01  0.102746E+07  0.100425E+07  0.000000E+00  0.000000E+00  0.000000E+00  0.102388E+07
  0.590963E-01  0.999510E+06  0.978508E+06  0.000000E+00  0.000000E+00  0.000000E+00  0.996268E+06
  0.610993E-01  0.973199E+06  0.954270E+06  0.000000E+00  0.000000E+00  0.000000E+00  0.970278E+06
  0.631703E-01  0.946655E+06  0.929602E+06  0.000000E+00  0.000000E+00  0.000000E+00  0.944023E+06
  0.653114E-01  0.920268E+06  0.904842E+06  0.000000E+00  0.000000E+00  0.000000E+00  0.917887E+06
  0.675252E-01  0.893733E+06  0.879637E+06  0.000000E+00  0.000000E+00  0.000000E+00  0.891558E+06
  0.698139E-01  0.866770E+06  0.853672E+06  0.000000E+00  0.000000E+00  0.000000E+00  0.864749E+06
  0.721803E-01  0.839148E+06  0.826694E+06  0.000000E+00  0.000000E+00  0.000000E+00  0.837226E+06
  0.746268E-01  0.810720E+06  0.798556E+06  0.000000E+00  0.000000E+00  0.000000E+00  0.808842E+06
  0.771564E-01  0.781454E+06  0.769243E+06  0.000000E+00  0.000000E+00  0.000000E+00  0.779569E+06
  0.797716E-01  0.751443E+06  0.738894E+06  0.000000E+00  0.000000E+00  0.000000E+00  0.749507E+06
  0.824755E-01  0.720900E+06  0.707786E+06  0.000000E+00  0.000000E+00  0.000000E+00  0.718876E+06
  0.852709E-01  0.690138E+06  0.676321E+06  0.000000E+00  0.000000E+00  0.000000E+00  0.688006E+06
  0.881612E-01  0.659542E+06  0.644985E+06  0.000000E+00  0.000000E+00  0.000000E+00  0.657295E+06
  0.911495E-01  0.629551E+06  0.614327E+06  0.000000E+00  0.000000E+00  0.000000E+00  0.627201E+06
  0.942390E-01  0.600642E+06  0.584934E+06  0.000000E+00  0.000000E+00  0.000000E+00  0.598217E+06
  0.974333E-01  0.573303E+06  0.557389E+06  0.000000E+00  0.000000E+00  0.000000E+00  0.570847E+06
  0.100736E+00  0.547987E+06  0.532216E+06  0.000000E+00  0.000000E+00  0.000000E+00  0.545553E+06
  0.104150E+00  0.525024E+06  0.509777E+06  0.000000E+00  0.000000E+00  0.000000E+00  0.522671E+06
  0.107680E+00  0.504535E+06  0.490184E+06  0.000000E+00  0.000000E+00  0.000000E+00  0.502320E+06
  0.111330E+00  0.486386E+06  0.473240E+06  0.000000E+00  0.000000E+00  0.000000E+00  0.484358E+06
  0.115104E+00  0.470211E+06  0.458474E+06  0.000000E+00  0.000000E+00  0.000000E+00  0.468400E+06
  0.119005E+00  0.455471E+06  0.445208E+06  0.000000E+00  0.000000E+00  0.000000E+00  0.453888E+06
  0.123039E+00  0.441510E+06  0.432627E+06  0.000000E+00  0.000000E+00  0.000000E+00  0.440139E+06
  0.127209E+00  0.427584E+06  0.419838E+06  0.000000E+00  0.000000E+00  0.000000E+00  0.426388E+06
  0.131521E+00  0.412957E+06  0.405992E+06  0.000000E+00  0.000000E+00  0.000000E+00  0.411882E+06
  0.135979E+00  0.397100E+06  0.390502E+06  0.000000E+00  0.000000E+00  0.000000E+00  0.396082E+06
  0.140588E+00  0.379917E+06  0.373293E+06  0.000000E+00  0.000000E+00  0.000000E+00  0.378895E+06
  0.145353E+00  0.361798E+06  0.354851E+06  0.000000E+00  0.000000E+00  0.000000E+00  0.360726E+06
  0.150280E+00  0.343424E+06  0.336016E+06  0.000000E+00  0.000000E+00  0.000000E+00  0.342281E+06
  0.155374E+00  0.325538E+06  0.317719E+06  0.000000E+00  0.000000E+00  0.000000E+00  0.324331E+06
  0.160640E+00  0.308866E+06  0.300855E+06  0.000000E+00  0.000000E+00  0.000000E+00  0.307629E+06
  0.166085E+00  0.294073E+06  0.286205E+06  0.000000E+00  0.000000E+00  0.000000E+00  0.292859E+06
  0.171715E+00  0.281512E+06  0.274134E+06  0.000000E+00  0.000000E+00  0.000000E+00  0.280373E+06
  0.177535E+00  0.270922E+06  0.264298E+06  0.000000E+00  0.000000E+00  0.000000E+00  0.269900E+06
  0.183553E+00  0.261517E+06  0.255742E+06  0.000000E+00  0.000000E+00  0.000000E+00  0.260626E+06
  0.189774E+00  0.252383E+06  0.247354E+06  0.000000E+00  0.000000E+00  0.000000E+00  0.251607E+06
  0.196206E+00  0.242756E+06  0.238215E+06  0.000000E+00  0.000000E+00  0.000000E+00  0.242055E+06
  0.202857E+00  0.232183E+06  0.227811E+06  0.000000E+00  0.000000E+00  0.000000E+00  0.231508E+06
  0.209733E+00  0.220738E+06  0.216276E+06  0.000000E+00  0.000000E+00  0.000000E+00  0.220050E+06
  0.216842E+00  0.209055E+06  0.204404E+06  0.000000E+00  0.000000E+00  0.000000E+00  0.208337E+06
  0.224192E+00  0.197991E+06  0.193239E+06  0.000000E+00  0.000000E+00  0.000000E+00  0.197258E+06
  0.231791E+00  0.188241E+06  0.183602E+06  0.000000E+00  0.000000E+00  0.000000E+00  0.187525E+06
  0.239647E+00  0.180019E+06  0.175721E+06  0.000000E+00  0.000000E+00  0.000000E+00  0.179356E+06
  0.247770E+00  0.172894E+06  0.169052E+06  0.000000E+00  0.000000E+00  0.000000E+00  0.172301E+06
  0.256168E+00  0.166060E+06  0.162623E+06  0.000000E+00  0.000000E+00  0.000000E+00  0.165530E+06
  0.264851E+00  0.158865E+06  0.155662E+06  0.000000E+00  0.000000E+00  0.000000E+00  0.158371E+06
  0.273828E+00  0.151142E+06  0.147990E+06  0.000000E+00  0.000000E+00  0.000000E+00  0.150656E+06
  0.283110E+00  0.143258E+06  0.140078E+06  0.000000E+00  0.000000E+00  0.000000E+00  0.142767E+06
  0.292706E+00  0.135877E+06  0.132728E+06  0.000000E+00  0.000000E+00  0.000000E+00  0.135391E+06
  0.302627E+00  0.129407E+06  0.126418E+06  0.000000E+00  0.000000E+00  0.000000E+00  0.128946E+06
  0.312884E+00  0.123708E+06  0.120967E+06  0.000000E+00  0.000000E+00  0.000000E+00  0.123285E+06
  0.323490E+00  0.118312E+06  0.115797E+06  0.000000E+00  0.000000E+00  0.000000E+00  0.117924E+06
  0.334454E+00  0.112764E+06  0.110377E+06  0.000000E+00  0.000000E+00  0.000000E+00  0.112396E+06
  0.345791E+00  0.107072E+06  0.104735E+06  0.000000E+00  0.000000E+00  0.000000E+00  0.106712E+06
  0.357512E+00  0.101599E+06  0.993158E+05  0.000000E+00  0.000000E+00  0.000000E+00  0.101246E+06
  0.369629E+00  0.966473E+05  0.944781E+05  0.000000E+00  0.000000E+00  0.000000E+00  0.963125E+05
  0.382158E+00  0.921483E+05  0.901296E+05  0.000000E+00  0.000000E+00  0.000000E+00  0.918368E+05
  0.395111E+00  0.878049E+05  0.859113E+05  0.000000E+00  0.000000E+00  0.000000E+00  0.875127E+05
  0.408504E+00  0.834516E+05  0.816346E+05  0.000000E+00  0.000000E+00  0.000000E+00  0.831712E+05
  0.422350E+00  0.792198E+05  0.774660E+05  0.000000E+00  0.000000E+00  0.000000E+00  0.789491E+05
  0.436666E+00  0.752894E+05  0.736218E+05  0.000000E+00  0.000000E+00  0.000000E+00  0.750320E+05
  0.451466E+00  0.716433E+05  0.700757E+05  0.000000E+00  0.000000E+00  0.000000E+00  0.714014E+05
  0.466769E+00  0.681228E+05  0.666387E+05  0.000000E+00  0.000000E+00  0.000000E+00  0.678938E+05
  0.482590E+00  0.646863E+05  0.632665E+05  0.000000E+00  0.000000E+00  0.000000E+00  0.644672E+05
  0.498948E+00  0.614244E+05  0.600709E+05  0.000000E+00  0.000000E+00  0.000000E+00  0.612155E+05
  0.515859E+00  0.583673E+05  0.570874E+05  0.000000E+00  0.000000E+00  0.000000E+00  0.581698E+05
  0.533344E+00  0.554476E+05  0.542350E+05  0.000000E+00  0.000000E+00  0.000000E+00  0.552605E+05
  0.551422E+00  0.526343E+05  0.514795E+05  0.000000E+00  0.000000E+00  0.000000E+00  0.524561E+05
  0.570113E+00  0.499631E+05  0.488659E+05  0.000000E+00  0.000000E+00  0.000000E+00  0.497937E+05
  0.589437E+00  0.474361E+05  0.463968E+05  0.000000E+00  0.000000E+00  0.000000E+00  0.472757E+05
  0.609416E+00  0.450211E+05  0.440346E+05  0.000000E+00  0.000000E+00  0.000000E+00  0.448688E+05
  0.630072E+00  0.427162E+05  0.417792E+05  0.000000E+00  0.000000E+00  0.000000E+00  0.425716E+05
  0.651428E+00  0.405306E+05  0.396421E+05  0.000000E+00  0.000000E+00  0.000000E+00  0.403935E+05
  0.673509E+00  0.384505E+05  0.376080E+05  0.000000E+00  0.000000E+00  0.000000E+00  0.383205E+05
  0.696337E+00  0.364690E+05  0.356695E+05  0.000000E+00  0.000000E+00  0.000000E+00  0.363456E+05
  0.719940E+00  0.345867E+05  0.338287E+05  0.000000E+00  0.000000E+00  0.000000E+00  0.344697E+05
  0.744342E+00  0.327969E+05  0.320782E+05  0.000000E+00  0.000000E+00  0.000000E+00  0.326860E+05
  0.769572E+00  0.310947E+05  0.304133E+05  0.000000E+00  0.000000E+00  0.000000E+00  0.309895E+05
  0.795656E+00  0.294772E+05  0.288314E+05  0.000000E+00  0.000000E+00  0.000000E+00  0.293775E+05
  0.822625E+00  0.279397E+05  0.273275E+05  0.000000E+00  0.000000E+00  0.000000E+00  0.278452E+05
  0.850508E+00  0.264789E+05  0.258988E+05  0.000000E+00  0.000000E+00  0.000000E+00  0.263894E+05
  0.879336E+00  0.250910E+05  0.245413E+05  0.000000E+00  0.000000E+00  0.000000E+00  0.250062E+05
  0.909141E+00  0.237728E+05  0.232520E+05  0.000000E+00  0.000000E+00  0.000000E+00  0.236924E+05
  0.939957E+00  0.225213E+05  0.220280E+05  0.000000E+00  0.000000E+00  0.000000E+00  0.224452E+05
  0.971817E+00  0.213330E+05  0.208657E+05  0.000000E+00  0.000000E+00  0.000000E+00  0.212609E+05
  0.100476E+01  0.202048E+05  0.197623E+05  0.000000E+00  0.000000E+00  0.000000E+00  0.201365E+05
  0.103881E+01  0.191341E+05  0.187150E+05  0.000000E+00  0.000000E+00  0.000000E+00  0.190694E+05
  0.107402E+01  0.181177E+05  0.177209E+05  0.000000E+00  0.000000E+00  0.000000E+00  0.180565E+05
  0.111043E+01  0.171534E+05  0.167777E+05  0.000000E+00  0.000000E+00  0.000000E+00  0.170954E+05
  0.114807E+01  0.162383E+05  0.158827E+05  0.000000E+00  0.000000E+00  0.000000E+00  0.161835E+05
  0.118698E+01  0.153706E+05  0.150340E+05  0.000000E+00  0.000000E+00  0.000000E+00  0.153186E+05
  0.122721E+01  0.145476E+05  0.142290E+05  0.000000E+00  0.000000E+00  0.000000E+00  0.144984E+05
  0.126881E+01  0.137671E+05  0.134656E+05  0.000000E+00  0.000000E+00  0.000000E+00  0.137205E+05
  0.131182E+01  0.130270E+05  0.127418E+05  0.000000E+00  0.000000E+00  0.000000E+00  0.129830E+05
  0.135628E+01  0.123254E+05  0.120555E+05  0.000000E+00  0.000000E+00  0.000000E+00  0.122838E+05
  0.140225E+01  0.116603E+05  0.114050E+05  0.000000E+00  0.000000E+00  0.000000E+00  0.116209E+05
  0.144978E+01  0.110300E+05  0.107885E+05  0.000000E+00  0.000000E+00  0.000000E+00  0.109927E+05
  0.149892E+01  0.104327E+05  0.102043E+05  0.000000E+00  0.000000E+00  0.000000E+00  0.103974E+05
  0.154973E+01  0.986675E+04  0.965071E+04  0.000000E+00  0.000000E+00  0.000000E+00  0.983341E+04
  0.160226E+01  0.933056E+04  0.912627E+04  0.000000E+00  0.000000E+00  0.000000E+00  0.929904E+04
  0.165656E+01  0.882270E+04  0.862954E+04  0.000000E+00  0.000000E+00  0.000000E+00  0.879289E+04
  0.171271E+01  0.834165E+04  0.815902E+04  0.000000E+00  0.000000E+00  0.000000E+00  0.831346E+04
  0.177077E+01  0.788606E+04  0.771341E+04  0.000000E+00  0.000000E+00  0.000000E+00  0.785942E+04
  0.183079E+01  0.745464E+04  0.729143E+04  0.000000E+00  0.000000E+00  0.000000E+00  0.742945E+04
  0.189284E+01  0.704618E+04  0.689192E+04  0.000000E+00  0.000000E+00  0.000000E+00  0.702238E+04
  0.195700E+01  0.665952E+04  0.651372E+04  0.000000E+00  0.000000E+00  0.000000E+00  0.663702E+04
  0.202333E+01  0.629354E+04  0.615575E+04  0.000000E+00  0.000000E+00  0.000000E+00  0.627227E+04
  0.209191E+01  0.594711E+04  0.581691E+04  0.000000E+00  0.000000E+00  0.000000E+00  0.592702E+04
  0.216282E+01  0.561926E+04  0.549624E+04  0.000000E+00  0.000000E+00  0.000000E+00  0.560027E+04
  0.223613E+01  0.530902E+04  0.519279E+04  0.000000E+00  0.000000E+00  0.000000E+00  0.529108E+04
  0.231192E+01  0.501550E+04  0.490570E+04  0.000000E+00  0.000000E+00  0.000000E+00  0.499856E+04
  0.239028E+01  0.473783E+04  0.463411E+04  0.000000E+00  0.000000E+00  0.000000E+00  0.472182E+04
  0.247130E+01  0.447515E+04  0.437718E+04  0.000000E+00  0.000000E+00  0.000000E+00  0.446003E+04
  0.255507E+01  0.422668E+04  0.413415E+04  0.000000E+00  0.000000E+00  0.000000E+00  0.421240E+04
  0.264167E+01  0.399169E+04  0.390431E+04  0.000000E+00  0.000000E+00  0.000000E+00  0.397821E+04
  0.273121E+01  0.376949E+04  0.368697E+04  0.000000E+00  0.000000E+00  0.000000E+00  0.375676E+04
  0.282379E+01  0.355938E+04  0.348145E+04  0.000000E+00  0.000000E+00  0.000000E+00  0.354735E+04
  0.291950E+01  0.336072E+04  0.328714E+04  0.000000E+00  0.000000E+00  0.000000E+00  0.334936E+04
  0.301846E+01  0.317289E+04  0.310343E+04  0.000000E+00  0.000000E+00  0.000000E+00  0.316217E+04
  0.312077E+01  0.299535E+04  0.292977E+04  0.000000E+00  0.000000E+00  0.000000E+00  0.298523E+04
  0.322655E+01  0.282754E+04  0.276564E+04  0.000000E+00  0.000000E+00  0.000000E+00  0.281799E+04
  0.333591E+01  0.266894E+04  0.261051E+04  0.000000E+00  0.000000E+00  0.000000E+00  0.265993E+04
  0.344898E+01  0.251905E+04  0.246390E+04  0.000000E+00  0.000000E+00  0.000000E+00  0.251054E+04
  0.356588E+01  0.237742E+04  0.232536E+04  0.000000E+00  0.000000E+00  0.000000E+00  0.236938E+04
  0.368675E+01  0.224359E+04  0.219446E+04  0.000000E+00  0.000000E+00  0.000000E+00  0.223601E+04
  0.381172E+01  0.211715E+04  0.207079E+04  0.000000E+00  0.000000E+00  0.000000E+00  0.211000E+04
  0.394091E+01  0.199770E+04  0.195396E+04  0.000000E+00  0.000000E+00  0.000000E+00  0.199095E+04
  0.407449E+01  0.188486E+04  0.184359E+04  0.000000E+00  0.000000E+00  0.000000E+00  0.187849E+04
  0.421259E+01  0.177829E+04  0.173935E+04  0.000000E+00  0.000000E+00  0.000000E+00  0.177228E+04
  0.435538E+01  0.167763E+04  0.164089E+04  0.000000E+00  0.000000E+00  0.000000E+00  0.167196E+04
  0.450301E+01  0.158257E+04  0.154791E+04  0.000000E+00  0.000000E+00  0.000000E+00  0.157722E+04
  0.465564E+01  0.149280E+04  0.146010E+04  0.000000E+00  0.000000E+00  0.000000E+00  0.148775E+04
  0.481344E+01  0.140803E+04  0.137719E+04  0.000000E+00  0.000000E+00  0.000000E+00  0.140327E+04
  0.497659E+01  0.132800E+04  0.129891E+04  0.000000E+00  0.000000E+00  0.000000E+00  0.132351E+04
  0.514527E+01  0.125244E+04  0.122500E+04  0.000000E+00  0.000000E+00  0.000000E+00  0.124820E+04
  0.531968E+01  0.118110E+04  0.115522E+04  0.000000E+00  0.000000E+00  0.000000E+00  0.117711E+04
  0.549998E+01  0.111377E+04  0.108936E+04  0.000000E+00  0.000000E+00  0.000000E+00  0.111000E+04
  0.568641E+01  0.105021E+04  0.102720E+04  0.000000E+00  0.000000E+00  0.000000E+00  0.104666E+04
  0.587915E+01  0.990226E+03  0.968522E+03  0.000000E+00  0.000000E+00  0.000000E+00  0.986876E+03
  0.607843E+01  0.933611E+03  0.913145E+03  0.000000E+00  0.000000E+00  0.000000E+00  0.930453E+03
  0.628446E+01  0.880185E+03  0.860888E+03  0.000000E+00  0.000000E+00  0.000000E+00  0.877207E+03
  0.649747E+01  0.829770E+03  0.811576E+03  0.000000E+00  0.000000E+00  0.000000E+00  0.826962E+03
  0.671770E+01  0.782199E+03  0.765045E+03  0.000000E+00  0.000000E+00  0.000000E+00  0.779551E+03
  0.694539E+01  0.737318E+03  0.721146E+03  0.000000E+00  0.000000E+00  0.000000E+00  0.734822E+03
  0.718081E+01  0.694973E+03  0.679726E+03  0.000000E+00  0.000000E+00  0.000000E+00  0.692620E+03
  0.742420E+01  0.655026E+03  0.640653E+03  0.000000E+00  0.000000E+00  0.000000E+00  0.652808E+03
  0.767585E+01  0.617343E+03  0.603794E+03  0.000000E+00  0.000000E+00  0.000000E+00  0.615252E+03
  0.793602E+01  0.581798E+03  0.569027E+03  0.000000E+00  0.000000E+00  0.000000E+00  0.579827E+03
  0.820502E+01  0.548272E+03  0.536233E+03  0.000000E+00  0.000000E+00  0.000000E+00  0.546414E+03
  0.848312E+01  0.516652E+03  0.505305E+03  0.000000E+00  0.000000E+00  0.000000E+00  0.514901E+03
  0.877066E+01  0.486831E+03  0.476136E+03  0.000000E+00  0.000000E+00  0.000000E+00  0.485180E+03
  0.906794E+01  0.458710E+03  0.448629E+03  0.000000E+00  0.000000E+00  0.000000E+00  0.457154E+03
  0.937530E+01  0.432191E+03  0.422691E+03  0.000000E+00  0.000000E+00  0.000000E+00  0.430725E+03
  0.969308E+01  0.407187E+03  0.398233E+03  0.000000E+00  0.000000E+00  0.000000E+00  0.405805E+03
  0.100216E+02  0.383611E+03  0.375172E+03  0.000000E+00  0.000000E+00  0.000000E+00  0.382308E+03
  0.103613E+02  0.361382E+03  0.353430E+03  0.000000E+00  0.000000E+00  0.000000E+00  0.360155E+03
  0.107125E+02  0.340427E+03  0.332933E+03  0.000000E+00  0.000000E+00  0.000000E+00  0.339270E+03
  0.110756E+02  0.320672E+03  0.313609E+03  0.000000E+00  0.000000E+00  0.000000E+00  0.319582E+03
  0.114510E+02  0.302050E+03  0.295394E+03  0.000000E+00  0.000000E+00  0.000000E+00  0.301023E+03
  0.118392E+02  0.284496E+03  0.278224E+03  0.000000E+00  0.000000E+00  0.000000E+00  0.283528E+03
  0.122404E+02  0.267951E+03  0.262041E+03  0.000000E+00  0.000000E+00  0.000000E+00  0.267039E+03
  0.126553E+02  0.252357E+03  0.246787E+03  0.000000E+00  0.000000E+00  0.000000E+00  0.251498E+03
  0.130843E+02  0.237661E+03  0.232412E+03  0.000000E+00  0.000000E+00  0.000000E+00  0.236851E+03
  0.135278E+02  0.223810E+03  0.218864E+03  0.000000E+00  0.000000E+00  0.000000E+00  0.223047E+03
  0.139863E+02  0.210759E+03  0.206098E+03  0.000000E+00  0.000000E+00  0.000000E+00  0.210039E+03
  0.144604E+02  0.198459E+03  0.194067E+03  0.000000E+00  0.000000E+00  0.000000E+00  0.197781E+03
  0.149505E+02  0.186870E+03  0.182731E+03  0.000000E+00  0.000000E+00  0.000000E+00  0.186232E+03
  0.154573E+02  0.175951E+03  0.172050E+03  0.000000E+00  0.000000E+00  0.000000E+00  0.175349E+03
  0.159812E+02  0.165662E+03  0.161986E+03  0.000000E+00  0.000000E+00  0.000000E+00  0.165095E+03
  0.165229E+02  0.155970E+03  0.152505E+03  0.000000E+00  0.000000E+00  0.000000E+00  0.155435E+03
  0.170829E+02  0.146838E+03  0.143573E+03  0.000000E+00  0.000000E+00  0.000000E+00  0.146334E+03
  0.176619E+02  0.138236E+03  0.135159E+03  0.000000E+00  0.000000E+00  0.000000E+00  0.137761E+03
  0.182606E+02  0.130133E+03  0.127232E+03  0.000000E+00  0.000000E+00  0.000000E+00  0.129685E+03
  0.188795E+02  0.122500E+03  0.119766E+03  0.000000E+00  0.000000E+00  0.000000E+00  0.122078E+03
  0.195195E+02  0.115310E+03  0.112733E+03  0.000000E+00  0.000000E+00  0.000000E+00  0.114912E+03
  0.201811E+02  0.108538E+03  0.106109E+03  0.000000E+00  0.000000E+00  0.000000E+00  0.108163E+03
  0.208651E+02  0.102160E+03  0.998705E+02  0.000000E+00  0.000000E+00  0.000000E+00  0.101807E+03
  0.215723E+02  0.961537E+02  0.939949E+02  0.000000E+00  0.000000E+00  0.000000E+00  0.958205E+02
  0.223035E+02  0.904968E+02  0.884614E+02  0.000000E+00  0.000000E+00  0.000000E+00  0.901827E+02
  0.230595E+02  0.851698E+02  0.832505E+02  0.000000E+00  0.000000E+00  0.000000E+00  0.848736E+02
  0.238411E+02  0.801533E+02  0.783434E+02  0.000000E+00  0.000000E+00  0.000000E+00  0.798739E+02
  0.246492E+02  0.754297E+02  0.737228E+02  0.000000E+00  0.000000E+00  0.000000E+00  0.751663E+02
  0.254847E+02  0.709819E+02  0.693718E+02  0.000000E+00  0.000000E+00  0.000000E+00  0.707334E+02
  0.263485E+02  0.667940E+02  0.652752E+02  0.000000E+00  0.000000E+00  0.000000E+00  0.665596E+02
  0.272416E+02  0.628511E+02  0.614182E+02  0.000000E+00  0.000000E+00  0.000000E+00  0.626299E+02
  0.281650E+02  0.591388E+02  0.577867E+02  0.000000E+00  0.000000E+00  0.000000E+00  0.589301E+02
  0.291196E+02  0.556439E+02  0.543680E+02  0.000000E+00  0.000000E+00  0.000000E+00  0.554470E+02
  0.301066E+02  0.523538E+02  0.511494E+02  0.000000E+00  0.000000E+00  0.000000E+00  0.521679E+02
  0.311271E+02  0.492565E+02  0.481196E+02  0.000000E+00  0.000000E+00  0.000000E+00  0.490811E+02
  0.321822E+02  0.463409E+02  0.452674E+02  0.000000E+00  0.000000E+00  0.000000E+00  0.461752E+02
  0.332730E+02  0.435965E+02  0.425826E+02  0.000000E+00  0.000000E+00  0.000000E+00  0.434400E+02
  0.344008E+02  0.410131E+02  0.400554E+02  0.000000E+00  0.000000E+00  0.000000E+00  0.408653E+02
  0.355668E+02  0.385816E+02  0.376768E+02  0.000000E+00  0.000000E+00  0.000000E+00  0.384420E+02
  0.367723E+02  0.362931E+02  0.354379E+02  0.000000E+00  0.000000E+00  0.000000E+00  0.361611E+02
  0.380187E+02  0.341392E+02  0.333308E+02  0.000000E+00  0.000000E+00  0.000000E+00  0.340144E+02
  0.393074E+02  0.321120E+02  0.313476E+02  0.000000E+00  0.000000E+00  0.000000E+00  0.319940E+02
  0.406397E+02  0.302043E+02  0.294813E+02  0.000000E+00  0.000000E+00  0.000000E+00  0.300927E+02
  0.420172E+02  0.284089E+02  0.277248E+02  0.000000E+00  0.000000E+00  0.000000E+00  0.283033E+02
  0.434414E+02  0.267194E+02  0.260719E+02  0.000000E+00  0.000000E+00  0.000000E+00  0.266194E+02
  0.449138E+02  0.251296E+02  0.245165E+02  0.000000E+00  0.000000E+00  0.000000E+00  0.250349E+02
  0.464362E+02  0.236335E+02  0.230529E+02  0.000000E+00  0.000000E+00  0.000000E+00  0.235439E+02
  0.480101E+02  0.222259E+02  0.216757E+02  0.000000E+00  0.000000E+00  0.000000E+00  0.221410E+02
  0.496375E+02  0.209013E+02  0.203798E+02  0.000000E+00  0.000000E+00  0.000000E+00  0.208209E+02
  0.513199E+02  0.196551E+02  0.191605E+02  0.000000E+00  0.000000E+00  0.000000E+00  0.195788E+02
  0.530594E+02  0.184826E+02  0.180133E+02  0.000000E+00  0.000000E+00  0.000000E+00  0.184102E+02
  0.548579E+02  0.173795E+02  0.169340E+02  0.000000E+00  0.000000E+00  0.000000E+00  0.173107E+02
  0.567173E+02  0.163416E+02  0.159185E+02  0.000000E+00  0.000000E+00  0.000000E+00  0.162763E+02
  0.586397E+02  0.153653E+02  0.149632E+02  0.000000E+00  0.000000E+00  0.000000E+00  0.153032E+02
  0.606273E+02  0.144468E+02  0.140645E+02  0.000000E+00  0.000000E+00  0.000000E+00  0.143878E+02
  0.626823E+02  0.135827E+02  0.132190E+02  0.000000E+00  0.000000E+00  0.000000E+00  0.135266E+02
  0.648069E+02  0.127699E+02  0.124237E+02  0.000000E+00  0.000000E+00  0.000000E+00  0.127165E+02
  0.670036E+02  0.120053E+02  0.116755E+02  0.000000E+00  0.000000E+00  0.000000E+00  0.119544E+02
  0.692747E+02  0.112861E+02  0.109717E+02  0.000000E+00  0.000000E+00  0.000000E+00  0.112376E+02
  0.716227E+02  0.106096E+02  0.103097E+02  0.000000E+00  0.000000E+00  0.000000E+00  0.105634E+02
  0.740504E+02  0.997337E+01  0.968709E+01  0.000000E+00  0.000000E+00  0.000000E+00  0.992919E+01
  0.765604E+02  0.937491E+01  0.910142E+01  0.000000E+00  0.000000E+00  0.000000E+00  0.933270E+01
  0.791553E+02  0.881205E+01  0.855059E+01  0.000000E+00  0.000000E+00  0.000000E+00  0.877170E+01
  0.818384E+02  0.828267E+01  0.803250E+01  0.000000E+00  0.000000E+00  0.000000E+00  0.824406E+01
  0.846122E+02  0.778481E+01  0.754525E+01  0.000000E+00  0.000000E+00  0.000000E+00  0.774784E+01
  0.874802E+02  0.731659E+01  0.708700E+01  0.000000E+00  0.000000E+00  0.000000E+00  0.728116E+01
  0.904453E+02  0.687627E+01  0.665604E+01  0.000000E+00  0.000000E+00  0.000000E+00  0.684228E+01
  0.935109E+02  0.646220E+01  0.625076E+01  0.000000E+00  0.000000E+00  0.000000E+00  0.642956E+01
  0.966806E+02  0.607279E+01  0.586961E+01  0.000000E+00  0.000000E+00  0.000000E+00  0.604143E+01
  0.999576E+02  0.570663E+01  0.551121E+01  0.000000E+00  0.000000E+00  0.000000E+00  0.567647E+01
  0.103346E+03  0.536232E+01  0.517419E+01  0.000000E+00  0.000000E+00  0.000000E+00  0.533328E+01
  0.106849E+03  0.503855E+01  0.485726E+01  0.000000E+00  0.000000E+00  0.000000E+00  0.501057E+01
  0.110470E+03  0.473412E+01  0.455927E+01  0.000000E+00  0.000000E+00  0.000000E+00  0.470714E+01
  0.114215E+03  0.444789E+01  0.427908E+01  0.000000E+00  0.000000E+00  0.000000E+00  0.442184E+01
  0.118086E+03  0.417877E+01  0.401563E+01  0.000000E+00  0.000000E+00  0.000000E+00  0.415359E+01
  0.122089E+03  0.392572E+01  0.376792E+01  0.000000E+00  0.000000E+00  0.000000E+00  0.390137E+01
  0.126227E+03  0.368782E+01  0.353504E+01  0.000000E+00  0.000000E+00  0.000000E+00  0.366424E+01
  0.130505E+03  0.346416E+01  0.331609E+01  0.000000E+00  0.000000E+00  0.000000E+00  0.344131E+01
  0.134928E+03  0.325389E+01  0.311025E+01  0.000000E+00  0.000000E+00  0.000000E+00  0.323172E+01
  0.139502E+03  0.305620E+01  0.291673E+01  0.000000E+00  0.000000E+00  0.000000E+00  0.303467E+01
  0.144230E+03  0.287036E+01  0.273482E+01  0.000000E+00  0.000000E+00  0.000000E+00  0.284944E+01
  0.149119E+03  0.269566E+01  0.256382E+01  0.000000E+00  0.000000E+00  0.000000E+00  0.267532E+01
  0.154173E+03  0.253144E+01  0.240307E+01  0.000000E+00  0.000000E+00  0.000000E+00  0.251163E+01
  0.159399E+03  0.237706E+01  0.225198E+01  0.000000E+00  0.000000E+00  0.000000E+00  0.235776E+01
  0.164802E+03  0.223195E+01  0.210997E+01  0.000000E+00  0.000000E+00  0.000000E+00  0.221313E+01
  0.170388E+03  0.209556E+01  0.197650E+01  0.000000E+00  0.000000E+00  0.000000E+00  0.207718E+01
  0.176164E+03  0.196735E+01  0.185105E+01  0.000000E+00  0.000000E+00  0.000000E+00  0.194940E+01
  0.182135E+03  0.184685E+01  0.173317E+01  0.000000E+00  0.000000E+00  0.000000E+00  0.182930E+01
  0.188308E+03  0.173359E+01  0.162239E+01  0.000000E+00  0.000000E+00  0.000000E+00  0.171643E+01
  0.194691E+03  0.162715E+01  0.151831E+01  0.000000E+00  0.000000E+00  0.000000E+00  0.161035E+01
  0.201290E+03  0.152711E+01  0.142050E+01  0.000000E+00  0.000000E+00  0.000000E+00  0.151066E+01
